{"name": "likelihood_threshold", "predictions": {"test": [-2.61366605758667, -3.197516679763794, -3.153846263885498, -2.897266387939453, -1.5308269262313843, -3.6571483612060547, -2.340799570083618, -2.176539421081543, -2.918565511703491, -1.9042048454284668, -3.838850736618042, -2.8107810020446777, -2.11303448677063, -3.2388622760772705, -2.256312847137451, -3.1750786304473877, -2.3394739627838135, -1.9519016742706299, -2.6092841625213623, -3.121938467025757, -3.1174371242523193, -2.3205809593200684, -3.498706579208374, -2.4675533771514893, -3.2159793376922607, -2.577394485473633, -3.2133309841156006, -3.4951350688934326, -3.5433716773986816, -2.3080291748046875, -3.4751455783843994, -3.751758575439453, -3.2443273067474365, -2.8443033695220947, -3.315427303314209, -2.6269290447235107, -2.5815036296844482, -2.606586217880249, -3.6407597064971924, -1.8947749137878418, -2.1527698040008545, -2.2880828380584717, -3.9170782566070557, -1.680576205253601, -2.8042361736297607, -3.3619422912597656, -2.892620801925659, -2.8367342948913574, -2.2880680561065674, -2.582287073135376, -3.2359743118286133, -4.027877330780029, -2.075465440750122, -2.670038938522339, -2.366342544555664, -2.6749014854431152, -1.893556833267212, -3.7353129386901855, -2.552217960357666, -2.6092841625213623, -3.2210869789123535, -2.6140170097351074, -2.8038928508758545, -2.4606921672821045, -2.5297744274139404, -2.255605697631836, -2.7986769676208496, -3.0252768993377686, -3.176069498062134, -1.9024311304092407, -2.5604779720306396, -3.9117660522460938, -2.577880859375, -2.9842262268066406, -2.8020782470703125, -1.811880350112915, -2.897266387939453, -3.047609567642212, -2.911843776702881, -1.9390549659729004, -1.898343801498413, -1.8404045104980469, -3.688485860824585, -2.775808811187744, -2.2400002479553223, -1.8383467197418213, -0.8567579388618469, -2.833184242248535, -2.009434461593628, -2.670038938522339, -2.2793309688568115, -2.637336254119873, -1.9980071783065796, -3.116680383682251, -2.366342544555664, -2.248077630996704, -2.288503885269165, -2.3299615383148193, -2.2283918857574463, -3.052415609359741, -2.733218193054199, -4.006113529205322, -3.640765428543091, -2.427722692489624, -2.1553287506103516, -3.1495702266693115, -3.5933003425598145, -2.225447416305542, -3.0375590324401855, -3.7517731189727783, -2.588961124420166, -3.048764944076538, -2.2334768772125244, -2.4056031703948975, -3.3145384788513184, -1.9252097606658936, -2.423349618911743, -3.3457062244415283, -2.6269290447235107, -2.649806261062622]}, "acc_test": 0.5166666666666667, "precision_test": 0.5, "recall_test": 0.7931034482758621, "f1_test": 0.6133333333333334, "auc_test": 0.5432424916573971}
{"name": "rank_threshold", "predictions": {"test": [-84.9849624633789, -199.21212768554688, -114.35651397705078, -185.5705108642578, -9.655843734741211, -472.7404479980469, -9.953703880310059, -14.937931060791016, -40.215911865234375, -15.86805534362793, -251.2558135986328, -84.74603271484375, -12.34375, -224.0, -21.529850006103516, -123.78787994384766, -34.727272033691406, -27.43809700012207, -39.61428451538086, -255.21705627441406, -75.2800064086914, -43.47101593017578, -141.97024536132812, -29.97029685974121, -123.38636779785156, -18.91964340209961, -87.18103790283203, -292.76800537109375, -264.6842041015625, -19.350364685058594, -121.5182876586914, -433.05804443359375, -287.5443115234375, -25.397850036621094, -85.10400390625, -33.741668701171875, -188.77484130859375, -80.13934326171875, -401.06317138671875, -28.244443893432617, -14.380165100097656, -58.047245025634766, -307.56817626953125, -195.05796813964844, -198.53846740722656, -170.79562377929688, -72.04425048828125, -115.01526641845703, -112.5076904296875, -40.576473236083984, -224.4870147705078, -364.9545593261719, -13.26229476928711, -181.85897827148438, -34.39189147949219, -23.186567306518555, -5.7876105308532715, -225.0177001953125, -80.65496826171875, -39.61428451538086, -342.3395080566406, -38.1889762878418, -194.5983428955078, -173.5, -30.815383911132812, -273.6031799316406, -51.4972038269043, -185.15383911132812, -216.4347686767578, -50.10236358642578, -82.76744079589844, -357.6917419433594, -50.46938705444336, -140.28030395507812, -19.16778564453125, -16.50694465637207, -185.5705108642578, -113.51587677001953, -254.56715393066406, -27.84166717529297, -9.528735160827637, -7.3828125, -399.6060485839844, -53.41732406616211, -30.598358154296875, -7.552146911621094, -1.8780486583709717, -221.16542053222656, -9.086956024169922, -181.85897827148438, -9.449541091918945, -36.832000732421875, -17.757143020629883, -245.13636779785156, -34.39189147949219, -39.68382263183594, -18.934782028198242, -27.15853500366211, -60.990478515625, -111.6220474243164, -110.78530883789062, -362.0873107910156, -247.15789794921875, -45.79824447631836, -38.091739654541016, -146.80953979492188, -199.93130493164062, -54.029197692871094, -100.59701538085938, -488.2029113769531, -75.31428527832031, -226.20455932617188, -23.21678352355957, -26.905658721923828, -456.3235168457031, -9.838150024414062, -13.411214828491211, -251.33929443359375, -33.741668701171875, -14.453333854675293]}, "acc_test": 0.43333333333333335, "precision_test": 0.4375, "recall_test": 0.603448275862069, "f1_test": 0.5072463768115941, "auc_test": 0.4901279199110122}
{"name": "log_rank_threshold", "predictions": {"test": [-1.2264567613601685, -1.5892951488494873, -1.536097764968872, -1.4756497144699097, -0.5631880164146423, -2.0724198818206787, -1.00446355342865, -0.9592902064323425, -1.4478453397750854, -0.935314416885376, -2.138916015625, -1.2832516431808472, -0.8347820043563843, -1.7045592069625854, -1.0590403079986572, -1.6961669921875, -1.116573452949524, -0.8334762454032898, -1.3020613193511963, -1.6099802255630493, -1.6421173810958862, -1.0628529787063599, -1.9071075916290283, -1.208446741104126, -1.716562032699585, -1.2256847620010376, -1.650633454322815, -1.9643460512161255, -1.8623738288879395, -1.0880413055419922, -1.9004179239273071, -2.0420138835906982, -1.6950525045394897, -1.4058725833892822, -1.75788414478302, -1.2402219772338867, -1.2809017896652222, -1.2795372009277344, -2.0374255180358887, -0.9964624047279358, -0.9153605103492737, -0.9817687273025513, -2.222212791442871, -0.6490651965141296, -1.3044062852859497, -1.8548047542572021, -1.4712638854980469, -1.48248291015625, -0.9465489983558655, -1.2112455368041992, -1.694748878479004, -2.2510197162628174, -0.9736572504043579, -1.2471489906311035, -1.1633882522583008, -1.2661526203155518, -0.8249202370643616, -2.074476718902588, -1.2037944793701172, -1.3020613193511963, -1.7371867895126343, -1.2603745460510254, -1.4130436182022095, -1.1088321208953857, -1.2299338579177856, -0.9363034963607788, -1.4604252576828003, -1.511635184288025, -1.7244635820388794, -0.7574555277824402, -1.1983046531677246, -2.163592576980591, -1.2193340063095093, -1.3695498704910278, -1.397641658782959, -0.8023809790611267, -1.4756497144699097, -1.6189217567443848, -1.5175286531448364, -0.9184439778327942, -0.839891254901886, -0.7231109738349915, -2.0389559268951416, -1.356515645980835, -1.0513641834259033, -0.8114699721336365, -0.2529357075691223, -1.4030263423919678, -0.8540113568305969, -1.2471489906311035, -1.0185686349868774, -1.193672776222229, -0.9185261130332947, -1.5938348770141602, -1.1633882522583008, -0.9917107820510864, -1.0243620872497559, -1.104854702949524, -1.0388911962509155, -1.560400128364563, -1.3209537267684937, -2.269550323486328, -1.987441062927246, -1.161312460899353, -1.027629017829895, -1.6626641750335693, -1.8858826160430908, -0.9463222622871399, -1.4508116245269775, -2.1526265144348145, -1.2344306707382202, -1.5493967533111572, -1.0439741611480713, -1.1619389057159424, -1.7979295253753662, -0.8631766438484192, -1.1540048122406006, -1.883727788925171, -1.2402219772338867, -1.3430825471878052]}, "acc_test": 0.48333333333333334, "precision_test": 0.4782608695652174, "recall_test": 0.7586206896551724, "f1_test": 0.5866666666666667, "auc_test": 0.5454671857619576}
{"name": "entropy_threshold", "predictions": {"test": [3.251073122024536, 3.503852605819702, 3.3352749347686768, 3.5075583457946777, 2.5064194202423096, 3.920661687850952, 2.929871082305908, 3.0774993896484375, 3.302049160003662, 2.2245635986328125, 3.8674204349517822, 2.950892210006714, 2.9576926231384277, 3.6179163455963135, 2.8119406700134277, 3.3930485248565674, 2.9386420249938965, 2.663940906524658, 3.0481550693511963, 3.478846788406372, 3.296881675720215, 2.854351758956909, 3.835766077041626, 2.8108060359954834, 3.401794910430908, 2.7614662647247314, 3.674867630004883, 3.4901320934295654, 3.4184420108795166, 2.950632333755493, 3.783348798751831, 4.033178806304932, 3.706566333770752, 3.174743890762329, 3.387704849243164, 2.7710273265838623, 3.307826042175293, 3.3379809856414795, 4.14647912979126, 2.033032178878784, 3.031066656112671, 3.6305243968963623, 4.181530475616455, 2.822838544845581, 3.201392412185669, 3.3792941570281982, 3.084763526916504, 3.1361308097839355, 3.0985140800476074, 3.1081953048706055, 3.276228427886963, 4.0091776847839355, 2.745131492614746, 3.1561532020568848, 2.9454100131988525, 3.2645885944366455, 2.428100109100342, 3.8584156036376953, 3.005831480026245, 3.0481550693511963, 3.5386548042297363, 3.2759451866149902, 3.2041263580322266, 3.6283042430877686, 3.337344169616699, 3.120577335357666, 2.9347097873687744, 3.5756030082702637, 3.929048538208008, 2.9043467044830322, 3.5840630531311035, 3.8309168815612793, 3.0589466094970703, 3.397080659866333, 3.230602741241455, 2.4908175468444824, 3.5075583457946777, 3.208827018737793, 3.2927613258361816, 2.5844743251800537, 2.7671473026275635, 2.9603896141052246, 4.022505760192871, 3.5265495777130127, 2.895744800567627, 2.481563091278076, 1.5795029401779175, 3.2906734943389893, 2.9375672340393066, 3.1561532020568848, 3.263500690460205, 3.5118727684020996, 2.7353131771087646, 3.6161344051361084, 2.9454100131988525, 2.775855779647827, 3.0987257957458496, 3.0552048683166504, 2.6540002822875977, 2.9693410396575928, 3.010855197906494, 3.9352166652679443, 3.7018911838531494, 3.5089728832244873, 2.7962915897369385, 3.714425563812256, 3.7179129123687744, 3.142624855041504, 3.7794249057769775, 4.270869731903076, 3.263076066970825, 3.755952835083008, 2.9417173862457275, 2.949282646179199, 3.5855493545532227, 2.7866709232330322, 2.834228515625, 3.8586742877960205, 2.7710273265838623, 3.1153721809387207]}, "acc_test": 0.49166666666666664, "precision_test": 0.48314606741573035, "recall_test": 0.7413793103448276, "f1_test": 0.5850340136054422, "auc_test": 0.48401001112347053}
{"name": "rank_GLTR_threshold", "predictions": {"test": [[0.7894736842105263, 0.14285714285714285, 0.05263157894736842, 0.015037593984962405], [0.7424242424242424, 0.16666666666666666, 0.06060606060606061, 0.030303030303030304], [0.7478260869565218, 0.1565217391304348, 0.05217391304347826, 0.043478260869565216], [0.7756410256410257, 0.12179487179487179, 0.0641025641025641, 0.038461538461538464], [0.9285714285714286, 0.05194805194805195, 0.01948051948051948, 0.0], [0.6793893129770993, 0.1297709923664122, 0.12213740458015267, 0.06870229007633588], [0.8611111111111112, 0.12037037037037036, 0.018518518518518517, 0.0], [0.8482758620689655, 0.12413793103448276, 0.027586206896551724, 0.0], [0.7329545454545454, 0.19886363636363635, 0.0625, 0.005681818181818182], [0.8333333333333334, 0.1111111111111111, 0.05555555555555555, 0.0], [0.6511627906976745, 0.1937984496124031, 0.09302325581395349, 0.06201550387596899], [0.8201058201058201, 0.14285714285714285, 0.021164021164021163, 0.015873015873015872], [0.8671875, 0.109375, 0.0234375, 0.0], [0.7100591715976331, 0.1834319526627219, 0.07692307692307693, 0.029585798816568046], [0.8283582089552238, 0.15671641791044777, 0.007462686567164179, 0.007462686567164179], [0.7121212121212122, 0.1893939393939394, 0.08333333333333333, 0.015151515151515152], [0.8531468531468531, 0.1048951048951049, 0.03496503496503497, 0.006993006993006993], [0.8857142857142857, 0.08571428571428572, 0.01904761904761905, 0.009523809523809525], [0.8, 0.15714285714285714, 0.03571428571428571, 0.007142857142857143], [0.7364341085271318, 0.15503875968992248, 0.06976744186046512, 0.03875968992248062], [0.696, 0.208, 0.08, 0.016], [0.8768115942028986, 0.07246376811594203, 0.043478260869565216, 0.007246376811594203], [0.6726190476190477, 0.20238095238095238, 0.07738095238095238, 0.047619047619047616], [0.7920792079207921, 0.1485148514851485, 0.04950495049504951, 0.009900990099009901], [0.696969696969697, 0.19696969696969696, 0.09090909090909091, 0.015151515151515152], [0.7767857142857143, 0.17857142857142858, 0.044642857142857144, 0.0], [0.6896551724137931, 0.23275862068965517, 0.06896551724137931, 0.008620689655172414], [0.632, 0.216, 0.104, 0.048], [0.6766917293233082, 0.21804511278195488, 0.09774436090225563, 0.007518796992481203], [0.8613138686131386, 0.0948905109489051, 0.043795620437956206, 0.0], [0.6829268292682927, 0.18902439024390244, 0.09146341463414634, 0.036585365853658534], [0.6838709677419355, 0.18064516129032257, 0.0967741935483871, 0.03870967741935484], [0.7088607594936709, 0.16455696202531644, 0.08860759493670886, 0.0379746835443038], [0.7311827956989247, 0.21505376344086022, 0.053763440860215055, 0.0], [0.68, 0.224, 0.072, 0.024], [0.7833333333333333, 0.15, 0.06666666666666667, 0.0], [0.8013245033112583, 0.15894039735099338, 0.019867549668874173, 0.019867549668874173], [0.8032786885245902, 0.11475409836065574, 0.05737704918032787, 0.02459016393442623], [0.6789473684210526, 0.15789473684210525, 0.08421052631578947, 0.07894736842105263], [0.837037037037037, 0.0962962962962963, 0.06666666666666667, 0.0], [0.8677685950413223, 0.09917355371900827, 0.03305785123966942, 0.0], [0.8582677165354331, 0.07874015748031496, 0.05511811023622047, 0.007874015748031496], [0.6439393939393939, 0.14393939393939395, 0.14393939393939395, 0.06818181818181818], [0.9420289855072463, 0.043478260869565216, 0.007246376811594203, 0.007246376811594203], [0.7846153846153846, 0.19230769230769232, 0.015384615384615385, 0.007692307692307693], [0.6423357664233577, 0.21897810218978103, 0.0948905109489051, 0.043795620437956206], [0.7168141592920354, 0.19469026548672566, 0.07964601769911504, 0.008849557522123894], [0.7557251908396947, 0.16030534351145037, 0.04580152671755725, 0.03816793893129771], [0.8538461538461538, 0.1076923076923077, 0.03076923076923077, 0.007692307692307693], [0.8235294117647058, 0.10588235294117647, 0.07058823529411765, 0.0], [0.6948051948051948, 0.17532467532467533, 0.09740259740259741, 0.032467532467532464], [0.6212121212121212, 0.18181818181818182, 0.14393939393939395, 0.05303030303030303], [0.860655737704918, 0.09836065573770492, 0.040983606557377046, 0.0], [0.8205128205128205, 0.1282051282051282, 0.02564102564102564, 0.02564102564102564], [0.8175675675675675, 0.12837837837837837, 0.0472972972972973, 0.006756756756756757], [0.7761194029850746, 0.1865671641791045, 0.03731343283582089, 0.0], [0.8672566371681416, 0.12389380530973451, 0.008849557522123894, 0.0], [0.6548672566371682, 0.18584070796460178, 0.10619469026548672, 0.05309734513274336], [0.8128654970760234, 0.1286549707602339, 0.04678362573099415, 0.011695906432748537], [0.8, 0.15714285714285714, 0.03571428571428571, 0.007142857142857143], [0.7037037037037037, 0.17901234567901234, 0.08641975308641975, 0.030864197530864196], [0.8188976377952756, 0.13385826771653545, 0.031496062992125984, 0.015748031496062992], [0.7622950819672131, 0.1557377049180328, 0.05737704918032787, 0.02459016393442623], [0.8475609756097561, 0.09146341463414634, 0.036585365853658534, 0.024390243902439025], [0.8, 0.15384615384615385, 0.038461538461538464, 0.007692307692307693], [0.873015873015873, 0.1111111111111111, 0.007936507936507936, 0.007936507936507936], [0.7374301675977654, 0.18435754189944134, 0.061452513966480445, 0.01675977653631285], [0.7461538461538462, 0.13846153846153847, 0.09230769230769231, 0.023076923076923078], [0.7043478260869566, 0.14782608695652175, 0.10434782608695652, 0.043478260869565216], [0.905511811023622, 0.07874015748031496, 0.007874015748031496, 0.007874015748031496], [0.8062015503875969, 0.12403100775193798, 0.046511627906976744, 0.023255813953488372], [0.6616541353383458, 0.17293233082706766, 0.08270676691729323, 0.08270676691729323], [0.7891156462585034, 0.16326530612244897, 0.04081632653061224, 0.006802721088435374], [0.7575757575757576, 0.19696969696969696, 0.030303030303030304, 0.015151515151515152], [0.7449664429530202, 0.21476510067114093, 0.040268456375838924, 0.0], [0.8819444444444444, 0.08333333333333333, 0.034722222222222224, 0.0], [0.7756410256410257, 0.12179487179487179, 0.0641025641025641, 0.038461538461538464], [0.7222222222222222, 0.16666666666666666, 0.07936507936507936, 0.031746031746031744], [0.7686567164179104, 0.1044776119402985, 0.06716417910447761, 0.05970149253731343], [0.85, 0.10833333333333334, 0.03333333333333333, 0.008333333333333333], [0.9080459770114943, 0.07471264367816093, 0.017241379310344827, 0.0], [0.8984375, 0.0859375, 0.015625, 0.0], [0.6616161616161617, 0.16666666666666666, 0.1111111111111111, 0.06060606060606061], [0.7874015748031497, 0.14173228346456693, 0.05511811023622047, 0.015748031496062992], [0.8360655737704918, 0.11475409836065574, 0.040983606557377046, 0.00819672131147541], [0.8711656441717791, 0.1165644171779141, 0.012269938650306749, 0.0], [0.975609756097561, 0.024390243902439025, 0.0, 0.0], [0.7894736842105263, 0.12781954887218044, 0.06015037593984962, 0.022556390977443608], [0.8347826086956521, 0.14782608695652175, 0.017391304347826087, 0.0], [0.8205128205128205, 0.1282051282051282, 0.02564102564102564, 0.02564102564102564], [0.8715596330275229, 0.11009174311926606, 0.01834862385321101, 0.0], [0.84, 0.104, 0.048, 0.008], [0.8785714285714286, 0.08571428571428572, 0.03571428571428571, 0.0], [0.7662337662337663, 0.11038961038961038, 0.07142857142857142, 0.05194805194805195], [0.8175675675675675, 0.12837837837837837, 0.0472972972972973, 0.006756756756756757], [0.8897058823529411, 0.08088235294117647, 0.022058823529411766, 0.007352941176470588], [0.8260869565217391, 0.13768115942028986, 0.036231884057971016, 0.0], [0.8353658536585366, 0.12195121951219512, 0.036585365853658534, 0.006097560975609756], [0.8571428571428571, 0.10476190476190476, 0.02857142857142857, 0.009523809523809525], [0.7244094488188977, 0.16535433070866143, 0.06299212598425197, 0.047244094488188976], [0.7627118644067796, 0.1977401129943503, 0.022598870056497175, 0.01694915254237288], [0.6111111111111112, 0.2222222222222222, 0.09523809523809523, 0.07142857142857142], [0.6842105263157895, 0.17293233082706766, 0.08270676691729323, 0.06015037593984962], [0.8333333333333334, 0.12280701754385964, 0.03508771929824561, 0.008771929824561403], [0.8715596330275229, 0.08256880733944955, 0.03669724770642202, 0.009174311926605505], [0.7380952380952381, 0.11904761904761904, 0.11904761904761904, 0.023809523809523808], [0.6793893129770993, 0.1984732824427481, 0.08396946564885496, 0.03816793893129771], [0.8540145985401459, 0.13138686131386862, 0.0072992700729927005, 0.0072992700729927005], [0.7835820895522388, 0.13432835820895522, 0.06716417910447761, 0.014925373134328358], [0.6376811594202898, 0.1956521739130435, 0.10144927536231885, 0.06521739130434782], [0.7714285714285715, 0.19047619047619047, 0.02857142857142857, 0.009523809523809525], [0.7575757575757576, 0.11363636363636363, 0.09848484848484848, 0.030303030303030304], [0.8321678321678322, 0.11188811188811189, 0.055944055944055944, 0.0], [0.8301886792452831, 0.11949685534591195, 0.0440251572327044, 0.006289308176100629], [0.7058823529411765, 0.16176470588235295, 0.08823529411764706, 0.04411764705882353], [0.8901734104046243, 0.09248554913294797, 0.017341040462427744, 0.0], [0.794392523364486, 0.18691588785046728, 0.018691588785046728, 0.0], [0.6964285714285714, 0.125, 0.11607142857142858, 0.0625], [0.7833333333333333, 0.15, 0.06666666666666667, 0.0], [0.7466666666666667, 0.22666666666666666, 0.02666666666666667, 0.0]]}, "acc_test": 0.49166666666666664, "precision_test": 0.48314606741573035, "recall_test": 0.7413793103448276, "f1_test": 0.5850340136054422, "auc_test": 0.567714126807564}
{"name": "perturbation_10_z", "predictions": {"test": [0.13537254845305816, -1.0915158620488679, 0.4498482228514005, 0.9707602030960876, 1.5618093261594275, 0.2171817296504548, 1.0091258059883839, 1.661922971178275, 0.878201100020557, 0.5940144840519057, 0.003966581839969192, 0.03264587625822631, 1.4490547009085397, 0.48649912746007046, 0.9507607784683539, 0.12290809515496363, 0.09955099806132645, 0.6948374793090498, 0.2148848808445126, 0.19410590202269518, 1.2017009500064584, 1.1262082794782062, 0.3358641966244636, 0.5438545471491305, 0.5085889577160974, 1.218026126286422, 0.010675130411122122, 0.4105470636423499, -1.1722716638337427, 0.48206099544158015, 0.762812285193986, -0.7427197056601818, 1.0625267021176295, 0.4322618902196937, 0.1281453727587096, 0.14664527353905402, 0.5833569909762778, 0.5018292880351182, -0.1997093051640689, 1.1741413363870898, 0.7556441221243444, 0.7101639083319541, -0.12088062737263565, 1.703197089673731, 0.8203340028038653, -0.5143436067110588, 0.4380885023028285, 0.2480423629605724, 1.0498840307937263, -0.3089742215076178, 0.6842990980793802, 0.9305526487325045, 1.2405632186078175, 0.27539618966039997, 1.0195969415105053, 0.1719867395010824, 0.8192375839676667, -0.5490858737023173, 0.3308887311940755, 0.6315719121707368, 0.864059462737647, -0.8706644774466892, 0.531690530536463, 0.5236829662231408, 1.1472088231330502, 0.4911302206718893, 0.856361701866544, 0.04007075926810228, 0.6988315302693224, 0.7593162858109612, 0.6495112887890722, -0.5477257169495422, 1.2679540682951964, 1.4586833551203986, -0.1661275225373005, 1.10592969637799, 0.7865397471495035, -0.42435915179653644, 0.6206050457554255, 0.5229482771313954, 2.2012926250815568, 1.0635879212251718, -0.005314427627774668, 0.6638559448972625, 0.8818382769738367, 1.1772876705216515, 1.2257435537247767, 0.6919732368070788, 2.267203395092318, 0.5396149793671468, 1.858961563683203, 0.9726234272066762, 1.1107270691363795, 0.37937464415198874, 1.5977702851834674, 0.263967291221916, 1.1828605752883894, 1.897799012802407, 0.9770320906911772, -0.5422218992838888, 0.7422847847139245, -0.051433876320875316, 0.8983025441107172, 0.3246388926830033, 0.684694947050774, -0.12027527988062107, 0.4405521100651374, 1.0797135029659348, 0.6879458112873543, 0.09172831350928072, 0.3456193339934319, 0.29206945016184943, 1.261093144122425, 0.9741676983318235, -0.008583560245022786, 2.1083519179945616, 0.13290313676388185, 0.20401125946116583, -0.35184375498364784, 0.6265159292383793]}, "info": {"pct_words_masked": 0.3, "span_length": 2, "n_perturbations": 10}, "general": {"acc_test": 0.5666666666666667, "precision_test": 0.5384615384615384, "recall_test": 0.7241379310344828, "f1_test": 0.6176470588235294, "auc_test": 0.6045606229143493}}
{"name": "GPT-sentinel", "acc": 0.5}
{"name": "roberta-base-openai-detector", "predictions": {"test": [0.0002750986022874713, 0.010444317944347858, 0.5782248377799988, 0.011018112301826477, 0.9997990727424622, 0.0001827988598961383, 0.003030042629688978, 0.9956282377243042, 0.5790713429450989, 0.9234826564788818, 0.0001699041313258931, 0.9998237490653992, 0.9584071636199951, 0.00017100348486565053, 0.35117071866989136, 0.29870709776878357, 0.9991518259048462, 0.9971458315849304, 0.995831310749054, 0.0005659158923663199, 0.0019625104032456875, 0.004669751040637493, 0.0005689626559615135, 0.9939799308776855, 0.32296040654182434, 0.9953756332397461, 0.9895534515380859, 0.06807465851306915, 0.027798498049378395, 0.9996938705444336, 0.0005428289878182113, 0.3419494330883026, 0.9997579455375671, 0.370497465133667, 0.5414049625396729, 0.003354294691234827, 0.1262516975402832, 0.987817108631134, 0.0018851569620892406, 0.7952719330787659, 0.9998090863227844, 0.9998282194137573, 0.01914360374212265, 0.9998181462287903, 0.14455407857894897, 0.0002011679025599733, 0.0006076162680983543, 0.0005239702295511961, 0.9974144697189331, 0.6933903694152832, 0.002792440354824066, 0.000264487141976133, 0.000821827445179224, 0.8983742594718933, 0.9951223731040955, 0.9997121691703796, 0.9919831156730652, 0.00024446716997772455, 0.002122204750776291, 0.995831310749054, 0.00027264648815616965, 0.9994276165962219, 0.8176109194755554, 0.999825656414032, 0.9305611848831177, 0.9997702240943909, 0.00017532914353068918, 0.0066002304665744305, 0.9615199565887451, 0.9998248219490051, 0.9997908473014832, 0.0002481460978742689, 0.0040514529682695866, 0.36497023701667786, 0.9939889907836914, 0.9997896552085876, 0.011018112301826477, 0.00024906767066568136, 0.003107160096988082, 0.9998175501823425, 0.7774069309234619, 0.9998267292976379, 0.0006084443302825093, 0.20841489732265472, 0.9998030066490173, 0.9997895359992981, 0.9998270869255066, 0.02217501401901245, 0.9984331727027893, 0.8983742594718933, 0.999810516834259, 0.9951270818710327, 0.9996616840362549, 0.4266163408756256, 0.9951223731040955, 0.8958219289779663, 0.1889559030532837, 0.9995858073234558, 0.980420708656311, 0.0004467365506570786, 0.0315362885594368, 0.0001987401774385944, 0.00018436164828017354, 0.9998168349266052, 0.9934914708137512, 0.012578173540532589, 0.00017800276691559702, 0.9998257756233215, 0.0033079455606639385, 0.00017111064516939223, 0.9998248219490051, 0.002833981765434146, 0.1437467485666275, 0.999825656414032, 0.0005567579646594822, 0.4870850741863251, 0.9997963309288025, 0.860099732875824, 0.003354310290887952, 0.9574216604232788]}, "logits": {"test": [-4.441246032714844, -2.441894769668579, 0.10000106692314148, -2.414227247238159, 4.635009288787842, -4.657269477844238, -3.1334779262542725, 2.832716464996338, 0.10391336679458618, 1.2328894138336182, -4.707700252532959, 4.684406757354736, 1.5534014701843262, -4.706620216369629, -0.3972356617450714, -0.5063364505767822, 3.762913703918457, 3.062013864517212, 2.854227066040039, -4.035690784454346, -3.353675127029419, -2.8981666564941406, -4.030796051025391, 2.641969680786133, -0.44782310724258423, 2.7881712913513184, 2.3417677879333496, -1.4238696098327637, -1.9082040786743164, 4.353911876678467, -4.06099796295166, -0.3895891606807709, 4.4980669021606445, -0.3370552957057953, 0.018893444910645485, -3.057117462158203, -1.062187671661377, 2.2359085083007812, -3.3456883430480957, 0.6197178363800049, 4.636526584625244, 4.709439754486084, -2.1029982566833496, 4.682286739349365, -0.9756820201873779, -4.610270977020264, -4.001512050628662, -4.078213214874268, 3.1226632595062256, 0.34374865889549255, -3.1469898223876953, -4.463181972503662, -3.83558988571167, 1.0520354509353638, 2.7609806060791016, 4.389732837677002, 2.4739573001861572, -4.510232925415039, -3.3135838508605957, 2.854227066040039, -4.435698986053467, 3.9856386184692383, 0.705748975276947, 4.698061943054199, 1.275895595550537, 4.525841236114502, -4.692946434020996, -2.6952109336853027, 1.6071480512619019, 4.695959568023682, 4.580646514892578, -4.486034393310547, -2.968273401260376, -0.34245067834854126, 2.648961067199707, 4.576629161834717, -2.414227247238159, -4.507119655609131, -3.0910308361053467, 4.666256904602051, 0.5846924781799316, 4.704310894012451, -3.9834771156311035, -0.7587401866912842, 4.619585037231445, 4.583820343017578, 4.703902721405029, -2.033364772796631, 3.4009804725646973, 1.0520354509353638, 4.661077499389648, 2.7599856853485107, 4.297765254974365, -0.20820410549640656, 2.7609806060791016, 1.0253175497055054, -0.8262444138526917, 4.188817024230957, 1.9816701412200928, -4.151113986968994, -1.8459160327911377, -4.618386268615723, -4.660511016845703, 4.66111421585083, 2.5992140769958496, -2.342189311981201, -4.684072494506836, 4.695569038391113, -3.0603761672973633, -4.7049560546875, 4.692815780639648, -3.129297971725464, -0.9962642192840576, 4.694971084594727, -4.054511070251465, -0.09271638095378876, 4.600653648376465, 0.8670739531517029, -3.057114839553833, 1.559190273284912]}, "acc_test": 0.5416666666666666, "precision_test": 0.5245901639344263, "recall_test": 0.5517241379310345, "f1_test": 0.5378151260504203, "auc_test": 0.5361512791991101, "preds": [0.011018112301826477, 0.9997990727424622, 0.0001827988598961383, 0.003030042629688978, 0.9956282377243042, 0.5790713429450989, 0.9234826564788818, 0.9584071636199951, 0.29870709776878357, 0.9991518259048462, 0.9971458315849304, 0.0019625104032456875, 0.004669751040637493, 0.06807465851306915, 0.0005428289878182113, 0.5414049625396729, 0.1262516975402832, 0.0018851569620892406, 0.9998282194137573, 0.01914360374212265, 0.9998181462287903, 0.14455407857894897, 0.0005239702295511961, 0.002792440354824066, 0.000264487141976133, 0.8983742594718933, 0.9919831156730652, 0.9994276165962219, 0.8176109194755554, 0.999825656414032, 0.9997702240943909, 0.00017532914353068918, 0.9615199565887451, 0.9998248219490051, 0.9997908473014832, 0.011018112301826477, 0.003107160096988082, 0.7774069309234619, 0.9998267292976379, 0.20841489732265472, 0.9997895359992981, 0.9998270869255066, 0.02217501401901245, 0.9984331727027893, 0.999810516834259, 0.9951270818710327, 0.9951223731040955, 0.9995858073234558, 0.0004467365506570786, 0.0001987401774385944, 0.00018436164828017354, 0.9998168349266052, 0.9934914708137512, 0.002833981765434146, 0.0005567579646594822, 0.860099732875824, 0.003354310290887952, 0.9574216604232788]}
{"name": "Hello-SimpleAI/chatgpt-detector-roberta", "predictions": {"test": [0.9991809725761414, 0.7362337112426758, 0.9992257356643677, 0.8667418956756592, 0.9992326498031616, 0.008385535329580307, 0.9992245435714722, 0.999198853969574, 0.007985498756170273, 0.9991926550865173, 0.42930418252944946, 0.998924195766449, 0.9991457462310791, 0.9165669083595276, 0.9992178678512573, 0.9130503535270691, 0.9992408752441406, 0.999241828918457, 0.9992393255233765, 0.9085944294929504, 0.139565572142601, 0.9992425441741943, 0.08609407395124435, 0.9987320303916931, 0.3464677333831787, 0.9990179538726807, 0.9858527183532715, 0.02298450469970703, 0.041921116411685944, 0.9992467164993286, 0.05356617271900177, 0.0646480917930603, 0.9828680753707886, 0.9991762042045593, 0.0028985459357500076, 0.9981920123100281, 0.9990832805633545, 0.9982184767723083, 0.9405083060264587, 0.9954114556312561, 0.9992353916168213, 0.9992293119430542, 0.0029560921248048544, 0.9991633892059326, 0.9990242719650269, 0.020534707233309746, 0.029925892129540443, 0.9842655658721924, 0.9992432594299316, 0.9986553192138672, 0.998503565788269, 0.0009530839743092656, 0.9980529546737671, 0.9992280006408691, 0.3961053192615509, 0.9981464147567749, 0.9974756836891174, 0.03090173378586769, 0.9992334842681885, 0.9992393255233765, 0.009967549704015255, 0.3056666851043701, 0.7608941197395325, 0.9992305040359497, 0.9991998076438904, 0.9990092515945435, 0.8643118739128113, 0.0017002593958750367, 0.9989516735076904, 0.9992297887802124, 0.9589049816131592, 0.00033948165946640074, 0.9992344379425049, 0.8890114426612854, 0.9605771899223328, 0.9992374181747437, 0.8667418956756592, 0.007990163750946522, 0.0013392179971560836, 0.9945353269577026, 0.9992339611053467, 0.999241828918457, 0.009933083318173885, 0.9973147511482239, 0.9951643943786621, 0.9992376565933228, 0.9992450475692749, 0.9684441685676575, 0.9990136623382568, 0.9992280006408691, 0.9992357492446899, 0.06800107657909393, 0.9992417097091675, 0.8521198034286499, 0.3961053192615509, 0.9992425441741943, 0.9989897608757019, 0.9992319345474243, 0.9992270469665527, 0.13113318383693695, 0.29999977350234985, 0.0005104006850160658, 0.16662555932998657, 0.9992142915725708, 0.999146580696106, 0.9811497926712036, 0.000753588043153286, 0.9992198944091797, 0.9992228746414185, 0.23877686262130737, 0.9974384307861328, 0.952599048614502, 0.9992432594299316, 0.9992344379425049, 0.9943550825119019, 0.9992330074310303, 0.9992349147796631, 0.32132118940353394, 0.9981920123100281, 0.7440873980522156]}, "logits": {"test": [3.1095221042633057, 0.5660861134529114, 3.123039484024048, 0.9406646490097046, 3.1238677501678467, -2.3152873516082764, 3.1228301525115967, 3.1156327724456787, -2.336501121520996, 3.1135823726654053, -0.025954222306609154, 3.016136407852173, 3.0966084003448486, 1.1682549715042114, 3.121311902999878, 1.148603916168213, 3.1241235733032227, 3.124185562133789, 3.123974561691284, 1.124792456626892, -1.0092443227767944, 3.124345302581787, -1.2532377243041992, 2.954615354537964, -0.464108943939209, 3.0491178035736084, 1.9621704816818237, -1.8691368103027344, -1.5948318243026733, 3.124891757965088, -1.480483055114746, -1.3915166854858398, 1.8794727325439453, 3.107797861099243, -2.767385721206665, 2.816807746887207, 3.0731797218322754, 2.8226139545440674, 1.3258610963821411, 2.4384634494781494, 3.1239349842071533, 3.1235764026641846, -2.759213447570801, 3.1031301021575928, 3.051403760910034, -1.9198048114776611, -1.7495934963226318, 1.9162973165512085, 3.1244518756866455, 2.9322166442871094, 2.8909459114074707, -3.214402914047241, 2.787410020828247, 3.1234071254730225, -0.3688075840473175, 2.8069300651550293, 2.6833291053771973, -1.7349696159362793, 3.123906373977661, 3.123974561691284, -2.239919900894165, -0.5501095056533813, 0.6254771947860718, 3.1237056255340576, 3.115962266921997, 3.0459630489349365, 0.9317309856414795, -2.9857966899871826, 3.025587558746338, 3.1236393451690674, 1.493923306465149, -3.588322877883911, 3.1239192485809326, 1.0311461687088013, 1.5125079154968262, 3.123950958251953, 0.9406646490097046, -2.3362462520599365, -3.081223487854004, 2.365724563598633, 3.1239171028137207, 3.124328851699829, -2.241447925567627, 2.658324718475342, 2.416677236557007, 3.123927354812622, 3.1246936321258545, 1.6118088960647583, 3.0475523471832275, 3.1234071254730225, 3.1239235401153564, -1.367374300956726, 3.1242480278015137, 0.8879283666610718, -0.3688075840473175, 3.1243531703948975, 3.0389626026153564, 3.1238346099853516, 3.123270034790039, -0.7453076839447021, -0.5625011920928955, -3.4482622146606445, -0.9143490791320801, 3.1203854084014893, 3.0969204902648926, 1.8379801511764526, -3.30419921875, 3.121805191040039, 3.122486114501953, -0.7069216966629028, 2.677415609359741, 1.4295158386230469, 3.124418258666992, 3.1239285469055176, 2.352161169052124, 3.1238884925842285, 3.1239242553710938, -0.5166600346565247, 2.816807270050049, 0.5850433111190796]}, "acc_test": 0.49166666666666664, "precision_test": 0.4827586206896552, "recall_test": 0.7241379310344828, "f1_test": 0.5793103448275863, "auc_test": 0.478587319243604, "preds": [0.8667418956756592, 0.9992326498031616, 0.008385535329580307, 0.9992245435714722, 0.999198853969574, 0.007985498756170273, 0.9991926550865173, 0.9991457462310791, 0.9130503535270691, 0.9992408752441406, 0.999241828918457, 0.139565572142601, 0.9992425441741943, 0.02298450469970703, 0.05356617271900177, 0.0028985459357500076, 0.9990832805633545, 0.9405083060264587, 0.9992293119430542, 0.0029560921248048544, 0.9991633892059326, 0.9990242719650269, 0.9842655658721924, 0.998503565788269, 0.0009530839743092656, 0.9992280006408691, 0.9974756836891174, 0.3056666851043701, 0.7608941197395325, 0.9992305040359497, 0.9990092515945435, 0.8643118739128113, 0.9989516735076904, 0.9992297887802124, 0.9589049816131592, 0.8667418956756592, 0.0013392179971560836, 0.9992339611053467, 0.999241828918457, 0.9973147511482239, 0.9992376565933228, 0.9992450475692749, 0.9684441685676575, 0.9990136623382568, 0.9992357492446899, 0.06800107657909393, 0.3961053192615509, 0.9992319345474243, 0.13113318383693695, 0.0005104006850160658, 0.16662555932998657, 0.9992142915725708, 0.999146580696106, 0.952599048614502, 0.9943550825119019, 0.32132118940353394, 0.9981920123100281, 0.7440873980522156]}
