{"name": "likelihood_threshold", "predictions": {"test": [-3.0835392475128174, -3.546823024749756, -2.7543423175811768, -3.40397310256958, -3.0655016899108887, -2.7538702487945557, -3.2803008556365967, -2.78959321975708, -3.615949869155884, -3.017723321914673, -3.8322391510009766, -3.4261090755462646, -3.00547456741333, -3.4147229194641113, -3.610867500305176, -2.836360454559326, -2.6815364360809326, -3.0579440593719482, -3.463139057159424, -3.284127950668335, -3.91678786277771, -3.150362253189087, -4.247433662414551, -3.7922980785369873, -2.862123489379883, -3.143124580383301, -4.260087966918945, -3.0890955924987793, -2.851383924484253, -3.6090035438537598, -3.4054934978485107, -4.502969741821289, -3.797938346862793, -3.4384348392486572, -2.744776487350464, -3.1256484985351562, -2.77152943611145, -3.258265495300293, -3.243222713470459, -2.7279934883117676, -3.2380850315093994, -3.0180106163024902, -3.104724407196045, -2.5816469192504883, -2.877208709716797, -3.677682399749756, -2.9241089820861816, -2.423736810684204, -4.115608215332031, -3.3712148666381836, -3.720844030380249, -3.2378487586975098, -4.142273426055908, -3.5042426586151123, -3.0571975708007812, -4.04473352432251, -3.3383095264434814, -3.1748201847076416, -2.5303955078125, -3.3067665100097656, -3.331148386001587, -3.2035722732543945, -3.10131573677063, -2.6888883113861084, -3.417685031890869, -2.7959272861480713, -3.2504234313964844, -3.471332311630249, -3.5090596675872803, -3.279879570007324, -3.553955078125, -4.095673084259033, -3.1826822757720947, -4.082169532775879, -4.0704193115234375, -3.4044270515441895, -3.5803542137145996, -3.249077558517456, -3.1274898052215576, -3.266580104827881, -2.920684814453125, -2.9236226081848145, -3.9706499576568604, -3.2063636779785156, -3.3524255752563477, -3.3003556728363037, -3.963885545730591, -3.0767838954925537, -3.246567726135254, -3.604675769805908, -3.0775437355041504, -2.813234567642212, -3.460237503051758, -3.6022675037384033, -2.8082363605499268, -3.707284688949585, -3.317063331604004, -3.5684235095977783, -3.236172676086426, -3.362659215927124, -4.1784515380859375, -3.244065284729004, -2.9326694011688232, -3.755751848220825, -3.1809499263763428, -3.408278226852417, -3.017782211303711, -3.4227569103240967, -4.115074634552002, -3.0728695392608643, -3.4960551261901855, -3.4560012817382812, -3.4940974712371826, -3.3290045261383057, -3.12298583984375, -3.3233957290649414, -3.72566556930542, -3.099841356277466, -3.0873217582702637, -3.600800037384033]}, "acc_test": 0.6666666666666666, "precision_test": 0.6956521739130435, "recall_test": 0.5517241379310345, "f1_test": 0.6153846153846154, "auc_test": 0.728587319243604}
{"name": "rank_threshold", "predictions": {"test": [-128.6844940185547, -126.29251098632812, -239.2484130859375, -101.9464340209961, -81.03773498535156, -53.9134635925293, -188.9545440673828, -25.6875, -277.56134033203125, -64.01136779785156, -272.99383544921875, -102.58580017089844, -45.15068435668945, -168.1901397705078, -218.8170623779297, -40.16883087158203, -112.1069564819336, -55.476924896240234, -455.6376037597656, -208.67567443847656, -287.9441833496094, -57.216346740722656, -312.0457458496094, -446.1446533203125, -40.42856979370117, -126.49090576171875, -445.34423828125, -63.76923370361328, -107.79267883300781, -386.5988464355469, -129.05479431152344, -337.4691467285156, -268.9140930175781, -139.0454559326172, -29.81951141357422, -94.96470642089844, -56.11111068725586, -45.21428680419922, -157.0, -157.32386779785156, -89.87574005126953, -137.41314697265625, -115.0168685913086, -139.07272338867188, -202.1930694580078, -160.28248596191406, -94.53548431396484, -22.672412872314453, -169.77706909179688, -187.7663116455078, -681.527099609375, -219.30136108398438, -545.3707885742188, -341.8326110839844, -90.50694274902344, -425.0294189453125, -149.22830200195312, -100.55033874511719, -589.423095703125, -162.5875701904297, -192.05487060546875, -99.97835540771484, -136.9844970703125, -61.257423400878906, -213.52841186523438, -197.66046142578125, -90.6919174194336, -167.15789794921875, -342.13568115234375, -56.41899108886719, -425.2614440917969, -379.5737609863281, -235.3125, -241.49342346191406, -365.1600036621094, -154.2710723876953, -147.60406494140625, -151.30201721191406, -118.23333740234375, -161.49765014648438, -89.45934295654297, -54.471309661865234, -455.9161071777344, -126.58333587646484, -54.80864334106445, -263.1095275878906, -256.23443603515625, -63.46501922607422, -74.76499938964844, -401.20001220703125, -130.45794677734375, -44.52820587158203, -173.0994110107422, -106.70588684082031, -272.2388916015625, -164.661376953125, -251.40110778808594, -234.26126098632812, -169.356689453125, -263.7239990234375, -478.08966064453125, -70.84889221191406, -40.671173095703125, -403.31341552734375, -126.71369934082031, -157.0500030517578, -28.293785095214844, -303.8888854980469, -160.43016052246094, -66.68840789794922, -122.9464340209961, -240.84210205078125, -176.77586364746094, -227.49765014648438, -118.61673736572266, -112.66459655761719, -243.5426788330078, -147.91004943847656, -100.1948013305664, -270.2916564941406]}, "acc_test": 0.6166666666666667, "precision_test": 0.5882352941176471, "recall_test": 0.6896551724137931, "f1_test": 0.6349206349206349, "auc_test": 0.6721357063403782}
{"name": "log_rank_threshold", "predictions": {"test": [-1.660825490951538, -1.8943952322006226, -1.3890217542648315, -1.8498903512954712, -1.6022123098373413, -1.344565510749817, -1.7574281692504883, -1.3295246362686157, -2.070729970932007, -1.5149893760681152, -2.094250202178955, -1.944266676902771, -1.5104560852050781, -1.7774159908294678, -2.0338428020477295, -1.3903818130493164, -1.3937422037124634, -1.6077289581298828, -1.9564018249511719, -1.7322646379470825, -2.1761908531188965, -1.6603379249572754, -2.3329415321350098, -2.1343908309936523, -1.4015352725982666, -1.585797667503357, -2.4273831844329834, -1.5439050197601318, -1.4064280986785889, -1.8733296394348145, -1.7725410461425781, -2.6324222087860107, -2.083876371383667, -1.827990174293518, -1.339814305305481, -1.6404814720153809, -1.357842206954956, -1.6414133310317993, -1.6826173067092896, -1.400146484375, -1.6887171268463135, -1.603795051574707, -1.5610393285751343, -1.2789145708084106, -1.472507119178772, -1.9627268314361572, -1.4155938625335693, -1.1159627437591553, -2.2695960998535156, -1.8258317708969116, -2.089998960494995, -1.749831199645996, -2.437145709991455, -1.8975750207901, -1.5572158098220825, -2.3158726692199707, -1.8106454610824585, -1.665698528289795, -1.4992146492004395, -1.7712547779083252, -1.7591092586517334, -1.6807528734207153, -1.6880539655685425, -1.35028076171875, -1.8851592540740967, -1.4338557720184326, -1.7700552940368652, -1.8051345348358154, -1.9037953615188599, -1.686601996421814, -1.9482250213623047, -2.3834822177886963, -1.7360754013061523, -2.2725424766540527, -2.3372676372528076, -1.8414860963821411, -1.9375662803649902, -1.6818459033966064, -1.6467838287353516, -1.7618743181228638, -1.5038167238235474, -1.4694926738739014, -2.2535808086395264, -1.7577710151672363, -1.754647970199585, -1.7950636148452759, -2.1964046955108643, -1.604822039604187, -1.7676705121994019, -2.0360162258148193, -1.6364881992340088, -1.4215401411056519, -1.8737186193466187, -1.8863469362258911, -1.4017705917358398, -2.0047361850738525, -1.7337061166763306, -1.987246036529541, -1.7340331077575684, -1.727899432182312, -2.3835673332214355, -1.6532435417175293, -1.489912748336792, -2.0675599575042725, -1.6438007354736328, -1.830649733543396, -1.4972513914108276, -1.8367359638214111, -2.2886440753936768, -1.4117146730422974, -1.8606796264648438, -1.8801332712173462, -2.000842571258545, -1.8093308210372925, -1.6414824724197388, -1.7986598014831543, -2.027073383331299, -1.650179386138916, -1.5752251148223877, -1.994701862335205]}, "acc_test": 0.6666666666666666, "precision_test": 0.6956521739130435, "recall_test": 0.5517241379310345, "f1_test": 0.6153846153846154, "auc_test": 0.7166295884315906}
{"name": "entropy_threshold", "predictions": {"test": [3.2502710819244385, 3.7915985584259033, 3.028218984603882, 3.799285411834717, 3.3699862957000732, 3.314732074737549, 3.47584867477417, 3.4014930725097656, 3.5889344215393066, 3.4464709758758545, 4.024901866912842, 3.7271888256073, 3.6133944988250732, 3.67704176902771, 3.930830717086792, 3.383608341217041, 3.138338804244995, 3.3615658283233643, 3.6818368434906006, 3.405904531478882, 4.242661476135254, 3.5032131671905518, 4.392469882965088, 3.8323585987091064, 3.218069076538086, 3.421308994293213, 4.307387828826904, 3.75950026512146, 3.30265212059021, 3.9914040565490723, 3.7627737522125244, 4.563106536865234, 3.8075103759765625, 3.4769880771636963, 3.266775369644165, 3.3182661533355713, 3.3698437213897705, 3.4078285694122314, 3.621148109436035, 3.3206851482391357, 3.5126945972442627, 3.5410921573638916, 3.2742972373962402, 3.0578198432922363, 3.208306074142456, 3.8167924880981445, 3.3537216186523438, 3.1611380577087402, 4.530587673187256, 3.4474222660064697, 3.9730265140533447, 3.6212971210479736, 4.524822235107422, 3.790464401245117, 3.3156983852386475, 4.041426658630371, 3.59651255607605, 3.293154239654541, 2.5864062309265137, 3.5907037258148193, 3.700350761413574, 3.4162824153900146, 3.279961347579956, 2.716343641281128, 4.0554585456848145, 3.2077579498291016, 3.57674241065979, 3.4736435413360596, 3.5904338359832764, 3.6695263385772705, 3.6215758323669434, 4.197544574737549, 3.4145572185516357, 4.057856559753418, 4.200369834899902, 3.3409717082977295, 3.6328511238098145, 3.4479165077209473, 3.584766387939453, 3.437238931655884, 3.2639658451080322, 3.403770923614502, 4.1034440994262695, 3.4066965579986572, 3.4852309226989746, 3.4454822540283203, 4.026498317718506, 3.376230239868164, 3.339855194091797, 3.8219947814941406, 3.226762056350708, 3.28410005569458, 3.7748866081237793, 3.9194822311401367, 3.3989272117614746, 3.6751010417938232, 3.3772542476654053, 3.7967002391815186, 3.461763381958008, 3.545130729675293, 4.373363971710205, 3.6082146167755127, 3.6635947227478027, 4.065950870513916, 3.403449058532715, 3.619934558868408, 3.4190211296081543, 3.3327584266662598, 3.999070405960083, 3.457085132598877, 3.645556926727295, 3.9690608978271484, 3.432110548019409, 3.447226047515869, 3.7927968502044678, 3.7112629413604736, 3.691171169281006, 3.449545383453369, 3.4521751403808594, 3.8363828659057617]}, "acc_test": 0.5333333333333333, "precision_test": 0.5166666666666667, "recall_test": 0.5344827586206896, "f1_test": 0.5254237288135593, "auc_test": 0.631813125695217}
{"name": "rank_GLTR_threshold", "predictions": {"test": [[0.7058823529411765, 0.17647058823529413, 0.09090909090909091, 0.026737967914438502], [0.6666666666666666, 0.23129251700680273, 0.061224489795918366, 0.04081632653061224], [0.7770700636942676, 0.15286624203821655, 0.05732484076433121, 0.012738853503184714], [0.6785714285714286, 0.21428571428571427, 0.07589285714285714, 0.03125], [0.7216981132075472, 0.1650943396226415, 0.08490566037735849, 0.02830188679245283], [0.7788461538461539, 0.14423076923076922, 0.0625, 0.014423076923076924], [0.7159090909090909, 0.16477272727272727, 0.08522727272727272, 0.03409090909090909], [0.7625, 0.16875, 0.06875, 0.0], [0.6617100371747212, 0.15613382899628253, 0.11152416356877323, 0.07063197026022305], [0.7386363636363636, 0.17613636363636365, 0.0625, 0.022727272727272728], [0.654320987654321, 0.19135802469135801, 0.09876543209876543, 0.05555555555555555], [0.650887573964497, 0.17751479289940827, 0.14792899408284024, 0.023668639053254437], [0.7077625570776256, 0.2054794520547945, 0.0776255707762557, 0.0091324200913242], [0.6901408450704225, 0.20422535211267606, 0.08450704225352113, 0.02112676056338028], [0.676829268292683, 0.12804878048780488, 0.1402439024390244, 0.054878048780487805], [0.7792207792207793, 0.1645021645021645, 0.047619047619047616, 0.008658008658008658], [0.7486631016042781, 0.18181818181818182, 0.0427807486631016, 0.026737967914438502], [0.7076923076923077, 0.18461538461538463, 0.09230769230769231, 0.015384615384615385], [0.6880733944954128, 0.1651376146788991, 0.0963302752293578, 0.05045871559633028], [0.75, 0.13513513513513514, 0.08783783783783784, 0.02702702702702703], [0.6232558139534884, 0.22325581395348837, 0.12093023255813953, 0.03255813953488372], [0.7019230769230769, 0.1778846153846154, 0.11538461538461539, 0.004807692307692308], [0.6209150326797386, 0.16993464052287582, 0.1503267973856209, 0.058823529411764705], [0.6226415094339622, 0.2138364779874214, 0.11320754716981132, 0.050314465408805034], [0.75, 0.20714285714285716, 0.02857142857142857, 0.014285714285714285], [0.7515151515151515, 0.13333333333333333, 0.07878787878787878, 0.03636363636363636], [0.5956284153005464, 0.18579234972677597, 0.12568306010928962, 0.09289617486338798], [0.7487179487179487, 0.16923076923076924, 0.06153846153846154, 0.020512820512820513], [0.7560975609756098, 0.15853658536585366, 0.06707317073170732, 0.018292682926829267], [0.686046511627907, 0.18604651162790697, 0.0755813953488372, 0.05232558139534884], [0.7031963470319634, 0.1735159817351598, 0.1095890410958904, 0.0136986301369863], [0.5185185185185185, 0.25925925925925924, 0.14814814814814814, 0.07407407407407407], [0.6257668711656442, 0.2147239263803681, 0.10429447852760736, 0.05521472392638037], [0.6931818181818182, 0.1875, 0.08522727272727272, 0.03409090909090909], [0.7560975609756098, 0.18048780487804877, 0.05853658536585366, 0.004878048780487805], [0.7352941176470589, 0.18823529411764706, 0.058823529411764705, 0.01764705882352941], [0.7822222222222223, 0.14666666666666667, 0.05333333333333334, 0.017777777777777778], [0.6928571428571428, 0.21428571428571427, 0.08571428571428572, 0.007142857142857143], [0.7046413502109705, 0.19831223628691982, 0.06329113924050633, 0.03375527426160337], [0.7613636363636364, 0.14204545454545456, 0.07954545454545454, 0.017045454545454544], [0.7337278106508875, 0.15976331360946747, 0.08284023668639054, 0.023668639053254437], [0.7230046948356808, 0.1643192488262911, 0.07981220657276995, 0.03286384976525822], [0.7468354430379747, 0.14767932489451477, 0.08438818565400844, 0.02109704641350211], [0.7909090909090909, 0.1409090909090909, 0.03636363636363636, 0.031818181818181815], [0.7623762376237624, 0.13366336633663367, 0.08415841584158416, 0.019801980198019802], [0.6497175141242938, 0.21468926553672316, 0.1016949152542373, 0.03389830508474576], [0.7935483870967742, 0.14838709677419354, 0.03870967741935484, 0.01935483870967742], [0.8060344827586207, 0.14224137931034483, 0.04741379310344827, 0.004310344827586207], [0.5732484076433121, 0.24203821656050956, 0.1464968152866242, 0.03821656050955414], [0.6413043478260869, 0.2391304347826087, 0.09239130434782608, 0.02717391304347826], [0.6650246305418719, 0.1625615763546798, 0.11330049261083744, 0.059113300492610835], [0.726027397260274, 0.1278538812785388, 0.0958904109589041, 0.0502283105022831], [0.5955056179775281, 0.19662921348314608, 0.10674157303370786, 0.10112359550561797], [0.6781115879828327, 0.21030042918454936, 0.06866952789699571, 0.04291845493562232], [0.7569444444444444, 0.1388888888888889, 0.09027777777777778, 0.013888888888888888], [0.6176470588235294, 0.18235294117647058, 0.11764705882352941, 0.08235294117647059], [0.7077625570776256, 0.1598173515981735, 0.1050228310502283, 0.0273972602739726], [0.7114093959731543, 0.1610738255033557, 0.11409395973154363, 0.013422818791946308], [0.7637362637362637, 0.09340659340659341, 0.06593406593406594, 0.07692307692307693], [0.711864406779661, 0.14689265536723164, 0.1016949152542373, 0.03954802259887006], [0.6646341463414634, 0.25, 0.06097560975609756, 0.024390243902439025], [0.7142857142857143, 0.2077922077922078, 0.06493506493506493, 0.012987012987012988], [0.7093023255813954, 0.17054263565891473, 0.07364341085271318, 0.046511627906976744], [0.7722772277227723, 0.17326732673267325, 0.039603960396039604, 0.01485148514851485], [0.6363636363636364, 0.22727272727272727, 0.08522727272727272, 0.05113636363636364], [0.7488372093023256, 0.17674418604651163, 0.06511627906976744, 0.009302325581395349], [0.6868686868686869, 0.19696969696969696, 0.09090909090909091, 0.025252525252525252], [0.695906432748538, 0.1695906432748538, 0.0935672514619883, 0.04093567251461988], [0.678391959798995, 0.19095477386934673, 0.07035175879396985, 0.06030150753768844], [0.7094972067039106, 0.17318435754189945, 0.10614525139664804, 0.0111731843575419], [0.6763485477178424, 0.17012448132780084, 0.1078838174273859, 0.04564315352697095], [0.5956284153005464, 0.20218579234972678, 0.12568306010928962, 0.07650273224043716], [0.71875, 0.13020833333333334, 0.109375, 0.041666666666666664], [0.5921052631578947, 0.21052631578947367, 0.13815789473684212, 0.05921052631578947], [0.5657142857142857, 0.26857142857142857, 0.12, 0.045714285714285714], [0.6807228915662651, 0.18674698795180722, 0.10240963855421686, 0.030120481927710843], [0.6345177664974619, 0.26903553299492383, 0.07614213197969544, 0.02030456852791878], [0.738255033557047, 0.1476510067114094, 0.09395973154362416, 0.020134228187919462], [0.7125, 0.175, 0.1, 0.0125], [0.6901408450704225, 0.16901408450704225, 0.09389671361502347, 0.046948356807511735], [0.7804878048780488, 0.13414634146341464, 0.052845528455284556, 0.032520325203252036], [0.7540983606557377, 0.15163934426229508, 0.0778688524590164, 0.01639344262295082], [0.6258064516129033, 0.2, 0.07096774193548387, 0.1032258064516129], [0.6862745098039216, 0.19117647058823528, 0.09803921568627451, 0.024509803921568627], [0.654320987654321, 0.2654320987654321, 0.07407407407407407, 0.006172839506172839], [0.7047619047619048, 0.1761904761904762, 0.08571428571428572, 0.03333333333333333], [0.6076555023923444, 0.20574162679425836, 0.13875598086124402, 0.04784688995215311], [0.7160493827160493, 0.18518518518518517, 0.09053497942386832, 0.00823045267489712], [0.67, 0.25, 0.065, 0.015], [0.6333333333333333, 0.21428571428571427, 0.09047619047619047, 0.06190476190476191], [0.7242990654205608, 0.16822429906542055, 0.08411214953271028, 0.02336448598130841], [0.7435897435897436, 0.19487179487179487, 0.05641025641025641, 0.005128205128205128], [0.6842105263157895, 0.17543859649122806, 0.10526315789473684, 0.03508771929824561], [0.6535947712418301, 0.23529411764705882, 0.08496732026143791, 0.026143790849673203], [0.7555555555555555, 0.14444444444444443, 0.09444444444444444, 0.005555555555555556], [0.6613756613756614, 0.1693121693121693, 0.14285714285714285, 0.026455026455026454], [0.7252747252747253, 0.14285714285714285, 0.0989010989010989, 0.03296703296703297], [0.6351351351351351, 0.22072072072072071, 0.11711711711711711, 0.02702702702702703], [0.7261146496815286, 0.1337579617834395, 0.10828025477707007, 0.03184713375796178], [0.7330316742081447, 0.13122171945701358, 0.09954751131221719, 0.03619909502262444], [0.6275862068965518, 0.15172413793103448, 0.15172413793103448, 0.06896551724137931], [0.7155555555555555, 0.18222222222222223, 0.08444444444444445, 0.017777777777777778], [0.7657657657657657, 0.16216216216216217, 0.06306306306306306, 0.009009009009009009], [0.6517412935323383, 0.1791044776119403, 0.10945273631840796, 0.05970149253731343], [0.7053941908713693, 0.1991701244813278, 0.06639004149377593, 0.029045643153526972], [0.6875, 0.1875, 0.09375, 0.03125], [0.751412429378531, 0.1864406779661017, 0.062146892655367235, 0.0], [0.7, 0.18333333333333332, 0.05, 0.06666666666666667], [0.5642458100558659, 0.2737430167597765, 0.11173184357541899, 0.05027932960893855], [0.782608695652174, 0.13043478260869565, 0.07971014492753623, 0.007246376811594203], [0.6964285714285714, 0.17261904761904762, 0.10119047619047619, 0.02976190476190476], [0.6794258373205742, 0.18660287081339713, 0.0861244019138756, 0.04784688995215311], [0.6781609195402298, 0.13793103448275862, 0.12643678160919541, 0.05747126436781609], [0.676056338028169, 0.2112676056338028, 0.0892018779342723, 0.023474178403755867], [0.73568281938326, 0.1277533039647577, 0.11013215859030837, 0.02643171806167401], [0.7080745341614907, 0.15527950310559005, 0.11180124223602485, 0.024844720496894408], [0.676829268292683, 0.18902439024390244, 0.07926829268292683, 0.054878048780487805], [0.7354497354497355, 0.14285714285714285, 0.08994708994708994, 0.031746031746031744], [0.7272727272727273, 0.18181818181818182, 0.06493506493506493, 0.025974025974025976], [0.6481481481481481, 0.22685185185185186, 0.07407407407407407, 0.05092592592592592]]}, "acc_test": 0.6, "precision_test": 0.6136363636363636, "recall_test": 0.46551724137931033, "f1_test": 0.5294117647058822, "auc_test": 0.6732480533926585}
{"name": "perturbation_10_z", "predictions": {"test": [0.9438863947044721, 0.04261078630992064, 0.29705324819566814, 0.5190607499312758, 0.33160606254795494, 1.7830422982704586, -0.19765921001912856, -0.06382630243328877, -0.023750767510296165, 0.4119460494639069, -0.40854620924883994, -0.02292608660663934, 0.7773514157650426, -0.17336455019646663, 0.33604598744318254, 1.0543248905265237, 0.12205662780635806, 0.7414211883459644, 0.30564708963602166, 0.02552183538668895, -0.20683698821055418, 0.38496815827565267, -0.8743308527619864, -0.1911145236026979, 0.9174680790961259, 0.5191294446559295, -0.49247198474057546, 1.1133008502236588, 2.4411477985828873, -1.0324034060232228, 0.577508800263295, -0.21115168613230215, -0.23105213705297056, 0.09674777918926901, 0.7754310730192256, 0.6918575858054214, 1.5195732039410623, 0.15522346278816604, 0.30867673997642037, 0.7010773359984191, 0.2806344495656767, 0.1579623718743355, 0.6305197974016983, 0.9208003290187364, 1.830837649236268, -0.8250961842696533, 0.6601598847444629, 1.8700323722149568, -0.16945366280474794, -0.2219184410562597, -0.663944005829201, 0.2700020052316126, -0.3365176064991673, 0.48342198664571334, 0.10826804541229584, -0.38439011093533604, 0.2706739335118587, 0.5211185428159779, -0.6457658300346116, 0.1503850613123087, 0.9082056758943661, 0.7334592543646881, 0.5899398614024272, 0.5928175178621417, 0.08568592218156325, 0.6890339450203171, -0.7266918196924222, -0.2507021258114897, -1.5135436343463948, 0.015846500027584164, 1.2220331838541492, -0.22196078300054373, 0.8403432323194688, -0.3981825372635268, 0.6681239863751324, -0.14545244967221835, -0.6999169195891436, 0.2739574416256831, 0.6496459857712873, 0.7221012680801632, 0.5432929121510878, 1.0260672613111756, -0.5054354361372293, 0.5419631626977579, -0.783668226264228, 0.9655581410010257, -0.460162459893289, 0.13801793188842593, 0.06585668061514108, 0.12514656219901515, 0.9174140831338298, 0.536344713599718, -0.16893025855455376, -0.2975333130717444, 1.2031128561407545, 0.21917114504752983, 0.11880697621935171, 0.2152319903386291, 0.1963512602558607, -0.2814442027629803, -0.4388055939406025, -0.20676115638934833, 0.30327443020074585, -1.0790512539068384, 0.11862754120043753, 0.17358211650635338, 0.3731043144238892, 0.4876489399535439, -0.36850406289893994, -0.1265745220476032, -0.46105712692534667, 1.6432398256704848, 0.2771050075591127, -0.3701673427125044, 0.873083631081022, -0.60180236325623, -0.0668859292954382, 1.3875382005569046, -0.1345896510484217, 0.45109692277529234]}, "info": {"pct_words_masked": 0.3, "span_length": 2, "n_perturbations": 10}, "general": {"acc_test": 0.675, "precision_test": 0.7021276595744681, "recall_test": 0.5689655172413793, "f1_test": 0.6285714285714287, "auc_test": 0.699666295884316}}
{"name": "GPT-sentinel", "acc": 0.7083333333333334}
{"name": "roberta-base-openai-detector", "predictions": {"test": [0.014850117266178131, 0.9993785619735718, 0.0004987407010048628, 0.0008305779192596674, 0.0006880208966322243, 0.07753358781337738, 0.00024940891307778656, 0.0038683360908180475, 0.00017324950022157282, 0.00017814674356486648, 0.008946635760366917, 0.17855192720890045, 0.0002199332375312224, 0.0001969655422726646, 0.0002950234629679471, 0.005136588588356972, 0.6069170832633972, 0.00018846202874556184, 0.00017624431347940117, 0.0005273090209811926, 0.00017560036212671548, 0.00019054698350373656, 0.00028029916575178504, 0.0007167807198129594, 0.968626081943512, 0.17016372084617615, 0.0002931432973127812, 0.028500836342573166, 0.0007248094771057367, 0.0003637908084783703, 0.00041468022391200066, 0.00022599373187404126, 0.007049310952425003, 0.00020773547294083983, 0.0002753418521024287, 0.00018256128532812, 0.9971117973327637, 0.0026266600470989943, 0.00017602599109522998, 0.11015339195728302, 0.04508712515234947, 0.0001947917917277664, 0.0004747687198687345, 0.0015888112829998136, 0.00020688689255621284, 0.006242163944989443, 0.00853105541318655, 0.9997637867927551, 0.002072931732982397, 0.00027553830295801163, 0.00023638496350031346, 0.0002133380330633372, 0.00016897596651688218, 0.0040292940102517605, 0.10792934149503708, 0.0002161461306968704, 0.00018732582975644618, 0.00033660506596788764, 0.998920202255249, 0.0014498030068352818, 0.0009023302118293941, 0.0003605920937843621, 0.0001702289591776207, 0.00019395261188037694, 0.00017052836483344436, 0.00018009907216764987, 0.00020159996347501874, 0.00021586561342701316, 0.0002748752594925463, 0.0002999459102284163, 0.0002668561937753111, 0.00018620482296682894, 0.00016931368736550212, 0.0008378353086300194, 0.00025559496134519577, 0.00018829712644219398, 0.00023733481066301465, 0.00024090023362077773, 0.001161225256510079, 0.00017099877004511654, 0.00022854676353745162, 0.0002515496453270316, 0.001753547228872776, 0.00019417428120505065, 0.0005498495884239674, 0.0002418859367026016, 0.10499418526887894, 0.00019094256276730448, 0.00025290113990195096, 0.22498732805252075, 0.0015500040026381612, 0.4590931832790375, 0.02964380569756031, 0.00017378656775690615, 0.00021367006411310285, 0.000195425032870844, 0.0001767855865182355, 0.00024348135048057884, 0.0005339074996300042, 0.0003057622816413641, 0.00018547847867012024, 0.0007675202796235681, 0.007698032073676586, 0.00020465164561755955, 0.00020102351845707744, 0.000349860085407272, 0.00017076592484954745, 0.00018139768508262932, 0.032806623727083206, 0.01184985414147377, 0.002838969463482499, 0.00020698001026175916, 0.0002388040884397924, 0.0003368573961779475, 0.0001957200438482687, 0.00017885681882034987, 0.00017217856657225639, 0.0002757705806288868, 0.00029573007486760616, 0.0002238231827504933]}, "logits": {"test": [-2.25419282913208, 3.95293927192688, -4.108574390411377, -3.812232732772827, -3.9191298484802246, -1.3304883241653442, -4.494357109069824, -2.983422040939331, -4.690854549407959, -4.683346271514893, -2.5046048164367676, -0.8523696660995483, -4.558795928955078, -4.625263690948486, -4.38696813583374, -2.8081605434417725, 0.17199364304542542, -4.6551289558410645, -4.690273284912109, -4.057936191558838, -4.689304828643799, -4.639242172241211, -4.421961784362793, -3.8886241912841797, 1.7383207082748413, -0.8630501627922058, -4.386211395263672, -1.9073469638824463, -3.9004950523376465, -4.2669677734375, -4.202329635620117, -4.545456886291504, -2.6390626430511475, -4.592843055725098, -4.441347122192383, -4.670619010925293, 3.1039013862609863, -3.1740496158599854, -4.674914360046387, -1.1376153230667114, -1.6568278074264526, -4.626665115356445, -4.125606536865234, -3.4588255882263184, -4.595012664794922, -2.6793994903564453, -2.534531831741333, 4.513394355773926, -3.309006452560425, -4.4337382316589355, -4.512174606323242, -4.578481674194336, -4.71262788772583, -2.9508042335510254, -1.1381086111068726, -4.569925308227539, -4.645694732666016, -4.321429252624512, 3.6230309009552, -3.512631416320801, -3.7659082412719727, -4.279653072357178, -4.703830242156982, -4.634644031524658, -4.704652786254883, -4.678671360015869, -4.610097885131836, -4.573200702667236, -4.432584762573242, -4.367002964019775, -4.450206279754639, -4.6553120613098145, -4.708128929138184, -3.8140947818756104, -4.478846073150635, -4.648238182067871, -4.522076606750488, -4.510347843170166, -3.6188437938690186, -4.708545207977295, -4.539806842803955, -4.488131999969482, -3.3773486614227295, -4.632781505584717, -4.048521041870117, -4.51158332824707, -1.1443817615509033, -4.642545700073242, -4.487522125244141, -0.6996515393257141, -3.4477784633636475, -0.14863988757133484, -1.8625893592834473, -4.6926960945129395, -4.585570335388184, -4.61707067489624, -4.683246612548828, -4.501325607299805, -4.062135219573975, -4.374911308288574, -4.653210163116455, -3.8641085624694824, -2.6174662113189697, -4.602811336517334, -4.611599922180176, -4.29054069519043, -4.705142498016357, -4.670258045196533, -1.8018198013305664, -2.3733348846435547, -3.145047903060913, -4.597224235534668, -4.5164642333984375, -4.316952705383301, -4.628614902496338, -4.678631782531738, -4.703658103942871, -4.434261322021484, -4.395064830780029, -4.553558826446533]}, "acc_test": 0.5166666666666667, "precision_test": 0.5, "recall_test": 0.05172413793103448, "f1_test": 0.09375, "auc_test": 0.4424360400444939, "preds": [0.0008305779192596674, 0.0006880208966322243, 0.07753358781337738, 0.00024940891307778656, 0.0038683360908180475, 0.00017324950022157282, 0.00017814674356486648, 0.0002199332375312224, 0.005136588588356972, 0.6069170832633972, 0.00018846202874556184, 0.00017560036212671548, 0.00019054698350373656, 0.028500836342573166, 0.00041468022391200066, 0.0002753418521024287, 0.9971117973327637, 0.00017602599109522998, 0.0001947917917277664, 0.0004747687198687345, 0.0015888112829998136, 0.00020688689255621284, 0.9997637867927551, 0.00023638496350031346, 0.0002133380330633372, 0.0040292940102517605, 0.00018732582975644618, 0.0003605920937843621, 0.0001702289591776207, 0.00019395261188037694, 0.00018009907216764987, 0.00020159996347501874, 0.0002748752594925463, 0.0002999459102284163, 0.0002668561937753111, 0.00023733481066301465, 0.001161225256510079, 0.00022854676353745162, 0.0002515496453270316, 0.00019417428120505065, 0.0002418859367026016, 0.10499418526887894, 0.00019094256276730448, 0.00025290113990195096, 0.0015500040026381612, 0.4590931832790375, 0.00021367006411310285, 0.00024348135048057884, 0.0003057622816413641, 0.0007675202796235681, 0.007698032073676586, 0.00020465164561755955, 0.00020102351845707744, 0.00020698001026175916, 0.0001957200438482687, 0.0002757705806288868, 0.00029573007486760616, 0.0002238231827504933]}
{"name": "Hello-SimpleAI/chatgpt-detector-roberta", "predictions": {"test": [0.287592351436615, 0.8996027112007141, 0.0006289782468229532, 0.002711690030992031, 0.0004401205515023321, 0.0995245948433876, 0.010713479481637478, 0.9981464147567749, 0.006798902526497841, 0.009284911677241325, 0.023442652076482773, 0.011039013974368572, 0.03660969063639641, 0.00246828212402761, 0.003373956074938178, 0.9839206337928772, 0.008207092992961407, 0.3109453618526459, 0.1785644143819809, 0.00035526094143278897, 0.0005148135242052376, 0.9520314335823059, 0.00033807448926381767, 0.017560480162501335, 0.008342524990439415, 0.10417580604553223, 0.0003204198437742889, 0.027592726051807404, 0.056451570242643356, 0.004351257812231779, 0.0006044800393283367, 0.00031553467852063477, 0.0010523770470172167, 0.000766962009947747, 0.9937455654144287, 0.02071872353553772, 0.9795029163360596, 0.00032375144655816257, 0.020312536507844925, 0.06694263219833374, 0.0014487787848338485, 0.005831429269164801, 0.0012206906685605645, 0.998877227306366, 0.005915977526456118, 0.0017062342958524823, 0.01465125847607851, 0.012649057433009148, 0.0007125803967937827, 0.008850077167153358, 0.035100650042295456, 0.001309865270741284, 0.00044406804954633117, 0.002744905883446336, 0.03952198103070259, 0.012481899000704288, 0.0005690682446584105, 0.009215228259563446, 0.006279583554714918, 0.011031977832317352, 0.0006971333059482276, 0.060297928750514984, 0.0012604767689481378, 0.9991806149482727, 0.0012361241970211267, 0.01908397674560547, 0.0005946309538558125, 0.17246820032596588, 0.0036586280912160873, 0.05432913452386856, 0.9413303732872009, 0.15318109095096588, 0.0037386708427220583, 0.009066661819815636, 0.00032597334939055145, 0.09003730863332748, 0.0011875852942466736, 0.06972923129796982, 0.005153461825102568, 0.00043325568549335003, 0.998638927936554, 0.0028739501722157, 0.001407245988957584, 0.0025409504305571318, 0.9021483063697815, 0.012029046192765236, 0.01149702351540327, 0.005811175797134638, 0.12072980403900146, 0.00040032059769146144, 0.05127580463886261, 0.9812178611755371, 0.0005055430810898542, 0.0007063796510919929, 0.9953082203865051, 0.01145350281149149, 0.021993324160575867, 0.001034053973853588, 0.0011864021653309464, 0.011545148678123951, 0.0003082358161918819, 0.14193706214427948, 0.9474931359291077, 0.0030558081343770027, 0.9912285804748535, 0.008305647410452366, 0.00048063474241644144, 0.014316904358565807, 0.00029576587257906795, 0.025714661926031113, 0.0003536116855684668, 0.0003787678724620491, 0.0011757274623960257, 0.01652657985687256, 0.008348220027983189, 0.917283296585083, 0.000409372296417132, 0.8859409689903259, 0.03644385188817978, 0.00039367348654195666]}, "logits": {"test": [-0.5902152061462402, 1.07990562915802, -3.3719136714935303, -2.7950310707092285, -3.5007224082946777, -1.1817246675491333, -2.2083282470703125, 2.806941270828247, -2.406092405319214, -2.2709271907806396, -1.8602311611175537, -2.195183277130127, -1.6573421955108643, -2.8338677883148193, -2.7040278911590576, 1.9069212675094604, -2.324612617492676, -0.5390178561210632, -0.8761871457099915, -3.5734243392944336, -3.4451706409454346, 1.4241485595703125, -3.5896761417388916, -1.989794135093689, -2.317509412765503, -1.1532363891601562, -3.6069443225860596, -1.7865285873413086, -1.4557756185531616, -2.5968973636627197, -3.386605739593506, -3.6118216514587402, -3.1759650707244873, -3.297538995742798, 2.309216022491455, -1.915807843208313, 1.8015060424804688, -3.603640556335449, -1.924859642982483, -1.374862551689148, -3.0499508380889893, -2.472109079360962, -3.117851734161377, 3.0003340244293213, -2.4659342765808105, -2.9843709468841553, -2.0703353881835938, -2.135298490524292, -3.3252975940704346, -2.291826009750366, -1.6767022609710693, -3.0902938842773438, -3.49760365486145, -2.7899856567382812, -1.6220767498016357, -2.14115834236145, -3.4087939262390137, -2.2741994857788086, -2.4403274059295654, -2.195462226867676, -3.3335304260253906, -1.4246597290039062, -3.1051998138427734, 3.1093904972076416, -3.1128976345062256, -1.952630639076233, -3.392664909362793, -0.8955273628234863, -2.6700596809387207, -1.4738456010818481, 1.3322535753250122, -0.959881603717804, -2.660949468612671, -2.281287908554077, -3.6014487743377686, -1.2312719821929932, -3.128666639328003, -1.3553357124328613, -2.524966239929199, -3.50618314743042, 2.927553415298462, -2.770920753479004, -3.061537504196167, -2.821920156478882, 1.0921214818954468, -2.1574385166168213, -2.1773319244384766, -2.4736084938049316, -1.0843416452407837, -3.5333759784698486, -1.5009897947311401, 1.8395458459854126, -3.4516971111297607, -3.3285844326019287, 2.4292285442352295, -2.1789984703063965, -1.8889689445495605, -3.1828038692474365, -3.129056215286255, -2.175513982772827, -3.6191792488098145, -1.0003783702850342, 1.3830900192260742, -2.745399236679077, 2.167076349258423, -2.3194339275360107, -3.4697372913360596, -2.0805790424346924, -3.631918430328369, -1.8184455633163452, -3.574965000152588, -3.5520894527435303, -3.1326067447662354, -2.016829490661621, -2.3172247409820557, 1.1721417903900146, -3.525730848312378, 1.0178806781768799, -1.6594475507736206, -3.5383524894714355]}, "acc_test": 0.6083333333333333, "precision_test": 0.8235294117647058, "recall_test": 0.2413793103448276, "f1_test": 0.37333333333333335, "auc_test": 0.6548943270300334, "preds": [0.002711690030992031, 0.0004401205515023321, 0.0995245948433876, 0.010713479481637478, 0.9981464147567749, 0.006798902526497841, 0.009284911677241325, 0.03660969063639641, 0.9839206337928772, 0.008207092992961407, 0.3109453618526459, 0.0005148135242052376, 0.9520314335823059, 0.027592726051807404, 0.0006044800393283367, 0.9937455654144287, 0.9795029163360596, 0.020312536507844925, 0.005831429269164801, 0.0012206906685605645, 0.998877227306366, 0.005915977526456118, 0.012649057433009148, 0.035100650042295456, 0.001309865270741284, 0.002744905883446336, 0.0005690682446584105, 0.060297928750514984, 0.0012604767689481378, 0.9991806149482727, 0.01908397674560547, 0.0005946309538558125, 0.0036586280912160873, 0.05432913452386856, 0.9413303732872009, 0.0011875852942466736, 0.005153461825102568, 0.998638927936554, 0.0028739501722157, 0.0025409504305571318, 0.012029046192765236, 0.01149702351540327, 0.005811175797134638, 0.12072980403900146, 0.05127580463886261, 0.9812178611755371, 0.9953082203865051, 0.001034053973853588, 0.011545148678123951, 0.14193706214427948, 0.9474931359291077, 0.0030558081343770027, 0.9912285804748535, 0.0003787678724620491, 0.008348220027983189, 0.8859409689903259, 0.03644385188817978, 0.00039367348654195666]}
