{"name": "likelihood_threshold", "predictions": {"test": [-3.0835392475128174, -3.546823024749756, -2.7543423175811768, -2.931878089904785, -2.5018973350524902, -3.684664726257324, -2.999657154083252, -2.851872682571411, -2.9221746921539307, -3.1104047298431396, -3.8322391510009766, -3.4261090755462646, -3.6269795894622803, -3.4147229194641113, -3.610867500305176, -2.9446632862091064, -2.9392149448394775, -3.314824342727661, -3.463139057159424, -3.284127950668335, -2.5955772399902344, -3.617389678955078, -4.247433662414551, -3.7922980785369873, -2.862123489379883, -3.143124580383301, -4.260087966918945, -2.995763063430786, -2.851383924484253, -3.6090035438537598, -3.068014144897461, -4.502969741821289, -3.797938346862793, -3.4384348392486572, -2.692225217819214, -3.1256484985351562, -2.5478291511535645, -3.258265495300293, -2.945509672164917, -2.7279934883117676, -3.2380850315093994, -3.1342363357543945, -2.672133207321167, -2.2686188220977783, -2.9152493476867676, -3.677682399749756, -2.9241089820861816, -2.6059088706970215, -4.115608215332031, -3.3712148666381836, -3.5216660499572754, -3.084070920944214, -4.142273426055908, -3.119349479675293, -3.0571975708007812, -4.04473352432251, -3.0729105472564697, -3.1748201847076416, -2.5303955078125, -3.3067665100097656, -3.331148386001587, -3.195852756500244, -3.4376742839813232, -2.4562649726867676, -3.417685031890869, -2.8097643852233887, -3.516392946243286, -3.471332311630249, -2.7967071533203125, -3.271169424057007, -3.06097412109375, -4.095673084259033, -3.1826822757720947, -4.082169532775879, -4.0704193115234375, -3.4044270515441895, -3.389648914337158, -3.249077558517456, -2.8113021850585938, -3.266580104827881, -3.2314932346343994, -2.9272420406341553, -3.9706499576568604, -2.7741355895996094, -3.3524255752563477, -2.588752269744873, -4.412970066070557, -2.554424524307251, -2.455045700073242, -3.604675769805908, -2.554011821746826, -3.2563228607177734, -3.460237503051758, -3.6022675037384033, -3.008286714553833, -3.707284688949585, -3.317063331604004, -2.9046387672424316, -3.236172676086426, -2.8588898181915283, -4.1784515380859375, -3.2155489921569824, -2.9806559085845947, -3.764909029006958, -3.060605764389038, -3.408278226852417, -3.017782211303711, -3.4227569103240967, -4.115074634552002, -3.0728695392608643, -3.4960551261901855, -3.6011717319488525, -3.4940974712371826, -3.3290045261383057, -4.182623863220215, -3.3233957290649414, -3.72566556930542, -2.868770122528076, -2.821648120880127, -3.6376094818115234]}, "acc_test": 0.7333333333333333, "precision_test": 0.7407407407407407, "recall_test": 0.6896551724137931, "f1_test": 0.7142857142857143, "auc_test": 0.7775305895439377}
{"name": "rank_threshold", "predictions": {"test": [-128.6844940185547, -126.29251098632812, -239.2484130859375, -102.92523193359375, -44.84768295288086, -215.19393920898438, -107.86861419677734, -23.816091537475586, -207.18106079101562, -74.43038177490234, -272.99383544921875, -102.58580017089844, -109.73885345458984, -168.1901397705078, -218.8170623779297, -35.78688430786133, -160.56394958496094, -242.71755981445312, -455.6376037597656, -208.67567443847656, -43.48587417602539, -131.752685546875, -312.0457458496094, -446.1446533203125, -40.42856979370117, -126.49090576171875, -445.34423828125, -76.21641540527344, -107.79267883300781, -386.5988464355469, -74.9136734008789, -337.4691467285156, -268.9140930175781, -139.0454559326172, -67.83636474609375, -94.96470642089844, -33.67567825317383, -45.21428680419922, -89.16667175292969, -157.32386779785156, -89.87574005126953, -113.75882720947266, -32.992591857910156, -22.699420928955078, -64.16934967041016, -160.28248596191406, -94.53548431396484, -25.299318313598633, -169.77706909179688, -187.7663116455078, -168.7261962890625, -100.5338363647461, -545.3707885742188, -174.9382781982422, -90.50694274902344, -425.0294189453125, -125.92143249511719, -100.55033874511719, -589.423095703125, -162.5875701904297, -192.05487060546875, -138.42857360839844, -225.43283081054688, -25.496000289916992, -213.52841186523438, -33.21666717529297, -262.5943908691406, -167.15789794921875, -33.243900299072266, -65.67212677001953, -57.494380950927734, -379.5737609863281, -235.3125, -241.49342346191406, -365.1600036621094, -154.2710723876953, -96.0245361328125, -151.30201721191406, -34.5, -161.49765014648438, -132.0838623046875, -72.29167175292969, -455.9161071777344, -39.54014587402344, -54.80864334106445, -193.50344848632812, -315.1267395019531, -24.3157901763916, -87.73332977294922, -401.20001220703125, -27.395605087280273, -116.27731323242188, -173.0994110107422, -106.70588684082031, -56.911563873291016, -164.661376953125, -251.40110778808594, -47.87640380859375, -169.356689453125, -60.65999984741211, -478.08966064453125, -37.22834777832031, -69.79502868652344, -504.923828125, -123.29646301269531, -157.0500030517578, -28.293785095214844, -303.8888854980469, -160.43016052246094, -66.68840789794922, -122.9464340209961, -250.59596252441406, -176.77586364746094, -227.49765014648438, -235.03668212890625, -112.66459655761719, -243.5426788330078, -56.91279220581055, -92.62926483154297, -109.17266082763672]}, "acc_test": 0.6666666666666666, "precision_test": 0.6216216216216216, "recall_test": 0.7931034482758621, "f1_test": 0.696969696969697, "auc_test": 0.7819799777530589}
{"name": "log_rank_threshold", "predictions": {"test": [-1.660825490951538, -1.8943952322006226, -1.3890217542648315, -1.5202336311340332, -1.2245872020721436, -2.0340182781219482, -1.5453221797943115, -1.4283751249313354, -1.6024523973464966, -1.6600135564804077, -2.094250202178955, -1.944266676902771, -2.041005849838257, -1.7774159908294678, -2.0338428020477295, -1.5043500661849976, -1.4832030534744263, -1.8252034187316895, -1.9564018249511719, -1.7322646379470825, -1.2865160703659058, -1.987693190574646, -2.3329415321350098, -2.1343908309936523, -1.4015352725982666, -1.585797667503357, -2.4273831844329834, -1.5929080247879028, -1.4064280986785889, -1.8733296394348145, -1.5671428442001343, -2.6324222087860107, -2.083876371383667, -1.827990174293518, -1.4166303873062134, -1.6404814720153809, -1.2517516613006592, -1.6414133310317993, -1.5374388694763184, -1.400146484375, -1.6887171268463135, -1.6630127429962158, -1.3240962028503418, -1.0801969766616821, -1.4748507738113403, -1.9627268314361572, -1.4155938625335693, -1.2293422222137451, -2.2695960998535156, -1.8258317708969116, -2.0464863777160645, -1.6335852146148682, -2.437145709991455, -1.6932635307312012, -1.5572158098220825, -2.3158726692199707, -1.6129250526428223, -1.665698528289795, -1.4992146492004395, -1.7712547779083252, -1.7591092586517334, -1.6142396926879883, -1.8749028444290161, -1.1894199848175049, -1.8851592540740967, -1.4601085186004639, -1.9438377618789673, -1.8051345348358154, -1.3746485710144043, -1.7143572568893433, -1.622654676437378, -2.3834822177886963, -1.7360754013061523, -2.2725424766540527, -2.3372676372528076, -1.8414860963821411, -1.8347300291061401, -1.6818459033966064, -1.3437339067459106, -1.7618743181228638, -1.7555094957351685, -1.492336392402649, -2.2535808086395264, -1.4255716800689697, -1.754647970199585, -1.322040319442749, -2.523988723754883, -1.27798330783844, -1.3075222969055176, -2.0360162258148193, -1.3635447025299072, -1.7947850227355957, -1.8737186193466187, -1.8863469362258911, -1.575758695602417, -2.0047361850738525, -1.7337061166763306, -1.4694253206253052, -1.7340331077575684, -1.4730368852615356, -2.3835673332214355, -1.6882708072662354, -1.5243698358535767, -2.10066556930542, -1.6713871955871582, -1.830649733543396, -1.4972513914108276, -1.8367359638214111, -2.2886440753936768, -1.4117146730422974, -1.8606796264648438, -2.0092597007751465, -2.000842571258545, -1.8093308210372925, -2.3767752647399902, -1.7986598014831543, -2.027073383331299, -1.4461249113082886, -1.4330509901046753, -2.0761711597442627]}, "acc_test": 0.725, "precision_test": 0.7358490566037735, "recall_test": 0.6724137931034483, "f1_test": 0.7027027027027026, "auc_test": 0.7525027808676307}
{"name": "entropy_threshold", "predictions": {"test": [3.2502710819244385, 3.7915985584259033, 3.028218984603882, 3.6145501136779785, 3.2374095916748047, 3.958298444747925, 3.368037462234497, 3.0807504653930664, 3.336507558822632, 3.150737762451172, 4.024901866912842, 3.7271888256073, 3.6477603912353516, 3.67704176902771, 3.930830717086792, 3.3482859134674072, 3.3282406330108643, 3.3649981021881104, 3.6818368434906006, 3.405904531478882, 3.198390483856201, 3.4758386611938477, 4.392469882965088, 3.8323585987091064, 3.218069076538086, 3.421308994293213, 4.307387828826904, 3.4081852436065674, 3.30265212059021, 3.9914040565490723, 3.3554036617279053, 4.563106536865234, 3.8075103759765625, 3.4769880771636963, 3.0458357334136963, 3.3182661533355713, 3.328986406326294, 3.4078285694122314, 3.700955867767334, 3.3206851482391357, 3.5126945972442627, 3.1471798419952393, 2.985074043273926, 2.618946075439453, 3.1341378688812256, 3.8167924880981445, 3.3537216186523438, 3.1590402126312256, 4.530587673187256, 3.4474222660064697, 3.4622952938079834, 3.250680923461914, 4.524822235107422, 3.305530309677124, 3.3156983852386475, 4.041426658630371, 3.4642891883850098, 3.293154239654541, 2.5864062309265137, 3.5907037258148193, 3.700350761413574, 3.1345632076263428, 3.4144327640533447, 2.744126081466675, 4.0554585456848145, 3.0759644508361816, 3.5798096656799316, 3.4736435413360596, 2.831716775894165, 3.1406731605529785, 3.1874804496765137, 4.197544574737549, 3.4145572185516357, 4.057856559753418, 4.200369834899902, 3.3409717082977295, 3.4399466514587402, 3.4479165077209473, 3.382700204849243, 3.437238931655884, 3.4307663440704346, 2.960934638977051, 4.1034440994262695, 3.113311767578125, 3.4852309226989746, 2.956984043121338, 4.102924346923828, 3.142894744873047, 2.5249199867248535, 3.8219947814941406, 2.9020233154296875, 3.4014551639556885, 3.7748866081237793, 3.9194822311401367, 3.262331008911133, 3.6751010417938232, 3.3772542476654053, 3.2258822917938232, 3.461763381958008, 2.9744699001312256, 4.373363971710205, 3.5690884590148926, 3.42014479637146, 3.315106153488159, 3.1977100372314453, 3.619934558868408, 3.4190211296081543, 3.3327584266662598, 3.999070405960083, 3.457085132598877, 3.645556926727295, 3.468667984008789, 3.432110548019409, 3.447226047515869, 3.7760009765625, 3.7112629413604736, 3.691171169281006, 3.212818145751953, 3.105471611022949, 3.462244749069214]}, "acc_test": 0.6916666666666667, "precision_test": 0.6329113924050633, "recall_test": 0.8620689655172413, "f1_test": 0.7299270072992702, "auc_test": 0.8122914349276974}
{"name": "rank_GLTR_threshold", "predictions": {"test": [[0.7058823529411765, 0.17647058823529413, 0.09090909090909091, 0.026737967914438502], [0.6666666666666666, 0.23129251700680273, 0.061224489795918366, 0.04081632653061224], [0.7770700636942676, 0.15286624203821655, 0.05732484076433121, 0.012738853503184714], [0.7570093457943925, 0.14953271028037382, 0.07476635514018691, 0.018691588785046728], [0.8079470198675497, 0.16556291390728478, 0.013245033112582781, 0.013245033112582781], [0.6787878787878788, 0.15757575757575756, 0.12121212121212122, 0.04242424242424243], [0.7372262773722628, 0.16058394160583941, 0.08759124087591241, 0.014598540145985401], [0.7528735632183908, 0.19540229885057472, 0.04597701149425287, 0.005747126436781609], [0.7407407407407407, 0.11522633744855967, 0.102880658436214, 0.0411522633744856], [0.7151898734177216, 0.17088607594936708, 0.10759493670886076, 0.006329113924050633], [0.654320987654321, 0.19135802469135801, 0.09876543209876543, 0.05555555555555555], [0.650887573964497, 0.17751479289940827, 0.14792899408284024, 0.023668639053254437], [0.6178343949044586, 0.2229299363057325, 0.1337579617834395, 0.025477707006369428], [0.6901408450704225, 0.20422535211267606, 0.08450704225352113, 0.02112676056338028], [0.676829268292683, 0.12804878048780488, 0.1402439024390244, 0.054878048780487805], [0.7295081967213115, 0.21311475409836064, 0.05737704918032787, 0.0], [0.75, 0.16279069767441862, 0.05813953488372093, 0.029069767441860465], [0.7022900763358778, 0.16793893129770993, 0.07633587786259542, 0.05343511450381679], [0.6880733944954128, 0.1651376146788991, 0.0963302752293578, 0.05045871559633028], [0.75, 0.13513513513513514, 0.08783783783783784, 0.02702702702702703], [0.7909604519774012, 0.15819209039548024, 0.03954802259887006, 0.011299435028248588], [0.6451612903225806, 0.22043010752688172, 0.0967741935483871, 0.03763440860215054], [0.6209150326797386, 0.16993464052287582, 0.1503267973856209, 0.058823529411764705], [0.6226415094339622, 0.2138364779874214, 0.11320754716981132, 0.050314465408805034], [0.75, 0.20714285714285716, 0.02857142857142857, 0.014285714285714285], [0.7515151515151515, 0.13333333333333333, 0.07878787878787878, 0.03636363636363636], [0.5956284153005464, 0.18579234972677597, 0.12568306010928962, 0.09289617486338798], [0.6940298507462687, 0.22388059701492538, 0.04477611940298507, 0.03731343283582089], [0.7560975609756098, 0.15853658536585366, 0.06707317073170732, 0.018292682926829267], [0.686046511627907, 0.18604651162790697, 0.0755813953488372, 0.05232558139534884], [0.7338129496402878, 0.17985611510791366, 0.06474820143884892, 0.02158273381294964], [0.5185185185185185, 0.25925925925925924, 0.14814814814814814, 0.07407407407407407], [0.6257668711656442, 0.2147239263803681, 0.10429447852760736, 0.05521472392638037], [0.6931818181818182, 0.1875, 0.08522727272727272, 0.03409090909090909], [0.7363636363636363, 0.17272727272727273, 0.06363636363636363, 0.02727272727272727], [0.7352941176470589, 0.18823529411764706, 0.058823529411764705, 0.01764705882352941], [0.8108108108108109, 0.11486486486486487, 0.07432432432432433, 0.0], [0.6928571428571428, 0.21428571428571427, 0.08571428571428572, 0.007142857142857143], [0.7608695652173914, 0.13768115942028986, 0.07246376811594203, 0.028985507246376812], [0.7613636363636364, 0.14204545454545456, 0.07954545454545454, 0.017045454545454544], [0.7337278106508875, 0.15976331360946747, 0.08284023668639054, 0.023668639053254437], [0.7, 0.2235294117647059, 0.06470588235294118, 0.011764705882352941], [0.7555555555555555, 0.1925925925925926, 0.044444444444444446, 0.007407407407407408], [0.8265895953757225, 0.10982658959537572, 0.057803468208092484, 0.005780346820809248], [0.7661290322580645, 0.14516129032258066, 0.07258064516129033, 0.016129032258064516], [0.6497175141242938, 0.21468926553672316, 0.1016949152542373, 0.03389830508474576], [0.7935483870967742, 0.14838709677419354, 0.03870967741935484, 0.01935483870967742], [0.8095238095238095, 0.1292517006802721, 0.05442176870748299, 0.006802721088435374], [0.5732484076433121, 0.24203821656050956, 0.1464968152866242, 0.03821656050955414], [0.6413043478260869, 0.2391304347826087, 0.09239130434782608, 0.02717391304347826], [0.6428571428571429, 0.18452380952380953, 0.125, 0.047619047619047616], [0.7368421052631579, 0.15789473684210525, 0.08270676691729323, 0.022556390977443608], [0.5955056179775281, 0.19662921348314608, 0.10674157303370786, 0.10112359550561797], [0.7160493827160493, 0.1728395061728395, 0.07407407407407407, 0.037037037037037035], [0.7569444444444444, 0.1388888888888889, 0.09027777777777778, 0.013888888888888888], [0.6176470588235294, 0.18235294117647058, 0.11764705882352941, 0.08235294117647059], [0.75, 0.14285714285714285, 0.09285714285714286, 0.014285714285714285], [0.7114093959731543, 0.1610738255033557, 0.11409395973154363, 0.013422818791946308], [0.7637362637362637, 0.09340659340659341, 0.06593406593406594, 0.07692307692307693], [0.711864406779661, 0.14689265536723164, 0.1016949152542373, 0.03954802259887006], [0.6646341463414634, 0.25, 0.06097560975609756, 0.024390243902439025], [0.7278911564625851, 0.1564625850340136, 0.08843537414965986, 0.027210884353741496], [0.6915422885572139, 0.14925373134328357, 0.11940298507462686, 0.03980099502487562], [0.776, 0.184, 0.032, 0.008], [0.6363636363636364, 0.22727272727272727, 0.08522727272727272, 0.05113636363636364], [0.7416666666666667, 0.14166666666666666, 0.11666666666666667, 0.0], [0.6783216783216783, 0.13986013986013987, 0.1258741258741259, 0.055944055944055944], [0.695906432748538, 0.1695906432748538, 0.0935672514619883, 0.04093567251461988], [0.7621951219512195, 0.18292682926829268, 0.04878048780487805, 0.006097560975609756], [0.7213114754098361, 0.18579234972677597, 0.08196721311475409, 0.01092896174863388], [0.7303370786516854, 0.16292134831460675, 0.09550561797752809, 0.011235955056179775], [0.5956284153005464, 0.20218579234972678, 0.12568306010928962, 0.07650273224043716], [0.71875, 0.13020833333333334, 0.109375, 0.041666666666666664], [0.5921052631578947, 0.21052631578947367, 0.13815789473684212, 0.05921052631578947], [0.5657142857142857, 0.26857142857142857, 0.12, 0.045714285714285714], [0.6807228915662651, 0.18674698795180722, 0.10240963855421686, 0.030120481927710843], [0.6625766871165644, 0.2331288343558282, 0.07975460122699386, 0.024539877300613498], [0.738255033557047, 0.1476510067114094, 0.09395973154362416, 0.020134228187919462], [0.7887323943661971, 0.15492957746478872, 0.04929577464788732, 0.007042253521126761], [0.6901408450704225, 0.16901408450704225, 0.09389671361502347, 0.046948356807511735], [0.6967741935483871, 0.1935483870967742, 0.08387096774193549, 0.025806451612903226], [0.7583333333333333, 0.14166666666666666, 0.075, 0.025], [0.6258064516129033, 0.2, 0.07096774193548387, 0.1032258064516129], [0.7664233576642335, 0.16058394160583941, 0.06569343065693431, 0.0072992700729927005], [0.654320987654321, 0.2654320987654321, 0.07407407407407407, 0.006172839506172839], [0.8068965517241379, 0.12413793103448276, 0.041379310344827586, 0.027586206896551724], [0.5704225352112676, 0.21830985915492956, 0.11267605633802817, 0.09859154929577464], [0.7719298245614035, 0.16666666666666666, 0.06140350877192982, 0.0], [0.7925925925925926, 0.13333333333333333, 0.044444444444444446, 0.02962962962962963], [0.6333333333333333, 0.21428571428571427, 0.09047619047619047, 0.06190476190476191], [0.7527472527472527, 0.17582417582417584, 0.07142857142857142, 0.0], [0.6722689075630253, 0.2184873949579832, 0.07563025210084033, 0.03361344537815126], [0.6842105263157895, 0.17543859649122806, 0.10526315789473684, 0.03508771929824561], [0.6535947712418301, 0.23529411764705882, 0.08496732026143791, 0.026143790849673203], [0.7006802721088435, 0.20408163265306123, 0.08163265306122448, 0.013605442176870748], [0.6613756613756614, 0.1693121693121693, 0.14285714285714285, 0.026455026455026454], [0.7252747252747253, 0.14285714285714285, 0.0989010989010989, 0.03296703296703297], [0.7359550561797753, 0.16292134831460675, 0.09550561797752809, 0.0056179775280898875], [0.7261146496815286, 0.1337579617834395, 0.10828025477707007, 0.03184713375796178], [0.74, 0.19333333333333333, 0.05333333333333334, 0.013333333333333334], [0.6275862068965518, 0.15172413793103448, 0.15172413793103448, 0.06896551724137931], [0.6377952755905512, 0.29133858267716534, 0.07086614173228346, 0.0], [0.7515527950310559, 0.13664596273291926, 0.09316770186335403, 0.018633540372670808], [0.6285714285714286, 0.21904761904761905, 0.0761904761904762, 0.0761904761904762], [0.6991150442477876, 0.20353982300884957, 0.0752212389380531, 0.022123893805309734], [0.6875, 0.1875, 0.09375, 0.03125], [0.751412429378531, 0.1864406779661017, 0.062146892655367235, 0.0], [0.7, 0.18333333333333332, 0.05, 0.06666666666666667], [0.5642458100558659, 0.2737430167597765, 0.11173184357541899, 0.05027932960893855], [0.782608695652174, 0.13043478260869565, 0.07971014492753623, 0.007246376811594203], [0.6964285714285714, 0.17261904761904762, 0.10119047619047619, 0.02976190476190476], [0.6767676767676768, 0.13131313131313133, 0.16161616161616163, 0.030303030303030304], [0.6781609195402298, 0.13793103448275862, 0.12643678160919541, 0.05747126436781609], [0.676056338028169, 0.2112676056338028, 0.0892018779342723, 0.023474178403755867], [0.5596330275229358, 0.24770642201834864, 0.13761467889908258, 0.05504587155963303], [0.7080745341614907, 0.15527950310559005, 0.11180124223602485, 0.024844720496894408], [0.676829268292683, 0.18902439024390244, 0.07926829268292683, 0.054878048780487805], [0.7558139534883721, 0.1686046511627907, 0.06395348837209303, 0.011627906976744186], [0.7707317073170732, 0.15121951219512195, 0.05853658536585366, 0.01951219512195122], [0.6258992805755396, 0.2302158273381295, 0.10071942446043165, 0.04316546762589928]]}, "acc_test": 0.6666666666666666, "precision_test": 0.6730769230769231, "recall_test": 0.603448275862069, "f1_test": 0.6363636363636364, "auc_test": 0.7102335928809789}
{"name": "perturbation_10_z", "predictions": {"test": [0.9438863947044721, 0.04261078630992064, 0.29705324819566814, 0.3919244035256954, 1.7683530157306047, -0.2785773568311818, 0.9954749805218666, 0.09481229779053578, 0.09008858393401768, -0.14506450230137943, -0.12561588428169201, -0.5085968703888163, 0.19618492570069546, -0.18054171973688907, 1.6784801624978418, 2.017480715592409, 0.35107606531040525, -0.40248605123240117, -0.044380513179086714, -0.003350675255577734, 0.6051080187961172, 0.568527981285102, -0.11458152144978499, 0.3690548836990522, 1.3969073552456666, 0.6238096456119073, -0.7809054501177168, 0.471946283591566, 1.467174044528128, -0.39299176611358744, 0.8848345723017723, -0.44564718526197283, -0.26377966560973715, 0.3259687348535335, 0.7219189875791723, 0.4219348811560076, 0.7492608367385551, -0.2245730464799868, 0.7378152937884754, 0.5151412816531598, -0.8800359843937059, 0.6328957236065579, -0.024910912825194354, 1.1705725840886527, 0.22552200213754978, -0.7431790676549864, -0.29296547512699955, 1.4987725267307495, -1.0701947357460642, 0.06876483484919838, 0.13899819345063433, 1.2361366018692816, -0.23345337833887925, 0.40991617726378704, 0.5438853944999062, -0.7368811603718028, 0.7262325474197932, 1.0792027274153801, -0.5247839793794493, -0.6027998350819983, 0.36434331367865597, 0.31277728274218036, -0.5895121529951548, 1.0372790961712057, 1.4411857275860613, 0.4062427017096413, -0.18715079851509914, -0.18231811454389052, 0.615329827423244, 0.6888573651685863, 0.7322677011140991, -0.4940296164281726, -0.029241298903382527, -0.17771881386556423, 0.3777748453276019, -0.4551414173557075, -0.39808052730920923, 0.028817385131617083, 0.2789764344140043, 0.5164456987344643, 0.4098318546211944, 0.4766921148850856, -0.4446418899931948, 0.9175568717191368, -0.1327831442359822, 1.0468137381557985, -1.1328640006733566, 0.6174855815896421, 0.536322400923874, 0.45893748138374196, 1.1175842659459494, 0.05636810303973137, 0.11253054967993507, -0.587834069054193, 0.5380239023059314, -0.8181159663461308, -0.5110484997280537, 0.26330371488126864, 0.24514234858053707, 0.8958613495721316, -1.130526110360857, 0.5763260767476487, 0.9997534298994859, -1.5529393397978846, 0.2785904202771055, 0.22619354126825608, 0.26689995612319367, 0.6590174503332356, -1.0358944393837717, -0.07875383525395035, 0.028672829885587774, 0.7539362586714485, 0.30882303633258656, 0.03375274578261916, -0.6246932400545815, -0.01107647896823309, -0.5445335942236686, 1.3354370494744257, 0.8581829507449739, 0.20043437645264686]}, "info": {"pct_words_masked": 0.3, "span_length": 2, "n_perturbations": 10}, "general": {"acc_test": 0.6916666666666667, "precision_test": 0.6981132075471698, "recall_test": 0.6379310344827587, "f1_test": 0.6666666666666667, "auc_test": 0.7338709677419355}}
{"name": "GPT-sentinel", "acc": 0.875}
{"name": "roberta-base-openai-detector", "predictions": {"test": [0.014850117266178131, 0.9993785619735718, 0.0004987373831681907, 0.997833788394928, 0.005274251569062471, 0.001439479528926313, 0.0004815937136299908, 0.0002235736174043268, 0.0008541564457118511, 0.00017230321827810258, 0.008946766145527363, 0.1785501092672348, 0.00017081886471714824, 0.0001969655422726646, 0.00029502404504455626, 0.23913070559501648, 0.0014236471615731716, 0.00017012900207191706, 0.00017624431347940117, 0.0005273090209811926, 0.0012216722825542092, 0.0002396681229583919, 0.00028029916575178504, 0.0007167807198129594, 0.968626081943512, 0.17016372084617615, 0.0002931432973127812, 0.15078197419643402, 0.0007248094771057367, 0.0003637908084783703, 0.00017133238725364208, 0.00022599373187404126, 0.007049310952425003, 0.00020773547294083983, 0.02438022568821907, 0.00018256128532812, 0.8738682866096497, 0.0026266600470989943, 0.13081642985343933, 0.11015339195728302, 0.04508712515234947, 0.2792332172393799, 0.0015577615704387426, 0.00017153147200588137, 0.02619420550763607, 0.006242163944989443, 0.00853105541318655, 0.9998168349266052, 0.0020729247480630875, 0.00027553830295801163, 0.9828473329544067, 0.002587208990007639, 0.00016897614113986492, 0.0005434906342998147, 0.10792956501245499, 0.00021614631987176836, 0.0009575018775649369, 0.00033660506596788764, 0.998920202255249, 0.0014497877564281225, 0.0009023379534482956, 0.0002514913503546268, 0.00920980516821146, 0.04159606620669365, 0.00017052836483344436, 0.006199854891747236, 0.006963488180190325, 0.00021586583170574158, 0.00020538471289910376, 0.00020675593987107277, 0.4944459795951843, 0.00018620498303789645, 0.00016931368736550212, 0.0008378337370231748, 0.0002555952232796699, 0.00018829712644219398, 0.0028615202754735947, 0.0002408997534075752, 0.02878132089972496, 0.00017099877004511654, 0.00018313592590857297, 0.00017616231343708932, 0.0017535649240016937, 0.30762749910354614, 0.0005498535465449095, 0.2694629728794098, 0.9233774542808533, 0.06605155766010284, 0.005443444941192865, 0.22498776018619537, 0.00018572535191196948, 0.05270545184612274, 0.02964366227388382, 0.00017378656775690615, 0.006125495303422213, 0.00019542463996913284, 0.0001767855865182355, 0.00017699203453958035, 0.0005339074996300042, 0.003008793806657195, 0.00018547847867012024, 0.00099421595223248, 0.011721787042915821, 0.00017441391537431628, 0.00029151621856726706, 0.000349860085407272, 0.00017076592484954745, 0.00018139768508262932, 0.032806623727083206, 0.01184985414147377, 0.002838969463482499, 0.0005836939089931548, 0.00023880385560914874, 0.00033685757080093026, 0.0004514229076448828, 0.00017885681882034987, 0.00017217856657225639, 0.0002597200218588114, 0.0001707543560769409, 0.00017090160690713674]}, "logits": {"test": [-2.254193067550659, 3.952935218811035, -4.108578205108643, 3.216566324234009, -2.821735143661499, -3.495595693588257, -4.1326904296875, -4.554238796234131, -3.80181622505188, -4.702836036682129, -2.5045969486236572, -0.8523761630058289, -4.702512741088867, -4.625263690948486, -4.386967182159424, -0.6576976776123047, -3.5300803184509277, -4.7128825187683105, -4.690273284912109, -4.057936191558838, -3.6136178970336914, -4.512557506561279, -4.421961784362793, -3.8886241912841797, 1.7383207082748413, -0.8630501627922058, -4.386211395263672, -0.9741049408912659, -3.9004950523376465, -4.2669677734375, -4.702398777008057, -4.545456886291504, -2.6390626430511475, -4.592843055725098, -1.9945701360702515, -4.670619010925293, 0.9276860952377319, -3.1740496158599854, -1.0296893119812012, -1.1376153230667114, -1.6568278074264526, -0.541812539100647, -3.479902744293213, -4.705026149749756, -1.9515020847320557, -2.6793994903564453, -2.534531831741333, 4.6636505126953125, -3.3090085983276367, -4.4337382316589355, 2.0610382556915283, -3.2117514610290527, -4.71262788772583, -4.053942680358887, -1.138107419013977, -4.569924831390381, -3.747610569000244, -4.321429252624512, 3.6230287551879883, -3.5126373767852783, -3.7659037113189697, -4.479651927947998, -2.489832639694214, -1.704859733581543, -4.704652786254883, -2.745483875274658, -2.660468816757202, -4.573200225830078, -4.60188627243042, -4.593624591827393, -0.07353363186120987, -4.6553120613098145, -4.708128929138184, -3.814095973968506, -4.478845596313477, -4.648238182067871, -3.1439740657806396, -4.510349273681641, -1.8962583541870117, -4.708544731140137, -4.668057918548584, -4.688755035400391, -3.377342939376831, -0.49047327041625977, -4.048517227172852, -0.5758004188537598, 1.2242951393127441, -1.448073148727417, -2.804447889328003, -0.6996503472328186, -4.660391330718994, -1.5771857500076294, -1.8625922203063965, -4.6926960945129395, -2.7357773780822754, -4.617071151733398, -4.683246612548828, -4.685744285583496, -4.062135219573975, -3.123788595199585, -4.653210163116455, -3.7241086959838867, -2.3860788345336914, -4.696218967437744, -4.400033950805664, -4.29054069519043, -4.705142498016357, -4.670258045196533, -1.8018198013305664, -2.3733348846435547, -3.145047903060913, -4.027986526489258, -4.516464710235596, -4.316952705383301, -4.16898250579834, -4.678631782531738, -4.703658103942871, -4.466526508331299, -4.711383819580078, -4.706031322479248]}, "acc_test": 0.5333333333333333, "precision_test": 0.625, "recall_test": 0.08620689655172414, "f1_test": 0.15151515151515152, "auc_test": 0.5892658509454951, "preds": [0.997833788394928, 0.005274251569062471, 0.001439479528926313, 0.0004815937136299908, 0.0002235736174043268, 0.0008541564457118511, 0.00017230321827810258, 0.00017081886471714824, 0.23913070559501648, 0.0014236471615731716, 0.00017012900207191706, 0.0012216722825542092, 0.0002396681229583919, 0.15078197419643402, 0.00017133238725364208, 0.02438022568821907, 0.8738682866096497, 0.13081642985343933, 0.2792332172393799, 0.0015577615704387426, 0.00017153147200588137, 0.02619420550763607, 0.9998168349266052, 0.9828473329544067, 0.002587208990007639, 0.0005434906342998147, 0.0009575018775649369, 0.0002514913503546268, 0.00920980516821146, 0.04159606620669365, 0.006199854891747236, 0.006963488180190325, 0.00020538471289910376, 0.00020675593987107277, 0.4944459795951843, 0.0028615202754735947, 0.02878132089972496, 0.00018313592590857297, 0.00017616231343708932, 0.30762749910354614, 0.2694629728794098, 0.9233774542808533, 0.06605155766010284, 0.005443444941192865, 0.00018572535191196948, 0.05270545184612274, 0.006125495303422213, 0.00017699203453958035, 0.003008793806657195, 0.00099421595223248, 0.011721787042915821, 0.00017441391537431628, 0.00029151621856726706, 0.0005836939089931548, 0.0004514229076448828, 0.0002597200218588114, 0.0001707543560769409, 0.00017090160690713674]}
{"name": "Hello-SimpleAI/chatgpt-detector-roberta", "predictions": {"test": [0.2875921428203583, 0.899602472782135, 0.0006289773155003786, 0.9920830726623535, 0.06961868703365326, 0.0017933514900505543, 0.006005958188325167, 0.850350022315979, 0.9175172448158264, 0.2599007487297058, 0.023442603647708893, 0.011039013974368572, 0.026644175872206688, 0.002468280028551817, 0.0033739462960511446, 0.03579360246658325, 0.04101920500397682, 0.000517618958838284, 0.1785644143819809, 0.00035526094143278897, 0.8945492506027222, 0.0010542826494202018, 0.00033807448926381767, 0.017560480162501335, 0.008342524990439415, 0.10417580604553223, 0.0003204198437742889, 0.24832138419151306, 0.056451570242643356, 0.004351257812231779, 0.14974704384803772, 0.00031553467852063477, 0.0010523770470172167, 0.000766962009947747, 0.9675013422966003, 0.02071872353553772, 0.9992009997367859, 0.00032375144655816257, 0.9963369369506836, 0.06694263219833374, 0.0014487787848338485, 0.2724977433681488, 0.26720044016838074, 0.9899753928184509, 0.40499359369277954, 0.0017062342958524823, 0.01465125847607851, 0.11658736318349838, 0.0007125801057554781, 0.008850098587572575, 0.008043601177632809, 0.03960327431559563, 0.0004440676420927048, 0.000511303311213851, 0.03952203318476677, 0.0124818691983819, 0.7265722155570984, 0.00921519286930561, 0.006279660854488611, 0.011031982488930225, 0.0006971333059482276, 0.2607284486293793, 0.0011448482982814312, 0.9917711615562439, 0.0012361259432509542, 0.014598523266613483, 0.0013491726713255048, 0.17246808111667633, 0.01507887989282608, 0.009100439958274364, 0.9464668035507202, 0.15318074822425842, 0.0037386708427220583, 0.009066657163202763, 0.000325973640428856, 0.0900372713804245, 0.43102186918258667, 0.06972910463809967, 0.9950507283210754, 0.00043325568549335003, 0.01671421527862549, 0.0006569079705514014, 0.001407245988957584, 0.9641963839530945, 0.9021484851837158, 0.9832844138145447, 0.000761674193199724, 0.039856523275375366, 0.1506200134754181, 0.0004003209760412574, 0.7579771280288696, 0.9989736080169678, 0.0005055430810898542, 0.0007063802913762629, 0.7714768648147583, 0.01145350281149149, 0.021993324160575867, 0.9626578092575073, 0.0011864021653309464, 0.9904748797416687, 0.0003082358161918819, 0.0011896471260115504, 0.61519855260849, 0.02461256831884384, 0.9817217588424683, 0.008305647410452366, 0.00048063474241644144, 0.014316904358565807, 0.00029576587257906795, 0.025714661926031113, 0.0003536116855684668, 0.03314271196722984, 0.0011757274623960257, 0.016526587307453156, 0.013751591555774212, 0.9172837734222412, 0.000409372296417132, 0.8803344964981079, 0.0831250250339508, 0.8785511255264282]}, "logits": {"test": [-0.5902159214019775, 1.0799049139022827, -3.3719139099121094, 2.209937810897827, -1.3560963869094849, -2.9642703533172607, -2.4594576358795166, 0.8819234371185303, 1.1736794710159302, -0.6549675464630127, -1.8602321147918701, -2.195183515548706, -1.8023601770401, -2.8338677883148193, -2.7040293216705322, -1.6677069664001465, -1.6048922538757324, -3.4432129859924316, -0.8761871457099915, -3.5734243392944336, 1.0561147928237915, -3.17525315284729, -3.5896761417388916, -1.989794135093689, -2.317509412765503, -1.1532363891601562, -3.6069443225860596, -0.6828793287277222, -1.4557756185531616, -2.5968973636627197, -0.9719645380973816, -3.6118216514587402, -3.1759650707244873, -3.297538995742798, 1.598740577697754, -1.915807843208313, 3.116359233856201, -3.603640556335449, 2.5315184593200684, -1.374862551689148, -3.0499508380889893, -0.6248146891593933, -0.6371416449546814, 2.109743356704712, -0.3606186509132385, -2.9843709468841553, -2.0703353881835938, -1.1021499633789062, -3.3252980709075928, -2.29182505607605, -2.3333513736724854, -1.6211308240890503, -3.4976038932800293, -3.4476327896118164, -1.6220759153366089, -2.1411595344543457, 0.5435614585876465, -2.274200916290283, -2.440322160720825, -2.1954617500305176, -3.333530902862549, -0.6528304219245911, -3.143052101135254, 2.193587064743042, -3.1128969192504883, -2.0719308853149414, -3.0782840251922607, -0.8955278396606445, -2.0575778484344482, -2.27966046333313, 1.3742178678512573, -0.9598827958106995, -2.660949230194092, -2.2812881469726562, -3.6014487743377686, -1.2312719821929932, -0.01783851347863674, -1.355336308479309, 2.407017469406128, -3.50618314743042, -2.011817216873169, -3.3557565212249756, -3.061537742614746, 1.5556329488754272, 1.092122197151184, 1.8901294469833374, -3.3001580238342285, -1.6181917190551758, -0.9688938856124878, -3.5333759784698486, 0.6183507442474365, 3.0332422256469727, -3.4516971111297607, -3.3285841941833496, 0.6534665822982788, -2.1789987087249756, -1.8889689445495605, 1.5368572473526, -3.129056215286255, 2.131500482559204, -3.6191792488098145, -3.1279850006103516, 0.31555625796318054, -1.8382536172866821, 1.8513665199279785, -2.3194339275360107, -3.4697372913360596, -2.0805790424346924, -3.631918430328369, -1.8184455633163452, -3.574965000152588, -1.7029805183410645, -3.1326067447662354, -2.016829252243042, -2.0983877182006836, 1.1721445322036743, -3.525730848312378, 0.9943233132362366, -1.2703876495361328, 0.9869604110717773]}, "acc_test": 0.6833333333333333, "precision_test": 0.8846153846153846, "recall_test": 0.39655172413793105, "f1_test": 0.5476190476190476, "auc_test": 0.7994994438264739, "preds": [0.9920830726623535, 0.06961868703365326, 0.0017933514900505543, 0.006005958188325167, 0.850350022315979, 0.9175172448158264, 0.2599007487297058, 0.026644175872206688, 0.03579360246658325, 0.04101920500397682, 0.000517618958838284, 0.8945492506027222, 0.0010542826494202018, 0.24832138419151306, 0.14974704384803772, 0.9675013422966003, 0.9992009997367859, 0.9963369369506836, 0.2724977433681488, 0.26720044016838074, 0.9899753928184509, 0.40499359369277954, 0.11658736318349838, 0.008043601177632809, 0.03960327431559563, 0.000511303311213851, 0.7265722155570984, 0.2607284486293793, 0.0011448482982814312, 0.9917711615562439, 0.014598523266613483, 0.0013491726713255048, 0.01507887989282608, 0.009100439958274364, 0.9464668035507202, 0.43102186918258667, 0.9950507283210754, 0.01671421527862549, 0.0006569079705514014, 0.9641963839530945, 0.9832844138145447, 0.000761674193199724, 0.039856523275375366, 0.1506200134754181, 0.7579771280288696, 0.9989736080169678, 0.7714768648147583, 0.9626578092575073, 0.9904748797416687, 0.0011896471260115504, 0.61519855260849, 0.02461256831884384, 0.9817217588424683, 0.03314271196722984, 0.013751591555774212, 0.8803344964981079, 0.0831250250339508, 0.8785511255264282]}
