{"name": "likelihood_threshold", "predictions": {"test": [-2.5761284828186035, -3.2584786415100098, -2.9915919303894043, -2.897266387939453, -1.5308269262313843, -3.6571483612060547, -2.340799570083618, -2.176539421081543, -2.918565511703491, -1.9042048454284668, -3.6266326904296875, -2.8063905239105225, -2.11303448677063, -3.2954599857330322, -2.256312847137451, -3.1750786304473877, -2.3394739627838135, -1.9519016742706299, -2.612849473953247, -3.3469107151031494, -3.1174371242523193, -2.3205809593200684, -3.641263723373413, -2.582031011581421, -2.9787487983703613, -2.5579066276550293, -3.496094226837158, -3.4951350688934326, -3.5433716773986816, -2.8248519897460938, -3.4751455783843994, -3.818610668182373, -3.6159510612487793, -2.8247451782226562, -3.315427303314209, -2.6269290447235107, -2.5815036296844482, -3.1738510131835938, -3.6407597064971924, -1.8947749137878418, -2.1527698040008545, -2.2880828380584717, -3.9170782566070557, -1.680576205253601, -2.8042361736297607, -3.276479721069336, -2.8971035480499268, -2.8367342948913574, -2.416790723800659, -2.582287073135376, -3.2359743118286133, -4.027877330780029, -2.6159796714782715, -2.670038938522339, -2.4025251865386963, -2.748887300491333, -1.893556833267212, -3.7353129386901855, -2.6937735080718994, -2.612849473953247, -3.1639647483825684, -2.6140170097351074, -2.8038928508758545, -2.4606921672821045, -2.6907596588134766, -2.255605697631836, -2.7986769676208496, -3.0381085872650146, -3.176069498062134, -1.9024311304092407, -2.5604779720306396, -3.884037733078003, -2.707425355911255, -3.0221450328826904, -2.9720420837402344, -2.0835554599761963, -2.897266387939453, -2.961245536804199, -2.911843776702881, -2.114872932434082, -1.898343801498413, -1.8404045104980469, -3.5963191986083984, -2.775808811187744, -2.3127601146698, -1.8383467197418213, -0.8567579388618469, -2.833184242248535, -2.009434461593628, -2.779244899749756, -2.2793309688568115, -2.637336254119873, -2.3805723190307617, -3.3052070140838623, -2.366342544555664, -2.3890960216522217, -2.395206928253174, -2.3299615383148193, -2.2283918857574463, -3.052415609359741, -2.8303887844085693, -4.006113529205322, -3.640765428543091, -2.427722692489624, -2.1553287506103516, -3.1415109634399414, -3.601775884628296, -2.3529160022735596, -3.1070871353149414, -3.8750009536743164, -3.1952826976776123, -3.048764944076538, -2.374678373336792, -2.731934070587158, -3.3145384788513184, -1.9695876836776733, -2.507368326187134, -3.3457062244415283, -2.6269290447235107, -2.649806261062622]}, "acc_test": 0.525, "precision_test": 0.5054945054945055, "recall_test": 0.7931034482758621, "f1_test": 0.6174496644295302, "auc_test": 0.5941323692992213}
{"name": "rank_threshold", "predictions": {"test": [-132.09230041503906, -229.45802307128906, -110.29203796386719, -185.5705108642578, -9.655843734741211, -472.7404479980469, -9.953703880310059, -14.937931060791016, -40.215911865234375, -15.86805534362793, -252.19842529296875, -83.0, -12.34375, -218.03428649902344, -21.529850006103516, -123.78787994384766, -34.727272033691406, -27.43809700012207, -39.36879348754883, -284.859375, -75.2800064086914, -43.47101593017578, -203.87115478515625, -117.55339813232422, -115.90151977539062, -19.008930206298828, -105.84033966064453, -292.76800537109375, -264.6842041015625, -50.24626922607422, -121.5182876586914, -559.3071899414062, -328.256591796875, -28.46875, -85.10400390625, -33.741668701171875, -188.77484130859375, -199.54310607910156, -401.06317138671875, -28.244443893432617, -14.380165100097656, -58.047245025634766, -307.56817626953125, -195.05796813964844, -198.53846740722656, -150.33824157714844, -105.93694305419922, -115.01526641845703, -110.51428985595703, -40.576473236083984, -224.4870147705078, -364.9545593261719, -140.88429260253906, -181.85897827148438, -34.52027130126953, -27.074626922607422, -5.7876105308532715, -225.0177001953125, -77.81521606445312, -39.36879348754883, -332.81817626953125, -38.1889762878418, -194.5983428955078, -173.5, -33.453125, -273.6031799316406, -51.4972038269043, -248.73643493652344, -216.4347686767578, -50.10236358642578, -82.76744079589844, -350.2481384277344, -44.89855194091797, -151.35482788085938, -69.26451873779297, -21.1484375, -185.5705108642578, -88.7443618774414, -254.56715393066406, -50.65546417236328, -9.528735160827637, -7.3828125, -365.1600036621094, -53.41732406616211, -34.27642059326172, -7.552146911621094, -1.8780486583709717, -221.16542053222656, -9.086956024169922, -58.81690216064453, -9.449541091918945, -36.832000732421875, -20.483606338500977, -268.2715148925781, -34.39189147949219, -43.764705657958984, -18.841726303100586, -27.15853500366211, -60.990478515625, -111.6220474243164, -117.06509399414062, -362.0873107910156, -247.15789794921875, -45.79824447631836, -38.091739654541016, -157.6475372314453, -201.0, -78.06475067138672, -105.1076889038086, -510.2867736816406, -157.39080810546875, -226.20455932617188, -24.115942001342773, -41.25324630737305, -456.3235168457031, -14.55029582977295, -32.45283126831055, -251.33929443359375, -33.741668701171875, -14.453333854675293]}, "acc_test": 0.43333333333333335, "precision_test": 0.4375, "recall_test": 0.603448275862069, "f1_test": 0.5072463768115941, "auc_test": 0.5321190211345941}
{"name": "log_rank_threshold", "predictions": {"test": [-1.2575103044509888, -1.6550884246826172, -1.4569298028945923, -1.4756497144699097, -0.5631880164146423, -2.0724198818206787, -1.00446355342865, -0.9592902064323425, -1.4478453397750854, -0.935314416885376, -2.01047682762146, -1.2561912536621094, -0.8347820043563843, -1.723784327507019, -1.0590403079986572, -1.6961669921875, -1.116573452949524, -0.8334762454032898, -1.303853154182434, -1.7450495958328247, -1.6421173810958862, -1.0628529787063599, -2.0178096294403076, -1.2906291484832764, -1.545661211013794, -1.2247552871704102, -1.8686723709106445, -1.9643460512161255, -1.8623738288879395, -1.3983935117721558, -1.9004179239273071, -2.0137434005737305, -1.914092779159546, -1.420114517211914, -1.75788414478302, -1.2402219772338867, -1.2809017896652222, -1.6383335590362549, -2.0374255180358887, -0.9964624047279358, -0.9153605103492737, -0.9817687273025513, -2.222212791442871, -0.6490651965141296, -1.3044062852859497, -1.7860065698623657, -1.4790712594985962, -1.48248291015625, -1.0685385465621948, -1.2112455368041992, -1.694748878479004, -2.2510197162628174, -1.2891894578933716, -1.2471489906311035, -1.1852269172668457, -1.3198466300964355, -0.8249202370643616, -2.074476718902588, -1.2714570760726929, -1.303853154182434, -1.6838685274124146, -1.2603745460510254, -1.4130436182022095, -1.1088321208953857, -1.3138115406036377, -0.9363034963607788, -1.4604252576828003, -1.544148325920105, -1.7244635820388794, -0.7574555277824402, -1.1983046531677246, -2.1454288959503174, -1.3152564764022827, -1.4429465532302856, -1.4738739728927612, -0.9350688457489014, -1.4756497144699097, -1.5662531852722168, -1.5175286531448364, -1.0206397771835327, -0.839891254901886, -0.7231109738349915, -1.9772347211837769, -1.356515645980835, -1.0932989120483398, -0.8114699721336365, -0.2529357075691223, -1.4030263423919678, -0.8540113568305969, -1.3485206365585327, -1.0185686349868774, -1.193672776222229, -1.1769464015960693, -1.718508243560791, -1.1633882522583008, -1.0870450735092163, -1.0744357109069824, -1.104854702949524, -1.0388911962509155, -1.560400128364563, -1.3829597234725952, -2.269550323486328, -1.987441062927246, -1.161312460899353, -1.027629017829895, -1.6427743434906006, -1.9206058979034424, -1.0609949827194214, -1.4946047067642212, -2.185253858566284, -1.7521146535873413, -1.5493967533111572, -1.1277211904525757, -1.3336213827133179, -1.7979295253753662, -0.8606935143470764, -1.2509222030639648, -1.883727788925171, -1.2402219772338867, -1.3430825471878052]}, "acc_test": 0.5083333333333333, "precision_test": 0.4943820224719101, "recall_test": 0.7586206896551724, "f1_test": 0.5986394557823128, "auc_test": 0.5924638487208009}
{"name": "entropy_threshold", "predictions": {"test": [3.333759069442749, 3.4352681636810303, 3.2152342796325684, 3.5075583457946777, 2.5064194202423096, 3.920661687850952, 2.929871082305908, 3.0774993896484375, 3.302049160003662, 2.2245635986328125, 3.743591070175171, 2.9952123165130615, 2.9576926231384277, 3.636849880218506, 2.8119406700134277, 3.3930485248565674, 2.9386420249938965, 2.663940906524658, 3.056567430496216, 3.4829957485198975, 3.296881675720215, 2.854351758956909, 3.7807888984680176, 2.866380214691162, 3.365985155105591, 2.7625956535339355, 3.628965377807617, 3.4901320934295654, 3.4184420108795166, 3.2138192653656006, 3.783348798751831, 4.198358535766602, 3.8758656978607178, 3.173287868499756, 3.387704849243164, 2.7710273265838623, 3.307826042175293, 3.566679000854492, 4.14647912979126, 2.033032178878784, 3.031066656112671, 3.6305243968963623, 4.181530475616455, 2.822838544845581, 3.201392412185669, 3.3210952281951904, 3.018448829650879, 3.1361308097839355, 2.986509323120117, 3.1081953048706055, 3.276228427886963, 4.0091776847839355, 2.9481873512268066, 3.1561532020568848, 2.945686101913452, 3.2447760105133057, 2.428100109100342, 3.8584156036376953, 3.07991361618042, 3.056567430496216, 3.4920365810394287, 3.2759451866149902, 3.2041263580322266, 3.6283042430877686, 3.464873790740967, 3.120577335357666, 2.9347097873687744, 3.6110475063323975, 3.929048538208008, 2.9043467044830322, 3.5840630531311035, 3.7406482696533203, 3.1329991817474365, 3.3010666370391846, 3.2753331661224365, 2.5017924308776855, 3.5075583457946777, 3.2223095893859863, 3.2927613258361816, 2.642667055130005, 2.7671473026275635, 2.9603896141052246, 3.936420202255249, 3.5265495777130127, 2.9831888675689697, 2.481563091278076, 1.5795029401779175, 3.2906734943389893, 2.9375672340393066, 2.7874631881713867, 3.263500690460205, 3.5118727684020996, 3.0383617877960205, 3.6799137592315674, 2.9454100131988525, 2.7832634449005127, 3.1135637760162354, 3.0552048683166504, 2.6540002822875977, 2.9693410396575928, 3.1530706882476807, 3.9352166652679443, 3.7018911838531494, 3.5089728832244873, 2.7962915897369385, 3.741702079772949, 3.707958698272705, 3.0756218433380127, 3.828277349472046, 4.264780521392822, 3.4619877338409424, 3.755952835083008, 2.939209461212158, 3.0112826824188232, 3.5855493545532227, 2.7904274463653564, 2.7418222427368164, 3.8586742877960205, 2.7710273265838623, 3.1153721809387207]}, "acc_test": 0.49166666666666664, "precision_test": 0.48314606741573035, "recall_test": 0.7413793103448276, "f1_test": 0.5850340136054422, "auc_test": 0.49735817575083424}
{"name": "rank_GLTR_threshold", "predictions": {"test": [[0.8076923076923077, 0.13076923076923078, 0.038461538461538464, 0.023076923076923078], [0.732824427480916, 0.16793893129770993, 0.06870229007633588, 0.030534351145038167], [0.7610619469026548, 0.1415929203539823, 0.05309734513274336, 0.04424778761061947], [0.7756410256410257, 0.12179487179487179, 0.0641025641025641, 0.038461538461538464], [0.9285714285714286, 0.05194805194805195, 0.01948051948051948, 0.0], [0.6793893129770993, 0.1297709923664122, 0.12213740458015267, 0.06870229007633588], [0.8611111111111112, 0.12037037037037036, 0.018518518518518517, 0.0], [0.8482758620689655, 0.12413793103448276, 0.027586206896551724, 0.0], [0.7329545454545454, 0.19886363636363635, 0.0625, 0.005681818181818182], [0.8333333333333334, 0.1111111111111111, 0.05555555555555555, 0.0], [0.6587301587301587, 0.20634920634920634, 0.07936507936507936, 0.05555555555555555], [0.8066298342541437, 0.16022099447513813, 0.022099447513812154, 0.011049723756906077], [0.8671875, 0.109375, 0.0234375, 0.0], [0.6914285714285714, 0.2057142857142857, 0.08, 0.022857142857142857], [0.8283582089552238, 0.15671641791044777, 0.007462686567164179, 0.007462686567164179], [0.7121212121212122, 0.1893939393939394, 0.08333333333333333, 0.015151515151515152], [0.8531468531468531, 0.1048951048951049, 0.03496503496503497, 0.006993006993006993], [0.8857142857142857, 0.08571428571428572, 0.01904761904761905, 0.009523809523809525], [0.8014184397163121, 0.15602836879432624, 0.03546099290780142, 0.0070921985815602835], [0.7265625, 0.1484375, 0.0625, 0.0625], [0.696, 0.208, 0.08, 0.016], [0.8768115942028986, 0.07246376811594203, 0.043478260869565216, 0.007246376811594203], [0.6625766871165644, 0.19631901840490798, 0.09202453987730061, 0.049079754601226995], [0.8058252427184466, 0.1262135922330097, 0.04854368932038835, 0.019417475728155338], [0.7424242424242424, 0.16666666666666666, 0.08333333333333333, 0.007575757575757576], [0.7678571428571429, 0.1875, 0.044642857142857144, 0.0], [0.6638655462184874, 0.19327731092436976, 0.13445378151260504, 0.008403361344537815], [0.632, 0.216, 0.104, 0.048], [0.6766917293233082, 0.21804511278195488, 0.09774436090225563, 0.007518796992481203], [0.7985074626865671, 0.12686567164179105, 0.06716417910447761, 0.007462686567164179], [0.6829268292682927, 0.18902439024390244, 0.09146341463414634, 0.036585365853658534], [0.6666666666666666, 0.21568627450980393, 0.08496732026143791, 0.032679738562091505], [0.6907894736842105, 0.19078947368421054, 0.07894736842105263, 0.039473684210526314], [0.7291666666666666, 0.21875, 0.041666666666666664, 0.010416666666666666], [0.68, 0.224, 0.072, 0.024], [0.7833333333333333, 0.15, 0.06666666666666667, 0.0], [0.8013245033112583, 0.15894039735099338, 0.019867549668874173, 0.019867549668874173], [0.7327586206896551, 0.1724137931034483, 0.034482758620689655, 0.0603448275862069], [0.6789473684210526, 0.15789473684210525, 0.08421052631578947, 0.07894736842105263], [0.837037037037037, 0.0962962962962963, 0.06666666666666667, 0.0], [0.8677685950413223, 0.09917355371900827, 0.03305785123966942, 0.0], [0.8582677165354331, 0.07874015748031496, 0.05511811023622047, 0.007874015748031496], [0.6439393939393939, 0.14393939393939395, 0.14393939393939395, 0.06818181818181818], [0.9420289855072463, 0.043478260869565216, 0.007246376811594203, 0.007246376811594203], [0.7846153846153846, 0.19230769230769232, 0.015384615384615385, 0.007692307692307693], [0.6617647058823529, 0.21323529411764705, 0.09558823529411764, 0.029411764705882353], [0.7387387387387387, 0.17117117117117117, 0.06306306306306306, 0.02702702702702703], [0.7557251908396947, 0.16030534351145037, 0.04580152671755725, 0.03816793893129771], [0.8214285714285714, 0.1357142857142857, 0.03571428571428571, 0.007142857142857143], [0.8235294117647058, 0.10588235294117647, 0.07058823529411765, 0.0], [0.6948051948051948, 0.17532467532467533, 0.09740259740259741, 0.032467532467532464], [0.6212121212121212, 0.18181818181818182, 0.14393939393939395, 0.05303030303030303], [0.7933884297520661, 0.14049586776859505, 0.049586776859504134, 0.01652892561983471], [0.8205128205128205, 0.1282051282051282, 0.02564102564102564, 0.02564102564102564], [0.8108108108108109, 0.13513513513513514, 0.0472972972972973, 0.006756756756756757], [0.7611940298507462, 0.20149253731343283, 0.03731343283582089, 0.0], [0.8672566371681416, 0.12389380530973451, 0.008849557522123894, 0.0], [0.6548672566371682, 0.18584070796460178, 0.10619469026548672, 0.05309734513274336], [0.8043478260869565, 0.14130434782608695, 0.043478260869565216, 0.010869565217391304], [0.8014184397163121, 0.15602836879432624, 0.03546099290780142, 0.0070921985815602835], [0.7151515151515152, 0.18181818181818182, 0.07272727272727272, 0.030303030303030304], [0.8188976377952756, 0.13385826771653545, 0.031496062992125984, 0.015748031496062992], [0.7622950819672131, 0.1557377049180328, 0.05737704918032787, 0.02459016393442623], [0.8475609756097561, 0.09146341463414634, 0.036585365853658534, 0.024390243902439025], [0.7890625, 0.1640625, 0.0390625, 0.0078125], [0.873015873015873, 0.1111111111111111, 0.007936507936507936, 0.007936507936507936], [0.7374301675977654, 0.18435754189944134, 0.061452513966480445, 0.01675977653631285], [0.7441860465116279, 0.13953488372093023, 0.08527131782945736, 0.031007751937984496], [0.7043478260869566, 0.14782608695652175, 0.10434782608695652, 0.043478260869565216], [0.905511811023622, 0.07874015748031496, 0.007874015748031496, 0.007874015748031496], [0.8062015503875969, 0.12403100775193798, 0.046511627906976744, 0.023255813953488372], [0.6466165413533834, 0.18796992481203006, 0.06766917293233082, 0.09774436090225563], [0.7536231884057971, 0.18840579710144928, 0.050724637681159424, 0.007246376811594203], [0.7419354838709677, 0.20967741935483872, 0.04032258064516129, 0.008064516129032258], [0.7419354838709677, 0.1935483870967742, 0.05806451612903226, 0.0064516129032258064], [0.859375, 0.1015625, 0.0390625, 0.0], [0.7756410256410257, 0.12179487179487179, 0.0641025641025641, 0.038461538461538464], [0.7293233082706767, 0.17293233082706766, 0.07518796992481203, 0.022556390977443608], [0.7686567164179104, 0.1044776119402985, 0.06716417910447761, 0.05970149253731343], [0.8319327731092437, 0.11764705882352941, 0.04201680672268908, 0.008403361344537815], [0.9080459770114943, 0.07471264367816093, 0.017241379310344827, 0.0], [0.8984375, 0.0859375, 0.015625, 0.0], [0.68, 0.155, 0.105, 0.06], [0.7874015748031497, 0.14173228346456693, 0.05511811023622047, 0.015748031496062992], [0.8211382113821138, 0.11382113821138211, 0.056910569105691054, 0.008130081300813009], [0.8711656441717791, 0.1165644171779141, 0.012269938650306749, 0.0], [0.975609756097561, 0.024390243902439025, 0.0, 0.0], [0.7894736842105263, 0.12781954887218044, 0.06015037593984962, 0.022556390977443608], [0.8347826086956521, 0.14782608695652175, 0.017391304347826087, 0.0], [0.8450704225352113, 0.07042253521126761, 0.07042253521126761, 0.014084507042253521], [0.8715596330275229, 0.11009174311926606, 0.01834862385321101, 0.0], [0.84, 0.104, 0.048, 0.008], [0.8032786885245902, 0.1557377049180328, 0.040983606557377046, 0.0], [0.7483443708609272, 0.11258278145695365, 0.08609271523178808, 0.052980132450331126], [0.8175675675675675, 0.12837837837837837, 0.0472972972972973, 0.006756756756756757], [0.8602941176470589, 0.09558823529411764, 0.03676470588235294, 0.007352941176470588], [0.8273381294964028, 0.1366906474820144, 0.03597122302158273, 0.0], [0.8353658536585366, 0.12195121951219512, 0.036585365853658534, 0.006097560975609756], [0.8571428571428571, 0.10476190476190476, 0.02857142857142857, 0.009523809523809525], [0.7244094488188977, 0.16535433070866143, 0.06299212598425197, 0.047244094488188976], [0.757396449704142, 0.20118343195266272, 0.023668639053254437, 0.01775147928994083], [0.6111111111111112, 0.2222222222222222, 0.09523809523809523, 0.07142857142857142], [0.6842105263157895, 0.17293233082706766, 0.08270676691729323, 0.06015037593984962], [0.8333333333333334, 0.12280701754385964, 0.03508771929824561, 0.008771929824561403], [0.8715596330275229, 0.08256880733944955, 0.03669724770642202, 0.009174311926605505], [0.7459016393442623, 0.13114754098360656, 0.09016393442622951, 0.03278688524590164], [0.6717557251908397, 0.1984732824427481, 0.0916030534351145, 0.03816793893129771], [0.8489208633093526, 0.11510791366906475, 0.014388489208633094, 0.02158273381294964], [0.7769230769230769, 0.13076923076923078, 0.07692307692307693, 0.015384615384615385], [0.6470588235294118, 0.19117647058823528, 0.08088235294117647, 0.08088235294117647], [0.6896551724137931, 0.22988505747126436, 0.04597701149425287, 0.034482758620689655], [0.7575757575757576, 0.11363636363636363, 0.09848484848484848, 0.030303030303030304], [0.8043478260869565, 0.12318840579710146, 0.07246376811594203, 0.0], [0.7922077922077922, 0.12337662337662338, 0.07792207792207792, 0.006493506493506494], [0.7058823529411765, 0.16176470588235295, 0.08823529411764706, 0.04411764705882353], [0.8994082840236687, 0.07692307692307693, 0.023668639053254437, 0.0], [0.7830188679245284, 0.16981132075471697, 0.03773584905660377, 0.009433962264150943], [0.6964285714285714, 0.125, 0.11607142857142858, 0.0625], [0.7833333333333333, 0.15, 0.06666666666666667, 0.0], [0.7466666666666667, 0.22666666666666666, 0.02666666666666667, 0.0]]}, "acc_test": 0.49166666666666664, "precision_test": 0.48314606741573035, "recall_test": 0.7413793103448276, "f1_test": 0.5850340136054422, "auc_test": 0.6060901001112348}
{"name": "perturbation_10_z", "predictions": {"test": [0.19840370968149668, -0.5377815340733237, 0.47657373051819435, 0.482159633196494, 1.7726758855634515, 0.09901210778892673, 0.8290777954402688, 2.4288877755248546, 0.20319147809492152, 0.3309718971548168, -0.03610447098210281, -1.0536896082534575, 1.4493942107993079, 0.4805623692774026, 0.7500026127374944, -0.01673754092807161, 0.677535125872945, 1.0870384856520376, 0.6853918405362547, -0.11047306027405901, 0.7442333227058607, 0.757377553152034, 0.12563783341683932, 0.2627395350249146, 0.5329408136626241, 1.234796470308305, -0.12535570664795087, 1.080251536203737, -0.2667801023480489, 1.09112858187789, 0.5284206641144499, -0.534437376864355, -0.10154814590055766, 0.7198590810338243, -0.30501272580953825, -0.12090995300097507, -0.14368653781528506, -1.601674336702489, -0.1319589856696914, 0.9621326082820901, 0.41142091287554017, 0.7481239796917714, -0.4663692189577636, 1.157402667063273, 0.0026784601966417967, -1.7446886513326252, -0.06386473017310561, 0.16720490818076247, 1.5294208729278593, -1.0837334852178617, 0.44088844392808146, 0.0933990275620545, -0.044204116093938435, 1.103367297021487, 1.9140048843282966, 0.30977164146879643, 1.2271300309062514, 0.16709627377736513, 0.47097718237794833, 0.3019194951562342, 0.9713727649943492, -0.5845784317729033, 0.3294879782127244, 0.4767059962599407, 0.764982599358906, 0.5317970287319534, 0.9539113358696024, 0.5833739376972849, 1.4994172221297566, 1.1233694761324327, 0.7869799187641273, -0.19619039109486036, 1.2022582542806308, 0.7273933638916532, -0.51191198496165, 0.2234220889975365, 1.7385293858238844, 0.8270997782911712, 0.3710749392904866, 0.8570266155396754, 1.2367422415644334, 0.9816370105061824, 0.23351700913551957, 2.017273917878609, 1.7711646733020998, 1.1031689218099814, 1.2254978848802192, 0.864646383195611, 3.3556133821306493, -0.43799799355949276, 1.3147884637704168, 0.8941205219404319, 0.749120867064967, -0.3432188196609655, 1.0491941022107292, 0.10562173532723758, 1.381576209643642, 1.115415060708248, 0.49651384314472036, 0.14441586260268466, 0.41617781271570536, 0.22070482771027308, -0.5832795032635187, 0.6966545269575457, 1.1497865537498337, 0.7441389473825561, 0.9453823692875997, 0.8253493072581277, 0.9922932454117263, 0.3115238462137539, 0.3266499075287035, 0.4093632434090291, 1.0350050296064228, 0.06798189301896472, 0.7763618011238302, 0.981056216359354, 0.540232788952887, -0.46770338476623297, -2.3285770185877244, 0.033801898604462775]}, "info": {"pct_words_masked": 0.3, "span_length": 2, "n_perturbations": 10}, "general": {"acc_test": 0.575, "precision_test": 0.5492957746478874, "recall_test": 0.6724137931034483, "f1_test": 0.6046511627906976, "auc_test": 0.6212458286985539}}
{"name": "GPT-sentinel", "acc": 0.5}
{"name": "roberta-base-openai-detector", "predictions": {"test": [0.011896498501300812, 0.9574587345123291, 0.21183830499649048, 0.011018112301826477, 0.9997990727424622, 0.0001827988598961383, 0.003030042629688978, 0.9956282377243042, 0.5790713429450989, 0.9234826564788818, 0.00016726282774470747, 0.9998218417167664, 0.9584071636199951, 0.0001800238824216649, 0.35117071866989136, 0.29870709776878357, 0.9991518259048462, 0.9971458315849304, 0.994941234588623, 0.0006514196866191924, 0.0019625104032456875, 0.004669751040637493, 0.00017353321891278028, 0.9780759215354919, 0.7411094903945923, 0.9913012385368347, 0.9830808043479919, 0.06807465851306915, 0.027798498049378395, 0.9652049541473389, 0.0005428289878182113, 0.0017858833307400346, 0.9994747042655945, 0.6922065019607544, 0.5414049625396729, 0.003354294691234827, 0.1262516975402832, 0.0030273771844804287, 0.0018851569620892406, 0.7952719330787659, 0.9998090863227844, 0.9998282194137573, 0.01914360374212265, 0.9998181462287903, 0.14455407857894897, 0.0001701343571767211, 0.07485789060592651, 0.0005239702295511961, 0.8457260727882385, 0.6933903694152832, 0.002792440354824066, 0.000264487141976133, 0.0001928662386490032, 0.8983742594718933, 0.9909451007843018, 0.9995680451393127, 0.9919831156730652, 0.00024446716997772455, 0.008397919125854969, 0.994941234588623, 0.00024510500952601433, 0.9994276165962219, 0.8176109194755554, 0.999825656414032, 0.9592997431755066, 0.9997702240943909, 0.00017532914353068918, 0.00118738180026412, 0.9615199565887451, 0.9998248219490051, 0.9997908473014832, 0.0001779993763193488, 0.0005113875376991928, 0.6641989350318909, 0.9875504374504089, 0.25137144327163696, 0.011018112301826477, 0.0002342099614907056, 0.003107160096988082, 0.999687671661377, 0.7774069309234619, 0.9998267292976379, 0.0006404619198292494, 0.20841489732265472, 0.9985193610191345, 0.9997895359992981, 0.9998270869255066, 0.02217501401901245, 0.9984331727027893, 0.9727281332015991, 0.999810516834259, 0.9951270818710327, 0.9001424908638, 0.4997263252735138, 0.9951223731040955, 0.5981174111366272, 0.000958418648224324, 0.9995858073234558, 0.980420708656311, 0.0004467365506570786, 0.0006481072632595897, 0.0001987401774385944, 0.00018436164828017354, 0.9998168349266052, 0.9934914708137512, 0.010582664981484413, 0.00021123462647665292, 0.9838714599609375, 0.9902831315994263, 0.00016881880583241582, 0.964103102684021, 0.002833981765434146, 0.000315587007207796, 0.5426419973373413, 0.0005567579646594822, 0.002319349441677332, 0.9998037219047546, 0.860099732875824, 0.003354310290887952, 0.9574216604232788]}, "logits": {"test": [-2.379084348678589, 1.5666539669036865, -0.7404455542564392, -2.414227247238159, 4.635009288787842, -4.657269477844238, -3.1334779262542725, 2.832716464996338, 0.10391336679458618, 1.2328894138336182, -4.715346336364746, 4.677065849304199, 1.5534014701843262, -4.67638635635376, -0.3972356617450714, -0.5063364505767822, 3.762913703918457, 3.062013864517212, 2.742072343826294, -3.9516539573669434, -3.353675127029419, -2.8981666564941406, -4.696176052093506, 1.9169433116912842, 0.47303643822669983, 2.4323272705078125, 2.069566488265991, -1.4238696098327637, -1.9082040786743164, 1.6625062227249146, -4.06099796295166, -3.3976848125457764, 4.0425124168396, 0.34570053219795227, 0.018893444910645485, -3.057117462158203, -1.062187671661377, -3.1256892681121826, -3.3456883430480957, 0.6197178363800049, 4.636526584625244, 4.709439754486084, -2.1029982566833496, 4.682286739349365, -0.9756820201873779, -4.705900192260742, -1.3724069595336914, -4.078213214874268, 0.8037953972816467, 0.34374865889549255, -3.1469898223876953, -4.463181972503662, -4.643685817718506, 1.0520354509353638, 2.413858413696289, 4.151589393615723, 2.4739573001861572, -4.510232925415039, -2.5666146278381348, 2.742072343826294, -4.4971160888671875, 3.9856386184692383, 0.705748975276947, 4.698061943054199, 1.5745494365692139, 4.525841236114502, -4.692946434020996, -3.627741813659668, 1.6071480512619019, 4.695959568023682, 4.580646514892578, -4.676664352416992, -4.099205017089844, 0.2864959239959717, 2.2469966411590576, -0.6490205526351929, -2.414227247238159, -4.54074239730835, -3.0910308361053467, 4.34322452545166, 0.5846924781799316, 4.704310894012451, -3.9552018642425537, -0.7587401866912842, 3.4453020095825195, 4.583820343017578, 4.703902721405029, -2.033364772796631, 3.4009804725646973, 1.7895431518554688, 4.661077499389648, 2.7599856853485107, 1.059981107711792, -0.0579422190785408, 2.7609806060791016, 0.11506111919879913, -3.752544403076172, 4.188817024230957, 1.9816701412200928, -4.151113986968994, -3.956634044647217, -4.618386268615723, -4.660511016845703, 4.66111421585083, 2.5992140769958496, -2.4545817375183105, -4.585622787475586, 2.0934784412384033, 2.417985200881958, -4.710083484649658, 1.6431550979614258, -3.129297971725464, -4.36707067489624, 0.015211669728159904, -4.054511070251465, -3.265146255493164, 4.621993064880371, 0.8670739531517029, -3.057114839553833, 1.559190273284912]}, "acc_test": 0.525, "precision_test": 0.5079365079365079, "recall_test": 0.5517241379310345, "f1_test": 0.5289256198347106, "auc_test": 0.5956618464961068, "preds": [0.011018112301826477, 0.9997990727424622, 0.0001827988598961383, 0.003030042629688978, 0.9956282377243042, 0.5790713429450989, 0.9234826564788818, 0.9584071636199951, 0.29870709776878357, 0.9991518259048462, 0.9971458315849304, 0.0019625104032456875, 0.004669751040637493, 0.06807465851306915, 0.0005428289878182113, 0.5414049625396729, 0.1262516975402832, 0.0018851569620892406, 0.9998282194137573, 0.01914360374212265, 0.9998181462287903, 0.14455407857894897, 0.0005239702295511961, 0.002792440354824066, 0.000264487141976133, 0.8983742594718933, 0.9919831156730652, 0.9994276165962219, 0.8176109194755554, 0.999825656414032, 0.9997702240943909, 0.00017532914353068918, 0.9615199565887451, 0.9998248219490051, 0.9997908473014832, 0.011018112301826477, 0.003107160096988082, 0.7774069309234619, 0.9998267292976379, 0.20841489732265472, 0.9997895359992981, 0.9998270869255066, 0.02217501401901245, 0.9984331727027893, 0.999810516834259, 0.9951270818710327, 0.9951223731040955, 0.9995858073234558, 0.0004467365506570786, 0.0001987401774385944, 0.00018436164828017354, 0.9998168349266052, 0.9934914708137512, 0.002833981765434146, 0.0005567579646594822, 0.860099732875824, 0.003354310290887952, 0.9574216604232788]}
{"name": "Hello-SimpleAI/chatgpt-detector-roberta", "predictions": {"test": [0.998660683631897, 0.7924951314926147, 0.9992237091064453, 0.8667418956756592, 0.9992326498031616, 0.008385535329580307, 0.9992245435714722, 0.999198853969574, 0.007985498756170273, 0.9991926550865173, 0.9981990456581116, 0.9980545043945312, 0.9991457462310791, 0.9400916695594788, 0.9992178678512573, 0.9130503535270691, 0.9992408752441406, 0.999241828918457, 0.9992384910583496, 0.042790625244379044, 0.139565572142601, 0.9992425441741943, 0.04286079481244087, 0.9992094039916992, 0.994071900844574, 0.9987667798995972, 0.9821021556854248, 0.02298450469970703, 0.041921116411685944, 0.9992444515228271, 0.05356617271900177, 0.1623428463935852, 0.3054462969303131, 0.9987539052963257, 0.0028985459357500076, 0.9981920123100281, 0.9990832805633545, 0.9905381202697754, 0.9405083060264587, 0.9954114556312561, 0.9992353916168213, 0.9992293119430542, 0.0029560921248048544, 0.9991633892059326, 0.9990242719650269, 0.02853214740753174, 0.016064783558249474, 0.9842655658721924, 0.9992438554763794, 0.9986553192138672, 0.998503565788269, 0.0009530839743092656, 0.9956747889518738, 0.9992280006408691, 0.32083916664123535, 0.998904824256897, 0.9974756836891174, 0.03090173378586769, 0.9992350339889526, 0.9992384910583496, 0.007077842950820923, 0.3056666851043701, 0.7608941197395325, 0.9992305040359497, 0.9989822506904602, 0.9990092515945435, 0.8643118739128113, 0.9702161550521851, 0.9989516735076904, 0.9992297887802124, 0.9589049816131592, 0.00033053470542654395, 0.9992357492446899, 0.9986724853515625, 0.9874613881111145, 0.9992160797119141, 0.8667418956756592, 0.09520133584737778, 0.0013392179971560836, 0.9842686653137207, 0.9992339611053467, 0.999241828918457, 0.016614457592368126, 0.9973147511482239, 0.9734585881233215, 0.9992376565933228, 0.9992450475692749, 0.9684441685676575, 0.9990136623382568, 0.99922776222229, 0.9992357492446899, 0.06800107657909393, 0.999226450920105, 0.6114524006843567, 0.3961053192615509, 0.9992386102676392, 0.9989172220230103, 0.9992319345474243, 0.9992270469665527, 0.13113318383693695, 0.8671249747276306, 0.0005104006850160658, 0.16662555932998657, 0.9992142915725708, 0.999146580696106, 0.9944802522659302, 0.001065436634235084, 0.9006215333938599, 0.9992188215255737, 0.9435240626335144, 0.020453540608286858, 0.952599048614502, 0.996273398399353, 0.9991949200630188, 0.9943550825119019, 0.9992321729660034, 0.9992326498031616, 0.32132118940353394, 0.9981920123100281, 0.7440873980522156]}, "logits": {"test": [2.933722972869873, 0.7069088220596313, 3.122661828994751, 0.9406646490097046, 3.1238677501678467, -2.3152873516082764, 3.1228301525115967, 3.1156327724456787, -2.336501121520996, 3.1135823726654053, 2.818340301513672, 2.7877421379089355, 3.0966084003448486, 1.322658896446228, 3.121311902999878, 1.148603916168213, 3.1241235733032227, 3.124185562133789, 3.123931407928467, -1.5853285789489746, -1.0092443227767944, 3.124345302581787, -1.5845584869384766, 3.1189653873443604, 2.331683397293091, 2.965160608291626, 1.8604985475540161, -1.8691368103027344, -1.5948318243026733, 3.1246447563171387, -1.480483055114746, -0.9285956621170044, -0.5507521629333496, 2.9612157344818115, -2.767385721206665, 2.816807746887207, 3.0731797218322754, 2.134329080581665, 1.3258610963821411, 2.4384634494781494, 3.1239349842071533, 3.1235764026641846, -2.759213447570801, 3.1031301021575928, 3.051403760910034, -1.7712984085083008, -2.0294363498687744, 1.9162973165512085, 3.1245369911193848, 2.9322166442871094, 2.8909459114074707, -3.214402914047241, 2.462956428527832, 3.1234071254730225, -0.5178197026252747, 3.0095319747924805, 2.6833291053771973, -1.7349696159362793, 3.1239311695098877, 3.123931407928467, -2.3887360095977783, -0.5501095056533813, 0.6254771947860718, 3.1237056255340576, 3.0363171100616455, 3.0459630489349365, 0.9317309856414795, 1.637419581413269, 3.025587558746338, 3.1236393451690674, 1.493923306465149, -3.5969784259796143, 3.123924970626831, 2.9371321201324463, 2.0140674114227295, 3.1208553314208984, 0.9406646490097046, -1.203756332397461, -3.081223487854004, 1.9163882732391357, 3.1239171028137207, 3.124328851699829, -2.0144920349121094, 2.658324718475342, 1.6882668733596802, 3.123927354812622, 3.1246936321258545, 1.6118088960647583, 3.0475523471832275, 3.12336802482605, 3.1239235401153564, -1.367374300956726, 3.1231727600097656, 0.30829113721847534, -0.3688075840473175, 3.1239702701568604, 3.0137157440185547, 3.1238346099853516, 3.123270034790039, -0.7453076839447021, 0.9420968890190125, -3.4482622146606445, -0.9143490791320801, 3.1203854084014893, 3.0969204902648926, 2.361539125442505, -3.1711578369140625, 1.0848231315612793, 3.121541976928711, 1.3497653007507324, -1.921591877937317, 1.4295158386230469, 2.5244386196136475, 3.1143312454223633, 2.352161169052124, 3.1238434314727783, 3.1238701343536377, -0.5166600346565247, 2.816807270050049, 0.5850433111190796]}, "acc_test": 0.475, "precision_test": 0.47191011235955055, "recall_test": 0.7241379310344828, "f1_test": 0.5714285714285714, "auc_test": 0.5004171301446051, "preds": [0.8667418956756592, 0.9992326498031616, 0.008385535329580307, 0.9992245435714722, 0.999198853969574, 0.007985498756170273, 0.9991926550865173, 0.9991457462310791, 0.9130503535270691, 0.9992408752441406, 0.999241828918457, 0.139565572142601, 0.9992425441741943, 0.02298450469970703, 0.05356617271900177, 0.0028985459357500076, 0.9990832805633545, 0.9405083060264587, 0.9992293119430542, 0.0029560921248048544, 0.9991633892059326, 0.9990242719650269, 0.9842655658721924, 0.998503565788269, 0.0009530839743092656, 0.9992280006408691, 0.9974756836891174, 0.3056666851043701, 0.7608941197395325, 0.9992305040359497, 0.9990092515945435, 0.8643118739128113, 0.9989516735076904, 0.9992297887802124, 0.9589049816131592, 0.8667418956756592, 0.0013392179971560836, 0.9992339611053467, 0.999241828918457, 0.9973147511482239, 0.9992376565933228, 0.9992450475692749, 0.9684441685676575, 0.9990136623382568, 0.9992357492446899, 0.06800107657909393, 0.3961053192615509, 0.9992319345474243, 0.13113318383693695, 0.0005104006850160658, 0.16662555932998657, 0.9992142915725708, 0.999146580696106, 0.952599048614502, 0.9943550825119019, 0.32132118940353394, 0.9981920123100281, 0.7440873980522156]}
