{"name": "likelihood_threshold", "predictions": {"test": [-3.0835392475128174, -3.546823024749756, -2.7543423175811768, -2.3087220191955566, -2.621767997741699, -3.9376375675201416, -3.87532901763916, -3.25028133392334, -3.2061755657196045, -3.268526077270508, -3.8322391510009766, -3.4261090755462646, -3.720104694366455, -3.4147229194641113, -3.610867500305176, -2.8294928073883057, -2.843113899230957, -3.3450663089752197, -3.463139057159424, -3.284127950668335, -3.436861276626587, -3.914808750152588, -4.247433662414551, -3.7922980785369873, -2.862123489379883, -3.143124580383301, -4.260087966918945, -3.325852632522583, -2.851383924484253, -3.6090035438537598, -3.491492986679077, -4.502969741821289, -3.797938346862793, -3.4384348392486572, -2.7744812965393066, -3.1256484985351562, -3.2076356410980225, -3.258265495300293, -3.387894868850708, -2.7279934883117676, -3.2380850315093994, -3.5475785732269287, -3.2737271785736084, -2.720985174179077, -3.2798140048980713, -3.677682399749756, -2.9241089820861816, -2.8918142318725586, -4.115608215332031, -3.3712148666381836, -3.5771191120147705, -3.620948553085327, -4.142273426055908, -3.6016407012939453, -3.0571975708007812, -4.04473352432251, -3.403186798095703, -3.1748201847076416, -2.5303955078125, -3.3067665100097656, -3.331148386001587, -3.318774938583374, -3.6776342391967773, -2.8002045154571533, -3.417685031890869, -2.6735422611236572, -3.5393519401550293, -3.471332311630249, -3.4500691890716553, -3.664687156677246, -3.359722375869751, -4.095673084259033, -3.1826822757720947, -4.082169532775879, -4.0704193115234375, -3.4044270515441895, -3.4609272480010986, -3.249077558517456, -2.871452569961548, -3.266580104827881, -2.9847285747528076, -3.356994152069092, -3.9706499576568604, -2.7770941257476807, -3.3524255752563477, -2.8788249492645264, -4.658659934997559, -2.811324119567871, -2.4199724197387695, -3.604675769805908, -2.8971259593963623, -3.346569061279297, -3.460237503051758, -3.6022675037384033, -2.9348793029785156, -3.707284688949585, -3.317063331604004, -3.043912172317505, -3.236172676086426, -3.4187099933624268, -4.1784515380859375, -3.1159987449645996, -3.8627312183380127, -4.100375652313232, -3.4734926223754883, -3.408278226852417, -3.017782211303711, -3.4227569103240967, -4.115074634552002, -3.0728695392608643, -3.4960551261901855, -3.6004762649536133, -3.4940974712371826, -3.3290045261383057, -4.078396797180176, -3.3233957290649414, -3.72566556930542, -3.4223978519439697, -3.0676660537719727, -4.034495830535889]}, "acc_test": 0.5666666666666667, "precision_test": 0.5882352941176471, "recall_test": 0.3448275862068966, "f1_test": 0.4347826086956522, "auc_test": 0.6059510567296997}
{"name": "rank_threshold", "predictions": {"test": [-128.6844940185547, -126.29251098632812, -239.2484130859375, -117.16471099853516, -75.54609680175781, -220.91358947753906, -239.3333282470703, -48.477012634277344, -224.4466094970703, -132.8950653076172, -272.99383544921875, -102.58580017089844, -141.3314971923828, -168.1901397705078, -218.8170623779297, -35.10293960571289, -147.11428833007812, -158.26144409179688, -455.6376037597656, -208.67567443847656, -81.75155639648438, -208.74456787109375, -312.0457458496094, -446.1446533203125, -40.42856979370117, -126.49090576171875, -445.34423828125, -56.38356018066406, -107.79267883300781, -386.5988464355469, -220.60264587402344, -337.4691467285156, -268.9140930175781, -139.0454559326172, -90.89677429199219, -94.96470642089844, -93.53947448730469, -45.21428680419922, -77.30128479003906, -157.32386779785156, -89.87574005126953, -253.3365478515625, -88.05000305175781, -159.13043212890625, -131.13375854492188, -160.28248596191406, -94.53548431396484, -78.11428833007812, -169.77706909179688, -187.7663116455078, -183.6944580078125, -217.78846740722656, -545.3707885742188, -324.9532165527344, -90.50694274902344, -425.0294189453125, -289.8633728027344, -100.55033874511719, -589.423095703125, -162.5875701904297, -192.05487060546875, -287.7197570800781, -300.730224609375, -55.01360321044922, -213.52841186523438, -27.8896541595459, -197.02703857421875, -167.15789794921875, -251.39353942871094, -86.12848663330078, -250.83041381835938, -379.5737609863281, -235.3125, -241.49342346191406, -365.1600036621094, -154.2710723876953, -142.76397705078125, -151.30201721191406, -49.63316345214844, -161.49765014648438, -80.45128631591797, -196.69281005859375, -455.9161071777344, -96.59770202636719, -54.80864334106445, -103.5282974243164, -432.54876708984375, -75.45946502685547, -176.1768035888672, -401.20001220703125, -326.989501953125, -134.5410919189453, -173.0994110107422, -106.70588684082031, -49.748146057128906, -164.661376953125, -251.40110778808594, -91.53333282470703, -169.356689453125, -182.52976989746094, -478.08966064453125, -110.31645965576172, -243.71778869628906, -302.4883728027344, -169.6918182373047, -157.0500030517578, -28.293785095214844, -303.8888854980469, -160.43016052246094, -66.68840789794922, -122.9464340209961, -260.9681701660156, -176.77586364746094, -227.49765014648438, -298.4214172363281, -112.66459655761719, -243.5426788330078, -168.8652801513672, -134.00599670410156, -161.15150451660156]}, "acc_test": 0.55, "precision_test": 0.5333333333333333, "recall_test": 0.5517241379310345, "f1_test": 0.5423728813559322, "auc_test": 0.6095661846496108}
{"name": "log_rank_threshold", "predictions": {"test": [-1.660825490951538, -1.8943952322006226, -1.3890217542648315, -1.3295356035232544, -1.3170424699783325, -2.135902166366577, -2.140017032623291, -1.705122709274292, -1.7953535318374634, -1.7006430625915527, -2.094250202178955, -1.944266676902771, -2.100883722305298, -1.7774159908294678, -2.0338428020477295, -1.4126533269882202, -1.4438375234603882, -1.7526522874832153, -1.9564018249511719, -1.7322646379470825, -1.8065580129623413, -2.1271116733551025, -2.3329415321350098, -2.1343908309936523, -1.4015352725982666, -1.585797667503357, -2.4273831844329834, -1.739355206489563, -1.4064280986785889, -1.8733296394348145, -1.833297610282898, -2.6324222087860107, -2.083876371383667, -1.827990174293518, -1.4836868047714233, -1.6404814720153809, -1.6438002586364746, -1.6414133310317993, -1.8730162382125854, -1.400146484375, -1.6887171268463135, -2.030421495437622, -1.687861680984497, -1.4073426723480225, -1.7724660634994507, -1.9627268314361572, -1.4155938625335693, -1.484073519706726, -2.2695960998535156, -1.8258317708969116, -2.0658507347106934, -1.9526373147964478, -2.437145709991455, -2.0017201900482178, -1.5572158098220825, -2.3158726692199707, -1.8242018222808838, -1.665698528289795, -1.4992146492004395, -1.7712547779083252, -1.7591092586517334, -1.7361159324645996, -2.053557872772217, -1.368098258972168, -1.8851592540740967, -1.338295340538025, -1.9755951166152954, -1.8051345348358154, -1.9397408962249756, -2.0157711505889893, -1.8088862895965576, -2.3834822177886963, -1.7360754013061523, -2.2725424766540527, -2.3372676372528076, -1.8414860963821411, -1.8044896125793457, -1.6818459033966064, -1.4187520742416382, -1.7618743181228638, -1.5702506303787231, -1.8717657327651978, -2.2535808086395264, -1.3721847534179688, -1.754647970199585, -1.5547508001327515, -2.7527291774749756, -1.4285049438476562, -1.2817695140838623, -2.0360162258148193, -1.575515627861023, -1.8597767353057861, -1.8737186193466187, -1.8863469362258911, -1.5656286478042603, -2.0047361850738525, -1.7337061166763306, -1.5632904767990112, -1.7340331077575684, -1.897182822227478, -2.3835673332214355, -1.6836944818496704, -2.161423683166504, -2.414191961288452, -1.938280701637268, -1.830649733543396, -1.4972513914108276, -1.8367359638214111, -2.2886440753936768, -1.4117146730422974, -1.8606796264648438, -1.9548231363296509, -2.000842571258545, -1.8093308210372925, -2.3252243995666504, -1.7986598014831543, -2.027073383331299, -1.8571245670318604, -1.5581592321395874, -2.332824468612671]}, "acc_test": 0.5666666666666667, "precision_test": 0.5882352941176471, "recall_test": 0.3448275862068966, "f1_test": 0.4347826086956522, "auc_test": 0.5850945494994438}
{"name": "entropy_threshold", "predictions": {"test": [3.2502710819244385, 3.7915985584259033, 3.028218984603882, 2.499647855758667, 3.310328245162964, 3.8948214054107666, 3.6637930870056152, 3.3649322986602783, 3.5602362155914307, 3.2202706336975098, 4.024901866912842, 3.7271888256073, 3.875239849090576, 3.67704176902771, 3.930830717086792, 3.1777005195617676, 3.356295585632324, 3.400463581085205, 3.6818368434906006, 3.405904531478882, 3.736480951309204, 3.68760347366333, 4.392469882965088, 3.8323585987091064, 3.218069076538086, 3.421308994293213, 4.307387828826904, 3.8595197200775146, 3.30265212059021, 3.9914040565490723, 3.6987926959991455, 4.563106536865234, 3.8075103759765625, 3.4769880771636963, 3.0088798999786377, 3.3182661533355713, 3.4356672763824463, 3.4078285694122314, 3.759756326675415, 3.3206851482391357, 3.5126945972442627, 3.6200029850006104, 3.464338779449463, 2.8534247875213623, 3.4142305850982666, 3.8167924880981445, 3.3537216186523438, 3.2079038619995117, 4.530587673187256, 3.4474222660064697, 3.6893699169158936, 3.5399131774902344, 4.524822235107422, 3.6189515590667725, 3.3156983852386475, 4.041426658630371, 3.5060224533081055, 3.293154239654541, 2.5864062309265137, 3.5907037258148193, 3.700350761413574, 3.2138521671295166, 3.8641278743743896, 2.9588000774383545, 4.0554585456848145, 2.9312338829040527, 3.5027103424072266, 3.4736435413360596, 3.4988958835601807, 3.4669058322906494, 3.506742477416992, 4.197544574737549, 3.4145572185516357, 4.057856559753418, 4.200369834899902, 3.3409717082977295, 3.7021727561950684, 3.4479165077209473, 3.455948829650879, 3.437238931655884, 3.1763241291046143, 3.583449363708496, 4.1034440994262695, 3.313981771469116, 3.4852309226989746, 3.060166358947754, 4.171992301940918, 3.07704496383667, 2.592146635055542, 3.8219947814941406, 2.9390079975128174, 3.4278018474578857, 3.7748866081237793, 3.9194822311401367, 3.142350196838379, 3.6751010417938232, 3.3772542476654053, 3.2024483680725098, 3.461763381958008, 3.21781849861145, 4.373363971710205, 3.714890241622925, 3.879490375518799, 3.896822214126587, 3.3503916263580322, 3.619934558868408, 3.4190211296081543, 3.3327584266662598, 3.999070405960083, 3.457085132598877, 3.645556926727295, 3.535478115081787, 3.432110548019409, 3.447226047515869, 3.9781951904296875, 3.7112629413604736, 3.691171169281006, 3.2706379890441895, 3.066220760345459, 3.8202805519104004]}, "acc_test": 0.5666666666666667, "precision_test": 0.546875, "recall_test": 0.603448275862069, "f1_test": 0.5737704918032787, "auc_test": 0.6629588431590656}
{"name": "rank_GLTR_threshold", "predictions": {"test": [[0.7058823529411765, 0.17647058823529413, 0.09090909090909091, 0.026737967914438502], [0.6666666666666666, 0.23129251700680273, 0.061224489795918366, 0.04081632653061224], [0.7770700636942676, 0.15286624203821655, 0.05732484076433121, 0.012738853503184714], [0.7705882352941177, 0.12352941176470589, 0.07647058823529412, 0.029411764705882353], [0.7943262411347518, 0.15602836879432624, 0.028368794326241134, 0.02127659574468085], [0.6419753086419753, 0.18518518518518517, 0.10493827160493827, 0.06790123456790123], [0.6382978723404256, 0.18439716312056736, 0.1347517730496454, 0.0425531914893617], [0.7011494252873564, 0.1896551724137931, 0.10344827586206896, 0.005747126436781609], [0.6893203883495146, 0.16019417475728157, 0.10194174757281553, 0.04854368932038835], [0.7283950617283951, 0.16049382716049382, 0.09259259259259259, 0.018518518518518517], [0.654320987654321, 0.19135802469135801, 0.09876543209876543, 0.05555555555555555], [0.650887573964497, 0.17751479289940827, 0.14792899408284024, 0.023668639053254437], [0.6353591160220995, 0.16574585635359115, 0.1712707182320442, 0.027624309392265192], [0.6901408450704225, 0.20422535211267606, 0.08450704225352113, 0.02112676056338028], [0.676829268292683, 0.12804878048780488, 0.1402439024390244, 0.054878048780487805], [0.7279411764705882, 0.21323529411764705, 0.051470588235294115, 0.007352941176470588], [0.7714285714285715, 0.13142857142857142, 0.08, 0.017142857142857144], [0.673202614379085, 0.20261437908496732, 0.09803921568627451, 0.026143790849673203], [0.6880733944954128, 0.1651376146788991, 0.0963302752293578, 0.05045871559633028], [0.75, 0.13513513513513514, 0.08783783783783784, 0.02702702702702703], [0.6894409937888198, 0.19875776397515527, 0.09316770186335403, 0.018633540372670808], [0.6467391304347826, 0.1793478260869565, 0.125, 0.04891304347826087], [0.6209150326797386, 0.16993464052287582, 0.1503267973856209, 0.058823529411764705], [0.6226415094339622, 0.2138364779874214, 0.11320754716981132, 0.050314465408805034], [0.75, 0.20714285714285716, 0.02857142857142857, 0.014285714285714285], [0.7515151515151515, 0.13333333333333333, 0.07878787878787878, 0.03636363636363636], [0.5956284153005464, 0.18579234972677597, 0.12568306010928962, 0.09289617486338798], [0.678082191780822, 0.2191780821917808, 0.08904109589041095, 0.0136986301369863], [0.7560975609756098, 0.15853658536585366, 0.06707317073170732, 0.018292682926829267], [0.686046511627907, 0.18604651162790697, 0.0755813953488372, 0.05232558139534884], [0.7152317880794702, 0.17218543046357615, 0.06622516556291391, 0.046357615894039736], [0.5185185185185185, 0.25925925925925924, 0.14814814814814814, 0.07407407407407407], [0.6257668711656442, 0.2147239263803681, 0.10429447852760736, 0.05521472392638037], [0.6931818181818182, 0.1875, 0.08522727272727272, 0.03409090909090909], [0.7354838709677419, 0.18064516129032257, 0.07096774193548387, 0.012903225806451613], [0.7352941176470589, 0.18823529411764706, 0.058823529411764705, 0.01764705882352941], [0.7105263157894737, 0.19736842105263158, 0.07236842105263158, 0.019736842105263157], [0.6928571428571428, 0.21428571428571427, 0.08571428571428572, 0.007142857142857143], [0.6730769230769231, 0.19230769230769232, 0.12179487179487179, 0.01282051282051282], [0.7613636363636364, 0.14204545454545456, 0.07954545454545454, 0.017045454545454544], [0.7337278106508875, 0.15976331360946747, 0.08284023668639054, 0.023668639053254437], [0.6201923076923077, 0.2403846153846154, 0.10096153846153846, 0.038461538461538464], [0.6928571428571428, 0.20714285714285716, 0.08571428571428572, 0.014285714285714285], [0.7717391304347826, 0.1358695652173913, 0.059782608695652176, 0.03260869565217391], [0.6815286624203821, 0.16560509554140126, 0.1337579617834395, 0.01910828025477707], [0.6497175141242938, 0.21468926553672316, 0.1016949152542373, 0.03389830508474576], [0.7935483870967742, 0.14838709677419354, 0.03870967741935484, 0.01935483870967742], [0.7542857142857143, 0.17142857142857143, 0.06857142857142857, 0.005714285714285714], [0.5732484076433121, 0.24203821656050956, 0.1464968152866242, 0.03821656050955414], [0.6413043478260869, 0.2391304347826087, 0.09239130434782608, 0.02717391304347826], [0.6190476190476191, 0.19047619047619047, 0.1388888888888889, 0.051587301587301584], [0.6602564102564102, 0.19230769230769232, 0.11538461538461539, 0.03205128205128205], [0.5955056179775281, 0.19662921348314608, 0.10674157303370786, 0.10112359550561797], [0.631578947368421, 0.22807017543859648, 0.09941520467836257, 0.04093567251461988], [0.7569444444444444, 0.1388888888888889, 0.09027777777777778, 0.013888888888888888], [0.6176470588235294, 0.18235294117647058, 0.11764705882352941, 0.08235294117647059], [0.726775956284153, 0.14754098360655737, 0.07650273224043716, 0.04918032786885246], [0.7114093959731543, 0.1610738255033557, 0.11409395973154363, 0.013422818791946308], [0.7637362637362637, 0.09340659340659341, 0.06593406593406594, 0.07692307692307693], [0.711864406779661, 0.14689265536723164, 0.1016949152542373, 0.03954802259887006], [0.6646341463414634, 0.25, 0.06097560975609756, 0.024390243902439025], [0.7133757961783439, 0.17834394904458598, 0.07006369426751592, 0.03821656050955414], [0.6837209302325581, 0.13488372093023257, 0.09767441860465116, 0.08372093023255814], [0.7755102040816326, 0.14965986394557823, 0.06802721088435375, 0.006802721088435374], [0.6363636363636364, 0.22727272727272727, 0.08522727272727272, 0.05113636363636364], [0.7655172413793103, 0.13793103448275862, 0.09655172413793103, 0.0], [0.6554054054054054, 0.18243243243243243, 0.10135135135135136, 0.060810810810810814], [0.695906432748538, 0.1695906432748538, 0.0935672514619883, 0.04093567251461988], [0.6774193548387096, 0.18064516129032257, 0.08387096774193549, 0.05806451612903226], [0.6312849162011173, 0.25139664804469275, 0.0893854748603352, 0.027932960893854747], [0.7076023391812866, 0.14619883040935672, 0.11695906432748537, 0.029239766081871343], [0.5956284153005464, 0.20218579234972678, 0.12568306010928962, 0.07650273224043716], [0.71875, 0.13020833333333334, 0.109375, 0.041666666666666664], [0.5921052631578947, 0.21052631578947367, 0.13815789473684212, 0.05921052631578947], [0.5657142857142857, 0.26857142857142857, 0.12, 0.045714285714285714], [0.6807228915662651, 0.18674698795180722, 0.10240963855421686, 0.030120481927710843], [0.6832298136645962, 0.20496894409937888, 0.08695652173913043, 0.024844720496894408], [0.738255033557047, 0.1476510067114094, 0.09395973154362416, 0.020134228187919462], [0.7638190954773869, 0.1658291457286432, 0.05527638190954774, 0.01507537688442211], [0.6901408450704225, 0.16901408450704225, 0.09389671361502347, 0.046948356807511735], [0.7230769230769231, 0.14358974358974358, 0.11794871794871795, 0.015384615384615385], [0.6993464052287581, 0.1568627450980392, 0.0784313725490196, 0.06535947712418301], [0.6258064516129033, 0.2, 0.07096774193548387, 0.1032258064516129], [0.764367816091954, 0.1839080459770115, 0.040229885057471264, 0.011494252873563218], [0.654320987654321, 0.2654320987654321, 0.07407407407407407, 0.006172839506172839], [0.7484276729559748, 0.13836477987421383, 0.08176100628930817, 0.031446540880503145], [0.5548780487804879, 0.21951219512195122, 0.0975609756097561, 0.12804878048780488], [0.7905405405405406, 0.13513513513513514, 0.060810810810810814, 0.013513513513513514], [0.8066298342541437, 0.09944751381215469, 0.055248618784530384, 0.03867403314917127], [0.6333333333333333, 0.21428571428571427, 0.09047619047619047, 0.06190476190476191], [0.7315789473684211, 0.1736842105263158, 0.06315789473684211, 0.031578947368421054], [0.7123287671232876, 0.14383561643835616, 0.10273972602739725, 0.0410958904109589], [0.6842105263157895, 0.17543859649122806, 0.10526315789473684, 0.03508771929824561], [0.6535947712418301, 0.23529411764705882, 0.08496732026143791, 0.026143790849673203], [0.7407407407407407, 0.14074074074074075, 0.1111111111111111, 0.007407407407407408], [0.6613756613756614, 0.1693121693121693, 0.14285714285714285, 0.026455026455026454], [0.7252747252747253, 0.14285714285714285, 0.0989010989010989, 0.03296703296703297], [0.7222222222222222, 0.19444444444444445, 0.07222222222222222, 0.011111111111111112], [0.7261146496815286, 0.1337579617834395, 0.10828025477707007, 0.03184713375796178], [0.6785714285714286, 0.17857142857142858, 0.10119047619047619, 0.041666666666666664], [0.6275862068965518, 0.15172413793103448, 0.15172413793103448, 0.06896551724137931], [0.7088607594936709, 0.15822784810126583, 0.10126582278481013, 0.03164556962025317], [0.6134969325153374, 0.22085889570552147, 0.12883435582822086, 0.03680981595092025], [0.5523255813953488, 0.2441860465116279, 0.12209302325581395, 0.08139534883720931], [0.6792452830188679, 0.16352201257861634, 0.1069182389937107, 0.050314465408805034], [0.6875, 0.1875, 0.09375, 0.03125], [0.751412429378531, 0.1864406779661017, 0.062146892655367235, 0.0], [0.7, 0.18333333333333332, 0.05, 0.06666666666666667], [0.5642458100558659, 0.2737430167597765, 0.11173184357541899, 0.05027932960893855], [0.782608695652174, 0.13043478260869565, 0.07971014492753623, 0.007246376811594203], [0.6964285714285714, 0.17261904761904762, 0.10119047619047619, 0.02976190476190476], [0.6751592356687898, 0.18471337579617833, 0.09554140127388536, 0.044585987261146494], [0.6781609195402298, 0.13793103448275862, 0.12643678160919541, 0.05747126436781609], [0.676056338028169, 0.2112676056338028, 0.0892018779342723, 0.023474178403755867], [0.5857142857142857, 0.24285714285714285, 0.09285714285714286, 0.07857142857142857], [0.7080745341614907, 0.15527950310559005, 0.11180124223602485, 0.024844720496894408], [0.676829268292683, 0.18902439024390244, 0.07926829268292683, 0.054878048780487805], [0.6632124352331606, 0.19170984455958548, 0.11398963730569948, 0.031088082901554404], [0.7604790419161677, 0.1497005988023952, 0.07784431137724551, 0.011976047904191617], [0.5757575757575758, 0.26666666666666666, 0.10909090909090909, 0.048484848484848485]]}, "acc_test": 0.5333333333333333, "precision_test": 0.5277777777777778, "recall_test": 0.3275862068965517, "f1_test": 0.40425531914893614, "auc_test": 0.5748053392658509}
{"name": "perturbation_10_z", "predictions": {"test": [0.9438863947044721, 0.04261078630992064, 0.29705324819566814, -0.13573663677548412, 0.44402120063653, 0.10122096200963475, -0.6029299657642835, -0.5797662279128614, 0.7443375223154234, 0.34647782128685406, -1.100478506025261, -0.8442371944223708, 0.3968092104078186, -0.09834211807959682, 0.4867211087697517, 0.5559793483381538, 0.1804939414780658, -0.4403085843692344, 0.1105040980363457, 0.07648423579842382, -0.22288479961837362, -0.8489997889468285, -1.539661999236827, 1.0600874209419349, 0.18573674430689033, 0.5112257515963567, 0.16697531507524574, -1.229812985510888, 1.599301745396785, -0.8437697411738737, 0.11351154101970334, -0.9343352964144588, -0.3819712735673185, 0.3970803796069021, -0.1033287241680536, -0.03406479469488823, 0.07555942171233221, -0.5503395787000922, -1.698765227977096, 0.5065917077533222, 0.003724986115294364, 0.44874580287995186, 0.8906833827645891, 1.110626630684277, 1.2003159864814907, 0.20582885310371993, 0.7814164663159305, 0.7392101844128218, -0.2723319314341878, 0.6264648403198085, -0.1575586587107959, 0.5872952663213149, -0.4094802756413062, -0.37363303226135086, 1.0047428879556324, 0.052103041404521405, -0.16701473023049168, 0.5325855688403669, -0.977278651605222, -0.25601415211379547, 0.05099288623451895, 0.18332283761229815, 0.7886016099350937, 0.03986296353549076, -0.24029918819009338, 0.09527141130691633, 0.0012448156091214484, -0.7771099792061693, 0.14753586008271088, 0.6670705133065857, -0.10760662325023325, -0.713219145032193, 0.31286493704324264, -0.8523301221739471, -0.6275890937849228, -0.1788326111883403, -0.23342776527389128, 0.06478030590673041, 1.6054882126206709, 2.2829929937391293, 0.061701716310013234, 1.1073239308199727, 0.04847236501845891, 0.8610178434799827, 0.4635633084606518, 0.5048333960491946, -0.27474198900041524, 0.49716495987840226, 0.5208586653785429, -0.1215833371052389, 0.9743776329475118, 0.6900991847428685, 0.4433574146080885, 0.20142707744681554, 0.30335889441573616, -0.1441646672332426, -0.3537719364201166, 1.2651623059547779, -0.05377114850401558, 0.004189763230293953, -0.12745760226824135, 1.4967551415218956, -0.09718331734936886, -0.5969542809362032, 0.39614683835234754, -0.21786223731264392, 0.4397261289097167, 0.6729856867127976, -0.7581970975645488, 0.041223507458358295, -1.27955417917526, 0.3622773914795829, 0.5248832621270443, 1.164302426958722, -0.11711426806990229, 0.17042074267145282, -0.5066689641172389, 0.2617015427467825, 0.07546953531823657, 0.34073019346100203]}, "info": {"pct_words_masked": 0.3, "span_length": 2, "n_perturbations": 10}, "general": {"acc_test": 0.5666666666666667, "precision_test": 0.5714285714285714, "recall_test": 0.41379310344827586, "f1_test": 0.48000000000000004, "auc_test": 0.603448275862069}}
{"name": "GPT-sentinel", "acc": 0.6083333333333333}
{"name": "roberta-base-openai-detector", "predictions": {"test": [0.014850117266178131, 0.9993785619735718, 0.0004987373831681907, 0.9054121375083923, 0.999748170375824, 0.00035016893525607884, 0.007914979010820389, 0.001814267598092556, 0.0001846766099333763, 0.00017682435282040387, 0.008946766145527363, 0.1785501092672348, 0.0001839005999499932, 0.0001969655422726646, 0.00029502404504455626, 0.3248981833457947, 0.007914491929113865, 0.01023343950510025, 0.00017624431347940117, 0.0005273090209811926, 0.0004634967481251806, 0.00017610605573281646, 0.00028029916575178504, 0.0007167807198129594, 0.968626081943512, 0.17016372084617615, 0.0002931432973127812, 0.00026613613590598106, 0.0007248094771057367, 0.0003637908084783703, 0.00017956338706426322, 0.00022599373187404126, 0.007049310952425003, 0.00020773547294083983, 0.0003823398146778345, 0.00018256128532812, 0.12485646456480026, 0.0026266600470989943, 0.00461336737498641, 0.11015339195728302, 0.04508712515234947, 0.00017872045282274485, 0.000191135099157691, 0.0002742140495683998, 0.0017870943993330002, 0.006242163944989443, 0.00853105541318655, 0.006462384480983019, 0.0020729198586195707, 0.00027553830295801163, 0.0033921971917152405, 0.0007224783184938133, 0.00016897596651688218, 0.00204386655241251, 0.10792969912290573, 0.00021614631987176836, 0.0003315168432891369, 0.0003366023302078247, 0.998920202255249, 0.001449804287403822, 0.0009023344609886408, 0.0029595852829515934, 0.0958024114370346, 0.0005656200810335577, 0.00017052836483344436, 0.0003290899330750108, 0.0037077919114381075, 0.00021586583170574158, 0.0007709967321716249, 0.0003445942129474133, 0.00017638082499615848, 0.00018620498303789645, 0.00016931368736550212, 0.0008378337370231748, 0.0002555952232796699, 0.00018829712644219398, 0.0003572811547201127, 0.0002408997534075752, 0.28444287180900574, 0.00017099877004511654, 0.00018772420298773795, 0.00020128993492107838, 0.0017535649240016937, 0.0006954186246730387, 0.0005498535465449095, 0.00021017789549659938, 0.9934347867965698, 0.00023021327797323465, 0.008200676180422306, 0.22498776018619537, 0.00016942914226092398, 0.00043348147301003337, 0.02964366227388382, 0.00017378656775690615, 0.00022658403031527996, 0.00019542463996913284, 0.0001767855865182355, 0.00018099736189469695, 0.0005339074996300042, 0.00017541059060022235, 0.00018547847867012024, 0.0001727668131934479, 0.0015705260448157787, 0.0016745110042393208, 0.0001719859428703785, 0.000349860085407272, 0.00017076592484954745, 0.00018139768508262932, 0.032806623727083206, 0.01184985414147377, 0.002838969463482499, 0.0002362554077990353, 0.00023880385560914874, 0.00033685757080093026, 0.0023966897279024124, 0.00017885681882034987, 0.00017217856657225639, 0.00018651683058124036, 0.0008832276216708124, 0.00024707664852030575]}, "logits": {"test": [-2.254193067550659, 3.952935218811035, -4.108578205108643, 1.081167221069336, 4.467538356781006, -4.291272163391113, -2.597831964492798, -3.382565975189209, -4.655303478240967, -4.684208393096924, -2.5045969486236572, -0.8523761630058289, -4.6590986251831055, -4.625263690948486, -4.386967182159424, -0.440115362405777, -2.59541654586792, -2.4559531211853027, -4.690273284912109, -4.057936191558838, -4.1463189125061035, -4.68593168258667, -4.421961784362793, -3.8886241912841797, 1.7383207082748413, -0.8630501627922058, -4.386211395263672, -4.45457124710083, -3.9004950523376465, -4.2669677734375, -4.681064128875732, -4.545456886291504, -2.6390626430511475, -4.592843055725098, -4.263338565826416, -4.670619010925293, -1.0539861917495728, -3.1740496158599854, -2.874959945678711, -1.1376153230667114, -1.6568278074264526, -4.675258159637451, -4.644952774047852, -4.43675422668457, -3.4056766033172607, -2.6793994903564453, -2.534531831741333, -2.6927242279052734, -3.309009552001953, -4.433738708496094, -3.0458149909973145, -3.8981316089630127, -4.71262788772583, -3.3301148414611816, -1.1381068229675293, -4.569924831390381, -4.333700180053711, -4.3214335441589355, 3.6230292320251465, -3.5126309394836426, -3.7659058570861816, -3.118445634841919, -1.2142053842544556, -4.036067962646484, -4.704652786254883, -4.3464436531066895, -3.010690212249756, -4.573200225830078, -3.844015121459961, -4.304959297180176, -4.690998077392578, -4.6553120613098145, -4.708128929138184, -3.814095973968506, -4.478845596313477, -4.648238182067871, -4.283896446228027, -4.510349273681641, -0.5364433526992798, -4.708544731140137, -4.652939796447754, -4.614588737487793, -3.377342939376831, -3.925713062286377, -4.048517227172852, -4.594244956970215, 2.6076507568359375, -4.531833648681641, -2.5598461627960205, -0.6996503472328186, -4.710709571838379, -4.1876091957092285, -1.8625922203063965, -4.6926960945129395, -4.547077178955078, -4.617071151733398, -4.683246612548828, -4.670265197753906, -4.062135219573975, -4.685494422912598, -4.653210163116455, -4.6990461349487305, -3.4558603763580322, -3.444455146789551, -4.70244836807251, -4.29054069519043, -4.705142498016357, -4.670258045196533, -1.8018198013305664, -2.3733348846435547, -3.145047903060913, -4.521149158477783, -4.516464710235596, -4.316952705383301, -3.2405521869659424, -4.678631782531738, -4.703658103942871, -4.648179054260254, -3.794210433959961, -4.499433994293213]}, "acc_test": 0.5166666666666667, "precision_test": 0.5, "recall_test": 0.05172413793103448, "f1_test": 0.09375, "auc_test": 0.5047274749721913, "preds": [0.9054121375083923, 0.999748170375824, 0.00035016893525607884, 0.007914979010820389, 0.001814267598092556, 0.0001846766099333763, 0.00017682435282040387, 0.0001839005999499932, 0.3248981833457947, 0.007914491929113865, 0.01023343950510025, 0.0004634967481251806, 0.00017610605573281646, 0.00026613613590598106, 0.00017956338706426322, 0.0003823398146778345, 0.12485646456480026, 0.00461336737498641, 0.00017872045282274485, 0.000191135099157691, 0.0002742140495683998, 0.0017870943993330002, 0.006462384480983019, 0.0033921971917152405, 0.0007224783184938133, 0.00204386655241251, 0.0003315168432891369, 0.0029595852829515934, 0.0958024114370346, 0.0005656200810335577, 0.0003290899330750108, 0.0037077919114381075, 0.0007709967321716249, 0.0003445942129474133, 0.00017638082499615848, 0.0003572811547201127, 0.28444287180900574, 0.00018772420298773795, 0.00020128993492107838, 0.0006954186246730387, 0.00021017789549659938, 0.9934347867965698, 0.00023021327797323465, 0.008200676180422306, 0.00016942914226092398, 0.00043348147301003337, 0.00022658403031527996, 0.00018099736189469695, 0.00017541059060022235, 0.0001727668131934479, 0.0015705260448157787, 0.0016745110042393208, 0.0001719859428703785, 0.0002362554077990353, 0.0023966897279024124, 0.00018651683058124036, 0.0008832276216708124, 0.00024707664852030575]}
{"name": "Hello-SimpleAI/chatgpt-detector-roberta", "predictions": {"test": [0.2875921428203583, 0.899602472782135, 0.0006289773155003786, 0.010027293115854263, 0.06466154754161835, 0.00043978466419503093, 0.0003387219912838191, 0.006369304843246937, 0.033549293875694275, 0.2220527082681656, 0.023442603647708893, 0.011039013974368572, 0.0008960902341641486, 0.002468280028551817, 0.0033739462960511446, 0.0030330216977745295, 0.0398087240755558, 0.0010373489931225777, 0.1785644143819809, 0.00035526094143278897, 0.019348055124282837, 0.0017248785588890314, 0.00033807448926381767, 0.017560480162501335, 0.008342524990439415, 0.10417580604553223, 0.0003204198437742889, 0.005376947578042746, 0.056451570242643356, 0.004351257812231779, 0.00035530407330952585, 0.00031553467852063477, 0.0010523770470172167, 0.000766962009947747, 0.9252475500106812, 0.02071872353553772, 0.0012353173224255443, 0.00032375144655816257, 0.020553257316350937, 0.06694263219833374, 0.0014487787848338485, 0.0004148466978222132, 0.00046746505540795624, 0.13914941251277924, 0.0713190957903862, 0.0017062342958524823, 0.01465125847607851, 0.00035458721686154604, 0.0007125797565095127, 0.008850081823766232, 0.0003017980488948524, 0.004942075815051794, 0.0004440676420927048, 0.00027070543728768826, 0.03952203318476677, 0.012481875717639923, 0.003043463919311762, 0.0092152189463377, 0.006279675289988518, 0.01103197317570448, 0.0006971329567022622, 0.00040062484913505614, 0.0003779047983698547, 0.9814010858535767, 0.0012361259432509542, 0.0658191442489624, 0.0009389897459186614, 0.17246808111667633, 0.0020076443906873465, 0.00029163184808567166, 0.9788453578948975, 0.15318074822425842, 0.0037386708427220583, 0.009066657163202763, 0.000325973640428856, 0.0900372713804245, 0.0009045285987667739, 0.06972910463809967, 0.004401203244924545, 0.00043325568549335003, 0.2207871675491333, 0.0007860744372010231, 0.001407245988957584, 0.28971508145332336, 0.9021484851837158, 0.032142557203769684, 0.0016706278547644615, 0.0007929448038339615, 0.01813344471156597, 0.0004003209760412574, 0.025162789970636368, 0.1324559897184372, 0.0005055430810898542, 0.0007063802913762629, 0.001126796007156372, 0.01145350281149149, 0.021993324160575867, 0.8998013734817505, 0.0011864021653309464, 0.12023340910673141, 0.0003082358161918819, 0.008549381047487259, 0.002912827767431736, 0.000368523906217888, 0.9581502079963684, 0.008305647410452366, 0.00048063474241644144, 0.014316904358565807, 0.00029576587257906795, 0.025714661926031113, 0.0003536116855684668, 0.0003536298463586718, 0.0011757274623960257, 0.016526587307453156, 0.00030803834670223296, 0.9172837734222412, 0.000409372296417132, 0.0842108279466629, 0.01910511776804924, 0.00032376041053794324]}, "logits": {"test": [-0.5902159214019775, 1.0799049139022827, -3.3719139099121094, -2.2373125553131104, -1.391406536102295, -3.5009868144989014, -3.589057683944702, -2.4342141151428223, -1.6973949670791626, -0.7511481642723083, -1.8602321147918701, -2.195183515548706, -3.238158702850342, -2.8338677883148193, -2.7040293216705322, -2.748518228530884, -1.618735909461975, -3.1815600395202637, -0.8761871457099915, -3.5734243392944336, -1.9464739561080933, -2.9799869060516357, -3.5896761417388916, -1.989794135093689, -2.317509412765503, -1.1532363891601562, -3.6069443225860596, -2.5068471431732178, -1.4557756185531616, -2.5968973636627197, -3.5733866691589355, -3.6118216514587402, -3.1759650707244873, -3.297538995742798, 1.219940423965454, -1.915807843208313, -3.1131575107574463, -3.603640556335449, -1.9194055795669556, -1.374862551689148, -3.0499508380889893, -3.521184206008911, -3.4795799255371094, -1.0108073949813843, -1.3445188999176025, -2.9843709468841553, -2.0703353881835938, -3.5740511417388916, -3.325298309326172, -2.291826009750366, -3.6257288455963135, -2.542820453643799, -3.4976038932800293, -3.6575703620910645, -1.6220759153366089, -2.1411590576171875, -2.7470815181732178, -2.2741997241973877, -2.440321207046509, -2.195462226867676, -3.3335306644439697, -3.5331151485443115, -3.552851915359497, 1.843815565109253, -3.1128969192504883, -1.3829569816589355, -3.220158338546753, -0.8955278396606445, -2.918478488922119, -3.636173963546753, 1.7877345085144043, -0.9598827958106995, -2.660949230194092, -2.2812881469726562, -3.6014487743377686, -1.2312719821929932, -3.234565496444702, -1.355336308479309, -2.592066526412964, -3.50618314743042, -0.7539910078048706, -3.288203477859497, -3.061537742614746, -0.5856196284294128, 1.092122197151184, -1.7170222997665405, -2.9928667545318604, -3.284898281097412, -1.9754730463027954, -3.5333759784698486, -1.8282690048217773, -1.036555290222168, -3.4516971111297607, -3.3285841941833496, -3.1492836475372314, -2.1789987087249756, -1.8889689445495605, 1.0808415412902832, -3.129056215286255, -1.0864466428756714, -3.6191792488098145, -2.3068621158599854, -2.7653377056121826, -3.5612668991088867, 1.4857569932937622, -2.3194339275360107, -3.4697372913360596, -2.0805790424346924, -3.631918430328369, -1.8184455633163452, -3.574965000152588, -3.5749430656433105, -3.1326067447662354, -2.016829252243042, -3.6193814277648926, 1.1721445322036743, -3.525730848312378, -1.2640501260757446, -1.9521416425704956, -3.6036324501037598]}, "acc_test": 0.5333333333333333, "precision_test": 0.625, "recall_test": 0.08620689655172414, "f1_test": 0.15151515151515152, "auc_test": 0.5169632925472748, "preds": [0.010027293115854263, 0.06466154754161835, 0.00043978466419503093, 0.0003387219912838191, 0.006369304843246937, 0.033549293875694275, 0.2220527082681656, 0.0008960902341641486, 0.0030330216977745295, 0.0398087240755558, 0.0010373489931225777, 0.019348055124282837, 0.0017248785588890314, 0.005376947578042746, 0.00035530407330952585, 0.9252475500106812, 0.0012353173224255443, 0.020553257316350937, 0.0004148466978222132, 0.00046746505540795624, 0.13914941251277924, 0.0713190957903862, 0.00035458721686154604, 0.0003017980488948524, 0.004942075815051794, 0.00027070543728768826, 0.003043463919311762, 0.00040062484913505614, 0.0003779047983698547, 0.9814010858535767, 0.0658191442489624, 0.0009389897459186614, 0.0020076443906873465, 0.00029163184808567166, 0.9788453578948975, 0.0009045285987667739, 0.004401203244924545, 0.2207871675491333, 0.0007860744372010231, 0.28971508145332336, 0.032142557203769684, 0.0016706278547644615, 0.0007929448038339615, 0.01813344471156597, 0.025162789970636368, 0.1324559897184372, 0.001126796007156372, 0.8998013734817505, 0.12023340910673141, 0.008549381047487259, 0.002912827767431736, 0.000368523906217888, 0.9581502079963684, 0.0003536298463586718, 0.00030803834670223296, 0.0842108279466629, 0.01910511776804924, 0.00032376041053794324]}
