{"name": "likelihood_threshold", "predictions": {"test": [-3.790379285812378, -3.274364471435547, -3.952227830886841, -2.2005600929260254, -1.5315288305282593, -3.6571483612060547, -2.340799570083618, -1.9984594583511353, -2.918565511703491, -1.9042048454284668, -3.840730905532837, -3.508936643600464, -2.11303448677063, -3.507972002029419, -3.2781238555908203, -2.038163185119629, -2.0686233043670654, -1.907870888710022, -3.8952999114990234, -3.9431586265563965, -3.1174371242523193, -2.3205809593200684, -4.120560169219971, -3.4440600872039795, -3.0374808311462402, -3.4970498085021973, -3.545689105987549, -3.4951350688934326, -3.721700429916382, -3.9346210956573486, -3.4751455783843994, -3.5345101356506348, -3.7008910179138184, -3.958709478378296, -3.315427303314209, -3.9339778423309326, -2.5815036296844482, -3.661499500274658, -3.6407597064971924, -3.2771902084350586, -3.716887950897217, -2.2880828380584717, -3.9170782566070557, -1.680576205253601, -2.8042361736297607, -3.3268868923187256, -3.1649303436279297, -2.8367342948913574, -3.367915153503418, -3.3823375701904297, -2.175523042678833, -4.027877330780029, -3.730167865753174, -2.670038938522339, -2.0011672973632812, -3.8066539764404297, -1.893556833267212, -3.7799816131591797, -3.6129305362701416, -3.207258462905884, -3.864877223968506, -2.6140170097351074, -2.8038928508758545, -2.1521596908569336, -3.556039333343506, -2.255605697631836, -2.7986769676208496, -3.5277044773101807, -3.176069498062134, -1.9024311304092407, -2.5604779720306396, -3.482823133468628, -3.830322504043579, -4.014067649841309, -3.543048858642578, -2.987973213195801, -1.8208880424499512, -3.8057360649108887, -2.911843776702881, -3.1569535732269287, -1.898343801498413, -1.8404045104980469, -3.8133530616760254, -2.775808811187744, -3.291588306427002, -1.906654715538025, -0.8567579388618469, -2.833184242248535, -2.009434461593628, -3.2707157135009766, -2.2793309688568115, -2.637336254119873, -3.4001808166503906, -3.210740566253662, -2.4788217544555664, -3.533090114593506, -3.8435258865356445, -2.3299615383148193, -3.294398546218872, -3.052415609359741, -3.503880500793457, -4.006113529205322, -3.640765428543091, -2.427722692489624, -2.1553287506103516, -3.6771063804626465, -3.7317800521850586, -3.606097936630249, -3.587144136428833, -3.785623788833618, -3.646197557449341, -3.048764944076538, -3.619354248046875, -3.774671792984009, -1.937738299369812, -3.5162148475646973, -3.513981819152832, -3.3457062244415283, -2.7070109844207764, -2.649806261062622]}, "acc_test": 0.875, "precision_test": 0.9056603773584906, "recall_test": 0.8275862068965517, "f1_test": 0.8648648648648648, "auc_test": 0.8912680756395995}
{"name": "rank_threshold", "predictions": {"test": [-188.74481201171875, -125.16667175292969, -350.736572265625, -57.569766998291016, -9.580644607543945, -472.7404479980469, -9.953703880310059, -34.72549057006836, -40.215911865234375, -15.86805534362793, -154.7786865234375, -142.1117706298828, -12.34375, -107.19281005859375, -105.70742797851562, -5.289473533630371, -15.520833969116211, -27.056074142456055, -252.32412719726562, -246.37059020996094, -75.2800064086914, -43.47101593017578, -213.20425415039062, -131.5709686279297, -97.13253021240234, -168.75, -127.19910430908203, -292.76800537109375, -279.3496398925781, -154.73635864257812, -121.5182876586914, -124.88284301757812, -212.19183349609375, -119.25531768798828, -85.10400390625, -206.4923858642578, -188.77484130859375, -144.1434783935547, -401.06317138671875, -202.0855255126953, -207.5313720703125, -58.047245025634766, -307.56817626953125, -195.05796813964844, -198.53846740722656, -98.39830780029297, -79.80612182617188, -115.01526641845703, -191.20941162109375, -132.4213104248047, -15.710742950439453, -364.9545593261719, -417.8023986816406, -181.85897827148438, -73.54813385009766, -143.55123901367188, -5.7876105308532715, -100.63948822021484, -80.1964340209961, -137.0774688720703, -279.7710266113281, -38.1889762878418, -194.5983428955078, -33.13103485107422, -119.13733673095703, -273.6031799316406, -51.4972038269043, -204.04794311523438, -216.4347686767578, -50.10236358642578, -82.76744079589844, -164.3551025390625, -127.90625, -402.2368469238281, -98.76856231689453, -66.93665313720703, -27.731544494628906, -325.9666748046875, -254.56715393066406, -108.6113052368164, -9.528735160827637, -7.3828125, -296.57574462890625, -53.41732406616211, -76.29717254638672, -10.241379737854004, -1.8780486583709717, -221.16542053222656, -9.086956024169922, -44.340423583984375, -9.449541091918945, -36.832000732421875, -125.24589538574219, -79.5633316040039, -58.35877990722656, -127.5289535522461, -243.49168395996094, -27.15853500366211, -231.1979217529297, -111.6220474243164, -147.86111450195312, -362.0873107910156, -247.15789794921875, -45.79824447631836, -38.091739654541016, -211.3177947998047, -232.7211151123047, -155.3831787109375, -191.81642150878906, -201.01531982421875, -197.3270721435547, -226.20455932617188, -115.66400909423828, -143.30039978027344, -14.575949668884277, -78.10203552246094, -102.4718017578125, -251.33929443359375, -32.71794891357422, -14.453333854675293]}, "acc_test": 0.5416666666666666, "precision_test": 0.5194805194805194, "recall_test": 0.6896551724137931, "f1_test": 0.5925925925925926, "auc_test": 0.721078976640712}
{"name": "log_rank_threshold", "predictions": {"test": [-2.0287492275238037, -1.7062797546386719, -2.18902587890625, -1.0593621730804443, -0.5516535639762878, -2.0724198818206787, -1.00446355342865, -0.9059077501296997, -1.4478453397750854, -0.935314416885376, -2.1546008586883545, -1.8720861673355103, -0.8347820043563843, -1.8983708620071411, -1.7514251470565796, -0.715990424156189, -0.904650092124939, -0.7972075343132019, -2.0985634326934814, -2.163320541381836, -1.6421173810958862, -1.0628529787063599, -2.328321695327759, -1.8206514120101929, -1.5314925909042358, -1.8808226585388184, -1.9475289583206177, -1.9643460512161255, -1.986262559890747, -2.1358070373535156, -1.9004179239273071, -1.8710237741470337, -2.0201432704925537, -2.177079200744629, -1.75788414478302, -2.1683452129364014, -1.2809017896652222, -1.9875664710998535, -2.0374255180358887, -1.809151291847229, -1.9604421854019165, -0.9817687273025513, -2.222212791442871, -0.6490651965141296, -1.3044062852859497, -1.78488028049469, -1.6282545328140259, -1.48248291015625, -1.793481469154358, -1.7605575323104858, -0.9230865836143494, -2.2510197162628174, -2.0073862075805664, -1.2471489906311035, -1.066565990447998, -2.0289840698242188, -0.8249202370643616, -2.0052738189697266, -1.9522916078567505, -1.672910451889038, -2.125544786453247, -1.2603745460510254, -1.4130436182022095, -0.918689489364624, -1.933555245399475, -0.9363034963607788, -1.4604252576828003, -1.916143536567688, -1.7244635820388794, -0.7574555277824402, -1.1983046531677246, -1.8543957471847534, -2.1635560989379883, -2.194489002227783, -1.8825180530548096, -1.5386688709259033, -0.7885475754737854, -2.0966978073120117, -1.5175286531448364, -1.6183782815933228, -0.839891254901886, -0.7231109738349915, -2.1468443870544434, -1.356515645980835, -1.7310916185379028, -0.813476026058197, -0.2529357075691223, -1.4030263423919678, -0.8540113568305969, -1.680654525756836, -1.0185686349868774, -1.193672776222229, -1.769501805305481, -1.67029869556427, -1.1981384754180908, -1.90372896194458, -2.1218881607055664, -1.104854702949524, -1.7162612676620483, -1.560400128364563, -1.8459031581878662, -2.269550323486328, -1.987441062927246, -1.161312460899353, -1.027629017829895, -1.9506210088729858, -2.018261194229126, -1.9441754817962646, -1.9561878442764282, -2.1608901023864746, -1.9179903268814087, -1.5493967533111572, -1.9305272102355957, -2.0994725227355957, -0.8365864753723145, -1.8842800855636597, -1.8353538513183594, -1.883727788925171, -1.3044297695159912, -1.3430825471878052]}, "acc_test": 0.8666666666666667, "precision_test": 0.9038461538461539, "recall_test": 0.8103448275862069, "f1_test": 0.8545454545454546, "auc_test": 0.8734705228031145}
{"name": "entropy_threshold", "predictions": {"test": [3.7355093955993652, 3.4941439628601074, 4.1001362800598145, 3.0694899559020996, 2.5213241577148438, 3.920661687850952, 2.929871082305908, 2.689974069595337, 3.302049160003662, 2.2245635986328125, 3.7971930503845215, 3.6444344520568848, 2.9576926231384277, 3.804651975631714, 3.6199114322662354, 3.3328182697296143, 2.8727550506591797, 2.6858553886413574, 3.9449357986450195, 3.843308210372925, 3.296881675720215, 2.854351758956909, 4.176412582397461, 3.9744200706481934, 3.5004987716674805, 3.5434958934783936, 3.7524566650390625, 3.4901320934295654, 4.045238494873047, 3.9198951721191406, 3.783348798751831, 3.7979683876037598, 3.841536045074463, 4.093039035797119, 3.387704849243164, 4.013477325439453, 3.307826042175293, 3.7160325050354004, 4.14647912979126, 3.444554328918457, 3.7342052459716797, 3.6305243968963623, 4.181530475616455, 2.822838544845581, 3.201392412185669, 3.7016656398773193, 3.223771810531616, 3.1361308097839355, 3.671082019805908, 3.7519242763519287, 3.167259454727173, 4.0091776847839355, 4.151676654815674, 3.1561532020568848, 2.029791831970215, 3.770009994506836, 2.428100109100342, 3.9638917446136475, 3.695488214492798, 3.2649991512298584, 3.693159580230713, 3.2759451866149902, 3.2041263580322266, 3.1564040184020996, 3.6985344886779785, 3.120577335357666, 2.9347097873687744, 3.736435651779175, 3.929048538208008, 2.9043467044830322, 3.5840630531311035, 3.7957546710968018, 3.809169292449951, 4.395686149597168, 3.3425357341766357, 3.3204493522644043, 2.4067652225494385, 3.810544013977051, 3.2927613258361816, 3.3414366245269775, 2.7671473026275635, 2.9603896141052246, 3.97336483001709, 3.5265495777130127, 3.6074447631835938, 2.776569366455078, 1.5795029401779175, 3.2906734943389893, 2.9375672340393066, 3.5806939601898193, 3.263500690460205, 3.5118727684020996, 3.676553964614868, 3.466560125350952, 3.294902801513672, 3.4355690479278564, 3.746657609939575, 3.0552048683166504, 3.3164114952087402, 2.9693410396575928, 3.703768253326416, 3.9352166652679443, 3.7018911838531494, 3.5089728832244873, 2.7962915897369385, 3.581449270248413, 3.930661916732788, 3.6890480518341064, 3.5495216846466064, 3.9623095989227295, 3.6281867027282715, 3.755952835083008, 3.8887743949890137, 3.829040765762329, 2.514741897583008, 3.7320520877838135, 3.902529716491699, 3.8586742877960205, 2.8146474361419678, 3.1153721809387207]}, "acc_test": 0.7916666666666666, "precision_test": 0.7894736842105263, "recall_test": 0.7758620689655172, "f1_test": 0.7826086956521741, "auc_test": 0.8286985539488321}
{"name": "rank_GLTR_threshold", "predictions": {"test": [[0.658753709198813, 0.18694362017804153, 0.12759643916913946, 0.026706231454005934], [0.7026143790849673, 0.18627450980392157, 0.0784313725490196, 0.032679738562091505], [0.6559139784946236, 0.17204301075268819, 0.11827956989247312, 0.053763440860215055], [0.8546511627906976, 0.11046511627906977, 0.01744186046511628, 0.01744186046511628], [0.9290322580645162, 0.05161290322580645, 0.01935483870967742, 0.0], [0.6793893129770993, 0.1297709923664122, 0.12213740458015267, 0.06870229007633588], [0.8611111111111112, 0.12037037037037036, 0.018518518518518517, 0.0], [0.8823529411764706, 0.08823529411764706, 0.0196078431372549, 0.00980392156862745], [0.7329545454545454, 0.19886363636363635, 0.0625, 0.005681818181818182], [0.8333333333333334, 0.1111111111111111, 0.05555555555555555, 0.0], [0.6188524590163934, 0.20081967213114754, 0.13114754098360656, 0.04918032786885246], [0.6735294117647059, 0.20588235294117646, 0.09117647058823529, 0.029411764705882353], [0.8671875, 0.109375, 0.0234375, 0.0], [0.6633986928104575, 0.1895424836601307, 0.12418300653594772, 0.02287581699346405], [0.6768558951965066, 0.2052401746724891, 0.09606986899563319, 0.021834061135371178], [0.9210526315789473, 0.06140350877192982, 0.017543859649122806, 0.0], [0.8854166666666666, 0.08333333333333333, 0.03125, 0.0], [0.897196261682243, 0.07476635514018691, 0.018691588785046728, 0.009345794392523364], [0.6442687747035574, 0.20553359683794467, 0.09881422924901186, 0.05138339920948617], [0.6352941176470588, 0.20588235294117646, 0.12941176470588237, 0.029411764705882353], [0.696, 0.208, 0.08, 0.016], [0.8768115942028986, 0.07246376811594203, 0.043478260869565216, 0.007246376811594203], [0.6042553191489362, 0.19148936170212766, 0.15319148936170213, 0.05106382978723404], [0.6798679867986799, 0.17491749174917492, 0.10891089108910891, 0.036303630363036306], [0.7409638554216867, 0.1566265060240964, 0.07228915662650602, 0.030120481927710843], [0.6693548387096774, 0.1935483870967742, 0.10887096774193548, 0.028225806451612902], [0.665158371040724, 0.19909502262443438, 0.1085972850678733, 0.027149321266968326], [0.632, 0.216, 0.104, 0.048], [0.6616541353383458, 0.19924812030075187, 0.10150375939849623, 0.03759398496240601], [0.6090909090909091, 0.2409090909090909, 0.11818181818181818, 0.031818181818181815], [0.6829268292682927, 0.18902439024390244, 0.09146341463414634, 0.036585365853658534], [0.6694560669456067, 0.19246861924686193, 0.11297071129707113, 0.02510460251046025], [0.6408163265306123, 0.23673469387755103, 0.06938775510204082, 0.053061224489795916], [0.5904255319148937, 0.2872340425531915, 0.0851063829787234, 0.03723404255319149], [0.68, 0.224, 0.072, 0.024], [0.6142131979695431, 0.2131979695431472, 0.1319796954314721, 0.04060913705583756], [0.8013245033112583, 0.15894039735099338, 0.019867549668874173, 0.019867549668874173], [0.6347826086956522, 0.21304347826086956, 0.11304347826086956, 0.0391304347826087], [0.6789473684210526, 0.15789473684210525, 0.08421052631578947, 0.07894736842105263], [0.7138157894736842, 0.14802631578947367, 0.10197368421052631, 0.03618421052631579], [0.6401673640167364, 0.20502092050209206, 0.11715481171548117, 0.03765690376569038], [0.8582677165354331, 0.07874015748031496, 0.05511811023622047, 0.007874015748031496], [0.6439393939393939, 0.14393939393939395, 0.14393939393939395, 0.06818181818181818], [0.9420289855072463, 0.043478260869565216, 0.007246376811594203, 0.007246376811594203], [0.7846153846153846, 0.19230769230769232, 0.015384615384615385, 0.007692307692307693], [0.6864406779661016, 0.19915254237288135, 0.08898305084745763, 0.025423728813559324], [0.7108843537414966, 0.19047619047619047, 0.08503401360544217, 0.013605442176870748], [0.7557251908396947, 0.16030534351145037, 0.04580152671755725, 0.03816793893129771], [0.6709401709401709, 0.19658119658119658, 0.1111111111111111, 0.021367521367521368], [0.6852791878172588, 0.2131979695431472, 0.07614213197969544, 0.025380710659898477], [0.8760330578512396, 0.10743801652892562, 0.008264462809917356, 0.008264462809917356], [0.6212121212121212, 0.18181818181818182, 0.14393939393939395, 0.05303030303030303], [0.6758893280632411, 0.20553359683794467, 0.05138339920948617, 0.06719367588932806], [0.8205128205128205, 0.1282051282051282, 0.02564102564102564, 0.02564102564102564], [0.7996070726915521, 0.12966601178781925, 0.05108055009823183, 0.019646365422396856], [0.6431095406360424, 0.20141342756183744, 0.12014134275618374, 0.0353356890459364], [0.8672566371681416, 0.12389380530973451, 0.008849557522123894, 0.0], [0.6523605150214592, 0.2017167381974249, 0.12446351931330472, 0.02145922746781116], [0.6517857142857143, 0.23214285714285715, 0.10267857142857142, 0.013392857142857142], [0.7077464788732394, 0.16549295774647887, 0.1056338028169014, 0.02112676056338028], [0.6397306397306397, 0.17845117845117844, 0.13468013468013468, 0.04713804713804714], [0.8188976377952756, 0.13385826771653545, 0.031496062992125984, 0.015748031496062992], [0.7622950819672131, 0.1557377049180328, 0.05737704918032787, 0.02459016393442623], [0.8827586206896552, 0.10344827586206896, 0.006896551724137931, 0.006896551724137931], [0.648068669527897, 0.19742489270386265, 0.12446351931330472, 0.030042918454935622], [0.873015873015873, 0.1111111111111111, 0.007936507936507936, 0.007936507936507936], [0.7374301675977654, 0.18435754189944134, 0.061452513966480445, 0.01675977653631285], [0.6712328767123288, 0.18493150684931506, 0.10616438356164383, 0.03767123287671233], [0.7043478260869566, 0.14782608695652175, 0.10434782608695652, 0.043478260869565216], [0.905511811023622, 0.07874015748031496, 0.007874015748031496, 0.007874015748031496], [0.8062015503875969, 0.12403100775193798, 0.046511627906976744, 0.023255813953488372], [0.6857142857142857, 0.19591836734693877, 0.08163265306122448, 0.036734693877551024], [0.609375, 0.20833333333333334, 0.15104166666666666, 0.03125], [0.6052631578947368, 0.2412280701754386, 0.11403508771929824, 0.039473684210526314], [0.6855895196506551, 0.2096069868995633, 0.08733624454148471, 0.017467248908296942], [0.7239819004524887, 0.16289592760180996, 0.09502262443438914, 0.01809954751131222], [0.8791946308724832, 0.087248322147651, 0.026845637583892617, 0.006711409395973154], [0.6222222222222222, 0.2388888888888889, 0.07222222222222222, 0.06666666666666667], [0.7686567164179104, 0.1044776119402985, 0.06716417910447761, 0.05970149253731343], [0.7243816254416962, 0.17314487632508835, 0.08480565371024736, 0.0176678445229682], [0.9080459770114943, 0.07471264367816093, 0.017241379310344827, 0.0], [0.8984375, 0.0859375, 0.015625, 0.0], [0.6242424242424243, 0.1696969696969697, 0.14545454545454545, 0.06060606060606061], [0.7874015748031497, 0.14173228346456693, 0.05511811023622047, 0.015748031496062992], [0.6792452830188679, 0.20754716981132076, 0.09905660377358491, 0.014150943396226415], [0.8896551724137931, 0.0896551724137931, 0.020689655172413793, 0.0], [0.975609756097561, 0.024390243902439025, 0.0, 0.0], [0.7894736842105263, 0.12781954887218044, 0.06015037593984962, 0.022556390977443608], [0.8347826086956521, 0.14782608695652175, 0.017391304347826087, 0.0], [0.6950354609929078, 0.19858156028368795, 0.09929078014184398, 0.0070921985815602835], [0.8715596330275229, 0.11009174311926606, 0.01834862385321101, 0.0], [0.84, 0.104, 0.048, 0.008], [0.7158469945355191, 0.15846994535519127, 0.08196721311475409, 0.04371584699453552], [0.71, 0.19666666666666666, 0.07333333333333333, 0.02], [0.816793893129771, 0.09923664122137404, 0.06870229007633588, 0.015267175572519083], [0.6602316602316602, 0.21621621621621623, 0.09652509652509653, 0.02702702702702703], [0.6125, 0.25833333333333336, 0.08333333333333333, 0.04583333333333333], [0.8353658536585366, 0.12195121951219512, 0.036585365853658534, 0.006097560975609756], [0.6822916666666666, 0.21875, 0.07291666666666667, 0.026041666666666668], [0.7244094488188977, 0.16535433070866143, 0.06299212598425197, 0.047244094488188976], [0.6898148148148148, 0.1712962962962963, 0.10648148148148148, 0.032407407407407406], [0.6111111111111112, 0.2222222222222222, 0.09523809523809523, 0.07142857142857142], [0.6842105263157895, 0.17293233082706766, 0.08270676691729323, 0.06015037593984962], [0.8333333333333334, 0.12280701754385964, 0.03508771929824561, 0.008771929824561403], [0.8715596330275229, 0.08256880733944955, 0.03669724770642202, 0.009174311926605505], [0.6567796610169492, 0.22033898305084745, 0.09745762711864407, 0.025423728813559324], [0.649402390438247, 0.1952191235059761, 0.11155378486055777, 0.043824701195219126], [0.677570093457944, 0.17289719626168223, 0.10747663551401869, 0.04205607476635514], [0.6811594202898551, 0.1497584541062802, 0.13043478260869565, 0.03864734299516908], [0.5900383141762452, 0.2222222222222222, 0.1532567049808429, 0.034482758620689655], [0.6353383458646616, 0.2631578947368421, 0.07518796992481203, 0.02631578947368421], [0.7575757575757576, 0.11363636363636363, 0.09848484848484848, 0.030303030303030304], [0.676, 0.188, 0.096, 0.04], [0.5967078189300411, 0.23868312757201646, 0.13991769547325103, 0.024691358024691357], [0.8670886075949367, 0.10126582278481013, 0.03164556962025317, 0.0], [0.6581632653061225, 0.2193877551020408, 0.10714285714285714, 0.015306122448979591], [0.676923076923077, 0.2358974358974359, 0.06153846153846154, 0.02564102564102564], [0.6964285714285714, 0.125, 0.11607142857142858, 0.0625], [0.7606837606837606, 0.15384615384615385, 0.08547008547008547, 0.0], [0.7466666666666667, 0.22666666666666666, 0.02666666666666667, 0.0]]}, "acc_test": 0.8666666666666667, "precision_test": 0.92, "recall_test": 0.7931034482758621, "f1_test": 0.851851851851852, "auc_test": 0.907119021134594}
{"name": "perturbation_10_z", "predictions": {"test": [0.6929393966022497, 0.7618856840727357, 0.4999652339554782, 1.7258169370733292, 2.025366466961286, 1.4848170620181596, 0.8553172966957128, 0.9011472725152964, 1.0164975441548334, 0.3653103545238446, 0.5840812417096258, 0.9798904555539107, 0.950108108804152, 0.036173881539059545, 0.5043994274477969, 0.4386574998425047, 0.670053936085572, 0.5062677664463453, 0.05118068183674404, -0.2902946046946457, -0.17943778368255708, -0.13707584240250725, -0.20711868378826742, 0.20120828584258868, 0.921787141886895, 0.5495402663868898, 0.31820935727709476, 0.3902640098871634, -0.19154124345268397, 0.23906754499167088, 0.5013151756992128, -0.01542551030520766, 0.08189614027908369, 0.23987336990116495, -0.14820507873701702, -0.4288917478054735, 0.2508351536295094, 0.5743620531721825, 0.6450179143589274, 1.129544380706528, 0.09912104833523797, 0.971236522266877, 0.11725271835005975, 0.6678652433882102, 0.8326611986815563, -0.3599705217244913, 0.2519960241896709, -0.15481610240546062, 0.8782462468860563, 0.06460985196092897, 1.0141433636016652, 0.11372695137611537, 0.0906694838414809, 1.3102469839625104, 0.9286100636884393, -0.44731345434708053, 1.1717498240669204, 0.021487745320470857, 0.8860936447025654, 0.33314791250295583, 0.4286461828031725, -0.12490013585337283, 0.08551367342243797, 1.9442129282372607, 0.8597028950503377, 0.392660454987055, 0.935561083082081, 0.3980897654543429, 0.04375531465973894, 1.65355043394264, 1.1979243764683796, 0.2034599265669834, 0.1899844961085425, 0.24482187754554227, -0.13179338478007535, -0.1206646910579138, 2.028313375152041, 0.025504837812596312, 0.06136087529908707, 0.48940840228964827, 1.5477980793499728, 1.4331250574625878, 0.7643574843708234, 0.8906254791858877, 0.42975228314446573, 0.8266212357042589, 0.9726582432177859, 0.8383953030204564, 1.4277099355301908, 0.9301003619667281, 0.9255664394363131, 1.4283045852984702, -0.5150497416932343, 0.7058353148194184, 2.038966529481587, -0.11032788851751106, 0.08263292270192836, 0.7126210467080231, -0.32817482857657626, 0.8229799935797846, -0.4560884279877238, 0.020299430443616023, -0.09164400936107095, 0.8249224678245938, 0.3662641436253166, -0.1803827996434121, -0.11442507496949123, -1.2068491922662463, 0.46697715404996665, 0.08803681584577047, -0.39768744756411645, 0.010518542774567138, -0.011968525166877424, 1.9128194390478106, 0.6881490704075605, 0.20169643084202557, 1.2501785774732106, 0.44538896792699945, -0.572712015853491, 0.4914912566994833]}, "info": {"pct_words_masked": 0.3, "span_length": 2, "n_perturbations": 10}, "general": {"acc_test": 0.675, "precision_test": 0.6417910447761194, "recall_test": 0.7413793103448276, "f1_test": 0.688, "auc_test": 0.7132925472747498}}
{"name": "GPT-sentinel", "acc": 0.9583333333333334}
{"name": "roberta-base-openai-detector", "predictions": {"test": [0.00019872424309141934, 0.0004122137906961143, 0.0002742930082604289, 0.999798595905304, 0.999795138835907, 0.0001827992091421038, 0.0030300526414066553, 0.9932671785354614, 0.5790716409683228, 0.923483669757843, 0.00045910259359516203, 0.0002072976203635335, 0.9584070444107056, 0.0005247938679531217, 0.00017585924069862813, 0.9998264908790588, 0.9997705817222595, 0.9963208436965942, 0.00033745125983841717, 0.001965983072295785, 0.001962497364729643, 0.004669758956879377, 0.0001781718892743811, 0.0003386072057764977, 0.000670178618747741, 0.0002069103647954762, 0.00018781048129312694, 0.06807498633861542, 0.0003548466193024069, 0.0001800444588297978, 0.0005428266595117748, 0.0001760466257110238, 0.9734354019165039, 0.0004468573024496436, 0.5414083003997803, 0.0001767658832250163, 0.12625187635421753, 0.00021118931181263179, 0.001885190955363214, 0.00034809912904165685, 0.0003091389953624457, 0.9998282194137573, 0.01914360374212265, 0.9998181462287903, 0.1445535272359848, 0.0004117285425309092, 0.00019304394663777202, 0.0005239712190814316, 0.0003823806473519653, 0.000187693236512132, 0.9972726702690125, 0.0002644881315063685, 0.00028652470791712403, 0.898373544216156, 0.0001757018471835181, 0.0005002400139346719, 0.9919832348823547, 0.0003512334660626948, 0.0003647230041678995, 0.00041699528810568154, 0.00017180040595121682, 0.9994276165962219, 0.8176106810569763, 0.9998216032981873, 0.00025424681371077895, 0.9997702240943909, 0.00017532914353068918, 0.0004452727152965963, 0.9615197777748108, 0.9998248219490051, 0.9997908473014832, 0.0001743016910040751, 0.00039939902490004897, 0.0001983916008612141, 0.0002810489968396723, 0.00022328666818793863, 0.9628620147705078, 0.00019509141566231847, 0.003107121679931879, 0.00020466042042244226, 0.7774090766906738, 0.9998267292976379, 0.000356370466761291, 0.20841488242149353, 0.0002280787448398769, 0.9996922016143799, 0.9998270869255066, 0.02217509225010872, 0.9984331727027893, 0.00018125487258657813, 0.999810516834259, 0.9951270818710327, 0.00026529835304245353, 0.00019921465718653053, 0.8894662857055664, 0.0003092032275162637, 0.0002450596948619932, 0.9995858073234558, 0.00028194751939736307, 0.0004467359103728086, 0.00022850885579828173, 0.00019873998826369643, 0.0001843618374550715, 0.9998168349266052, 0.9934914708137512, 0.00017057097284123302, 0.00021078634017612785, 0.0004028115072287619, 0.0001934225729200989, 0.00025445196661166847, 0.00019314097880851477, 0.0028339806012809277, 0.0003648925921879709, 0.00019820273155346513, 0.9998248219490051, 0.00020053361367899925, 0.0001832072011893615, 0.8601000905036926, 0.009785743430256844, 0.9574220180511475]}, "logits": {"test": [-4.614958763122559, -4.1996002197265625, -4.431274890899658, 4.629071235656738, 4.626108646392822, -4.65726900100708, -3.1334762573242188, 2.574970006942749, 0.10391406714916229, 1.2328976392745972, -4.139197826385498, -4.594268798828125, 1.5533990859985352, -4.063138484954834, -4.690785884857178, 4.700377464294434, 4.527851581573486, 2.916564702987671, -4.317054748535156, -3.342926502227783, -3.3536787033081055, -2.8981659412384033, -4.67389440536499, -4.307127952575684, -3.928905487060547, -4.596930503845215, -4.650931358337402, -1.423866868019104, -4.283666133880615, -4.673333644866943, -4.061000823974609, -4.688009738922119, 1.8892138004302979, -4.141923904418945, 0.018900303170084953, -4.671727180480957, -1.0621869564056396, -4.582692623138428, -3.3456785678863525, -4.2948079109191895, -4.356666564941406, 4.709439754486084, -2.1029982566833496, 4.682286739349365, -0.9756844639778137, -4.200469017028809, -4.631098747253418, -4.078212738037109, -4.240902900695801, -4.650439262390137, 3.085996150970459, -4.463180065155029, -4.403041362762451, 1.0520315170288086, -4.683764934539795, -4.086441993713379, 2.4739608764648438, -4.289332866668701, -4.275148391723633, -4.193431854248047, -4.693188190460205, 3.9856362342834473, 0.7057480216026306, 4.691503047943115, -4.471146106719971, 4.525839805603027, -4.692946434020996, -4.156920433044434, 1.6071444749832153, 4.695960521697998, 4.580647945404053, -4.689312934875488, -4.216859817504883, -4.6208624839782715, -4.41977596282959, -4.553684234619141, 1.6194978952407837, -4.630769729614258, -3.0910379886627197, -4.596299171447754, 0.5846992135047913, 4.704310894012451, -4.278968334197998, -0.7587401866912842, -4.5387749671936035, 4.349487781524658, 4.703902244567871, -2.033362865447998, 3.4009833335876465, -4.669513702392578, 4.661077499389648, 2.759982109069824, -4.45769739151001, -4.611721038818359, 1.013209342956543, -4.363089084625244, -4.477618217468262, 4.188808441162109, -4.425965309143066, -4.151114463806152, -4.526880264282227, -4.618386268615723, -4.660510540008545, 4.66111421585083, 2.5992162227630615, -4.70435905456543, -4.578858375549316, -4.2159013748168945, -4.631733417510986, -4.477268218994141, -4.632309913635254, -3.129298448562622, -4.2718586921691895, -4.6124267578125, 4.691957473754883, -4.612909317016602, -4.657098770141602, 0.8670754432678223, -2.4781970977783203, 1.559193730354309]}, "acc_test": 0.8166666666666667, "precision_test": 0.9736842105263158, "recall_test": 0.6379310344827587, "f1_test": 0.7708333333333335, "auc_test": 0.9238042269187987, "preds": [0.999798595905304, 0.999795138835907, 0.0001827992091421038, 0.0030300526414066553, 0.9932671785354614, 0.5790716409683228, 0.923483669757843, 0.9584070444107056, 0.9998264908790588, 0.9997705817222595, 0.9963208436965942, 0.001962497364729643, 0.004669758956879377, 0.06807498633861542, 0.0005428266595117748, 0.5414083003997803, 0.12625187635421753, 0.001885190955363214, 0.9998282194137573, 0.01914360374212265, 0.9998181462287903, 0.1445535272359848, 0.0005239712190814316, 0.9972726702690125, 0.0002644881315063685, 0.898373544216156, 0.9919832348823547, 0.9994276165962219, 0.8176106810569763, 0.9998216032981873, 0.9997702240943909, 0.00017532914353068918, 0.9615197777748108, 0.9998248219490051, 0.9997908473014832, 0.9628620147705078, 0.003107121679931879, 0.7774090766906738, 0.9998267292976379, 0.20841488242149353, 0.9996922016143799, 0.9998270869255066, 0.02217509225010872, 0.9984331727027893, 0.999810516834259, 0.9951270818710327, 0.8894662857055664, 0.9995858073234558, 0.0004467359103728086, 0.00019873998826369643, 0.0001843618374550715, 0.9998168349266052, 0.9934914708137512, 0.0028339806012809277, 0.9998248219490051, 0.8601000905036926, 0.009785743430256844, 0.9574220180511475]}
{"name": "Hello-SimpleAI/chatgpt-detector-roberta", "predictions": {"test": [0.0003671740123536438, 0.2999967038631439, 0.000870644929818809, 0.9992351531982422, 0.9992332458496094, 0.008385551162064075, 0.9992245435714722, 0.9992377758026123, 0.007985509000718594, 0.9991926550865173, 0.023584123700857162, 0.03009788878262043, 0.9991457462310791, 0.008085820823907852, 0.02841223031282425, 0.9992417097091675, 0.9992467164993286, 0.9992426633834839, 0.0006558432360179722, 0.9611707329750061, 0.13956618309020996, 0.9992425441741943, 0.02703748643398285, 0.002371644601225853, 0.012113331817090511, 0.016832375898957253, 0.16292192041873932, 0.0229844581335783, 0.001198470825329423, 0.8944745659828186, 0.05356617271900177, 0.008237812668085098, 0.0011798423947766423, 0.2796332836151123, 0.0028985580429434776, 0.24575868248939514, 0.9990832805633545, 0.0062426915392279625, 0.9405084252357483, 0.0004384556086733937, 0.01102519128471613, 0.9992293119430542, 0.002956083510071039, 0.9991633892059326, 0.9990242719650269, 0.11452928930521011, 0.006178362760692835, 0.9842654466629028, 0.04019974172115326, 0.04984494298696518, 0.9992425441741943, 0.0009530812385492027, 0.3396865725517273, 0.9992280006408691, 0.3308991491794586, 0.01279630046337843, 0.9974756836891174, 0.0736812949180603, 0.019024904817342758, 0.01762234978377819, 0.0005058551323600113, 0.3056667149066925, 0.7608929872512817, 0.9992331266403198, 0.029197754338383675, 0.9990092515945435, 0.8643117547035217, 0.026505758985877037, 0.9989516735076904, 0.9992297887802124, 0.9589049816131592, 0.02321847900748253, 0.0007605952559970319, 0.010753113776445389, 0.012961415573954582, 0.9926871061325073, 0.9992454051971436, 0.006627904251217842, 0.001339223119430244, 0.009681557305157185, 0.9992339611053467, 0.999241828918457, 0.006204563193023205, 0.9973147511482239, 0.06612763553857803, 0.9991686344146729, 0.9992450475692749, 0.9684441685676575, 0.9990136623382568, 0.6737350821495056, 0.9992357492446899, 0.06800112128257751, 0.9433698654174805, 0.3537050187587738, 0.9992339611053467, 0.00030670707928948104, 0.00044267080374993384, 0.9992319345474243, 0.9854381084442139, 0.13113026320934296, 0.014206135645508766, 0.0005104009178467095, 0.16662487387657166, 0.9992142915725708, 0.999146580696106, 0.34928232431411743, 0.21432796120643616, 0.8392269611358643, 0.9326431155204773, 0.0038465834222733974, 0.010991141200065613, 0.952599048614502, 0.0013292365474626422, 0.0029759861063212156, 0.999237060546875, 0.9417662024497986, 0.019495133310556412, 0.3213210999965668, 0.997043788433075, 0.744087278842926]}, "logits": {"test": [-3.5624873638153076, -0.5627875328063965, -3.249223470687866, 3.1239113807678223, 3.123889684677124, -2.315286636352539, 3.1228301525115967, 3.1239535808563232, -2.336500644683838, 3.1135828495025635, -1.8575267791748047, -1.7469857931137085, 3.0966081619262695, -2.331087827682495, -1.7732107639312744, 3.1241672039031982, 3.1246423721313477, 3.124293565750122, -3.3563570976257324, 1.5193756818771362, -1.0092421770095825, 3.124345064163208, -1.7957236766815186, -2.850302219390869, -2.154397964477539, -2.0086772441864014, -0.926642656326294, -1.8691376447677612, -3.125075340270996, 1.0557732582092285, -1.4804831743240356, -2.3230035305023193, -3.1312379837036133, -0.608289897441864, -2.7673838138580322, -0.689576268196106, 3.0731799602508545, -2.442861795425415, 1.3258613348007202, -3.50203800201416, -2.195741891860962, 3.1235761642456055, -2.7592148780822754, 3.1031301021575928, 3.051403760910034, -1.1111961603164673, -2.4472978115081787, 1.9162962436676025, -1.6142350435256958, -1.5142585039138794, 3.1243467330932617, -3.214404344558716, -0.4787027835845947, 3.1234068870544434, -0.4965705871582031, -2.1301918029785156, 2.683330535888672, -1.3288401365280151, -1.9540363550186157, -1.9882296323776245, -3.451478958129883, -0.5501092672348022, 0.6254743933677673, 3.123879909515381, -1.7608131170272827, 3.0459625720977783, 0.9317307472229004, -1.8047302961349487, 3.025587558746338, 3.1236391067504883, 1.4939231872558594, -1.8645669221878052, -3.3006930351257324, -2.206705331802368, -2.124534845352173, 2.243461847305298, 3.124811887741089, -2.4170806407928467, -3.0812225341796875, -2.2526469230651855, 3.1239173412323, 3.124329090118408, -2.445476531982422, 2.658323049545288, -1.3807376623153687, 3.105081558227539, 3.1246936321258545, 1.6118080615997314, 3.0475525856018066, 0.431692898273468, 3.1239235401153564, -1.3673738241195679, 1.3484892845153809, -0.4510604739189148, 3.1238961219787598, -3.6207308769226074, -3.498704195022583, 3.1238346099853516, 1.9497305154800415, -0.7453197240829468, -2.084005832672119, -3.4482624530792236, -0.9143514633178711, 3.1203854084014893, 3.0969207286834717, -0.45959708094596863, -0.7719042301177979, 0.8448804616928101, 1.2684873342514038, -2.648982286453247, -2.19710636138916, 1.4295153617858887, -3.0856099128723145, -2.756420612335205, 3.123903751373291, 1.3360247611999512, -1.9430880546569824, -0.516660213470459, 2.6192691326141357, 0.5850430727005005]}, "acc_test": 0.8, "precision_test": 0.8269230769230769, "recall_test": 0.7413793103448276, "f1_test": 0.7818181818181817, "auc_test": 0.8509454949944383, "preds": [0.9992351531982422, 0.9992332458496094, 0.008385551162064075, 0.9992245435714722, 0.9992377758026123, 0.007985509000718594, 0.9991926550865173, 0.9991457462310791, 0.9992417097091675, 0.9992467164993286, 0.9992426633834839, 0.13956618309020996, 0.9992425441741943, 0.0229844581335783, 0.05356617271900177, 0.0028985580429434776, 0.9990832805633545, 0.9405084252357483, 0.9992293119430542, 0.002956083510071039, 0.9991633892059326, 0.9990242719650269, 0.9842654466629028, 0.9992425441741943, 0.0009530812385492027, 0.9992280006408691, 0.9974756836891174, 0.3056667149066925, 0.7608929872512817, 0.9992331266403198, 0.9990092515945435, 0.8643117547035217, 0.9989516735076904, 0.9992297887802124, 0.9589049816131592, 0.9992454051971436, 0.001339223119430244, 0.9992339611053467, 0.999241828918457, 0.9973147511482239, 0.9991686344146729, 0.9992450475692749, 0.9684441685676575, 0.9990136623382568, 0.9992357492446899, 0.06800112128257751, 0.9992339611053467, 0.9992319345474243, 0.13113026320934296, 0.0005104009178467095, 0.16662487387657166, 0.9992142915725708, 0.999146580696106, 0.952599048614502, 0.999237060546875, 0.3213210999965668, 0.997043788433075, 0.744087278842926]}
