{"name": "likelihood_threshold", "predictions": {"test": [-3.0835392475128174, -3.546823024749756, -2.7543423175811768, -3.2358551025390625, -2.3653883934020996, -3.349482297897339, -3.5397562980651855, -2.992100477218628, -3.2898995876312256, -2.957145929336548, -3.8322391510009766, -3.4261090755462646, -3.6123433113098145, -3.4147229194641113, -3.610867500305176, -3.1220786571502686, -3.149914264678955, -3.5633082389831543, -3.463139057159424, -3.284127950668335, -3.1493144035339355, -3.578965425491333, -4.247433662414551, -3.7922980785369873, -2.862123489379883, -3.143124580383301, -4.260087966918945, -3.4224750995635986, -2.851383924484253, -3.6090035438537598, -3.3355400562286377, -4.502969741821289, -3.797938346862793, -3.4384348392486572, -2.9326391220092773, -3.1256484985351562, -2.712055206298828, -3.258265495300293, -3.1543397903442383, -2.7279934883117676, -3.2380850315093994, -3.438534736633301, -2.9543633460998535, -2.2301130294799805, -3.1721560955047607, -3.677682399749756, -2.9241089820861816, -2.603675127029419, -4.115608215332031, -3.3712148666381836, -3.814213275909424, -3.4706764221191406, -4.142273426055908, -3.2094151973724365, -3.0571975708007812, -4.04473352432251, -3.1349968910217285, -3.1748201847076416, -2.5303955078125, -3.3067665100097656, -3.331148386001587, -2.9701290130615234, -3.490708589553833, -2.5724151134490967, -3.417685031890869, -2.949725389480591, -3.442141532897949, -3.471332311630249, -3.084705114364624, -3.3346567153930664, -3.3356664180755615, -4.095673084259033, -3.1826822757720947, -4.082169532775879, -4.0704193115234375, -3.4044270515441895, -3.392277240753174, -3.249077558517456, -2.5253453254699707, -3.266580104827881, -3.045215129852295, -2.805887222290039, -3.9706499576568604, -3.0310287475585938, -3.3524255752563477, -2.8954474925994873, -4.311040878295898, -2.356419086456299, -2.442436933517456, -3.604675769805908, -2.493825674057007, -3.133976936340332, -3.460237503051758, -3.6022675037384033, -2.817124605178833, -3.707284688949585, -3.317063331604004, -3.1735939979553223, -3.236172676086426, -3.110149383544922, -4.1784515380859375, -3.013059377670288, -3.7072250843048096, -3.941725492477417, -3.349458694458008, -3.408278226852417, -3.017782211303711, -3.4227569103240967, -4.115074634552002, -3.0728695392608643, -3.4960551261901855, -3.53305983543396, -3.4940974712371826, -3.3290045261383057, -4.202184200286865, -3.3233957290649414, -3.72566556930542, -2.932868003845215, -3.0097849369049072, -3.8777341842651367]}, "acc_test": 0.675, "precision_test": 0.7021276595744681, "recall_test": 0.5689655172413793, "f1_test": 0.6285714285714287, "auc_test": 0.6991101223581757}
{"name": "rank_threshold", "predictions": {"test": [-128.6844940185547, -126.29251098632812, -239.2484130859375, -153.67088317871094, -39.4591178894043, -90.97483825683594, -156.2627716064453, -82.35465240478516, -257.61651611328125, -74.13605499267578, -272.99383544921875, -102.58580017089844, -117.0888900756836, -168.1901397705078, -218.8170623779297, -34.024192810058594, -180.0365753173828, -116.69629669189453, -455.6376037597656, -208.67567443847656, -134.43373107910156, -275.8631591796875, -312.0457458496094, -446.1446533203125, -40.42856979370117, -126.49090576171875, -445.34423828125, -86.52857208251953, -107.79267883300781, -386.5988464355469, -162.7412567138672, -337.4691467285156, -268.9140930175781, -139.0454559326172, -74.21126556396484, -94.96470642089844, -50.48792266845703, -45.21428680419922, -81.17532348632812, -157.32386779785156, -89.87574005126953, -168.62200927734375, -116.87333679199219, -102.23076629638672, -106.46428680419922, -160.28248596191406, -94.53548431396484, -61.0625, -169.77706909179688, -187.7663116455078, -409.93585205078125, -177.62857055664062, -545.3707885742188, -125.53097534179688, -90.50694274902344, -425.0294189453125, -168.03225708007812, -100.55033874511719, -589.423095703125, -162.5875701904297, -192.05487060546875, -64.60526275634766, -243.10256958007812, -27.615385055541992, -213.52841186523438, -39.66666793823242, -191.6845703125, -167.15789794921875, -90.78620910644531, -91.08450317382812, -158.16860961914062, -379.5737609863281, -235.3125, -241.49342346191406, -365.1600036621094, -154.2710723876953, -145.5597381591797, -151.30201721191406, -26.077777862548828, -161.49765014648438, -117.2437515258789, -61.795772552490234, -455.9161071777344, -138.0454559326172, -54.80864334106445, -134.13072204589844, -284.1835632324219, -46.8967399597168, -315.3204650878906, -401.20001220703125, -21.21808433532715, -98.23333740234375, -173.0994110107422, -106.70588684082031, -58.0, -164.661376953125, -251.40110778808594, -120.51851654052734, -169.356689453125, -226.82089233398438, -478.08966064453125, -59.22142791748047, -106.91613006591797, -355.6867370605469, -292.9012451171875, -157.0500030517578, -28.293785095214844, -303.8888854980469, -160.43016052246094, -66.68840789794922, -122.9464340209961, -326.2978515625, -176.77586364746094, -227.49765014648438, -317.52703857421875, -112.66459655761719, -243.5426788330078, -66.30644989013672, -65.41954040527344, -301.7591247558594]}, "acc_test": 0.625, "precision_test": 0.5942028985507246, "recall_test": 0.7068965517241379, "f1_test": 0.6456692913385826, "auc_test": 0.6935483870967741}
{"name": "log_rank_threshold", "predictions": {"test": [-1.660825490951538, -1.8943952322006226, -1.3890217542648315, -1.746391773223877, -1.132987380027771, -1.787933111190796, -1.9409233331680298, -1.520245909690857, -1.8558770418167114, -1.5957176685333252, -2.094250202178955, -1.944266676902771, -2.031275749206543, -1.7774159908294678, -2.0338428020477295, -1.5942562818527222, -1.685075283050537, -1.9812933206558228, -1.9564018249511719, -1.7322646379470825, -1.633152961730957, -1.8494173288345337, -2.3329415321350098, -2.1343908309936523, -1.4015352725982666, -1.585797667503357, -2.4273831844329834, -1.8687233924865723, -1.4064280986785889, -1.8733296394348145, -1.7179473638534546, -2.6324222087860107, -2.083876371383667, -1.827990174293518, -1.5659890174865723, -1.6404814720153809, -1.4144898653030396, -1.6414133310317993, -1.6290072202682495, -1.400146484375, -1.6887171268463135, -2.0161216259002686, -1.5203858613967896, -1.1483551263809204, -1.6620975732803345, -1.9627268314361572, -1.4155938625335693, -1.2111843824386597, -2.2695960998535156, -1.8258317708969116, -2.2973883152008057, -1.8840770721435547, -2.437145709991455, -1.673155665397644, -1.5572158098220825, -2.3158726692199707, -1.6196175813674927, -1.665698528289795, -1.4992146492004395, -1.7712547779083252, -1.7591092586517334, -1.4919482469558716, -1.8721160888671875, -1.2615138292312622, -1.8851592540740967, -1.5920696258544922, -1.936206340789795, -1.8051345348358154, -1.6469396352767944, -1.7509186267852783, -1.7560126781463623, -2.3834822177886963, -1.7360754013061523, -2.2725424766540527, -2.3372676372528076, -1.8414860963821411, -1.877252459526062, -1.6818459033966064, -1.153107762336731, -1.7618743181228638, -1.6602680683135986, -1.476950764656067, -2.2535808086395264, -1.5873661041259766, -1.754647970199585, -1.5126193761825562, -2.4668705463409424, -1.1184980869293213, -1.3277674913406372, -2.0360162258148193, -1.288644790649414, -1.6774533987045288, -1.8737186193466187, -1.8863469362258911, -1.4022130966186523, -2.0047361850738525, -1.7337061166763306, -1.6941347122192383, -1.7340331077575684, -1.5885533094406128, -2.3835673332214355, -1.5309420824050903, -2.0388712882995605, -2.3536336421966553, -1.8872908353805542, -1.830649733543396, -1.4972513914108276, -1.8367359638214111, -2.2886440753936768, -1.4117146730422974, -1.8606796264648438, -1.9512717723846436, -2.000842571258545, -1.8093308210372925, -2.4268643856048584, -1.7986598014831543, -2.027073383331299, -1.520117163658142, -1.5095463991165161, -2.257256507873535]}, "acc_test": 0.65, "precision_test": 0.6818181818181818, "recall_test": 0.5172413793103449, "f1_test": 0.5882352941176471, "auc_test": 0.6726918798665183}
{"name": "entropy_threshold", "predictions": {"test": [3.2502710819244385, 3.7915985584259033, 3.028218984603882, 3.760970115661621, 3.0667073726654053, 3.787692070007324, 3.542961597442627, 3.104870557785034, 3.49101185798645, 3.1368935108184814, 4.024901866912842, 3.7271888256073, 3.653733968734741, 3.67704176902771, 3.930830717086792, 3.463773727416992, 3.4633939266204834, 3.5957818031311035, 3.6818368434906006, 3.405904531478882, 3.3347182273864746, 3.506920576095581, 4.392469882965088, 3.8323585987091064, 3.218069076538086, 3.421308994293213, 4.307387828826904, 3.498077630996704, 3.30265212059021, 3.9914040565490723, 3.5825164318084717, 4.563106536865234, 3.8075103759765625, 3.4769880771636963, 3.1865391731262207, 3.3182661533355713, 3.3190038204193115, 3.4078285694122314, 3.7811038494110107, 3.3206851482391357, 3.5126945972442627, 3.2970693111419678, 3.233543872833252, 2.584695339202881, 3.4558262825012207, 3.8167924880981445, 3.3537216186523438, 3.316033124923706, 4.530587673187256, 3.4474222660064697, 3.703339099884033, 3.496041774749756, 4.524822235107422, 3.4261317253112793, 3.3156983852386475, 4.041426658630371, 3.495407819747925, 3.293154239654541, 2.5864062309265137, 3.5907037258148193, 3.700350761413574, 3.0256199836730957, 3.4366488456726074, 2.84444260597229, 4.0554585456848145, 3.210798740386963, 3.585395097732544, 3.4736435413360596, 3.2194180488586426, 3.1998372077941895, 3.440922260284424, 4.197544574737549, 3.4145572185516357, 4.057856559753418, 4.200369834899902, 3.3409717082977295, 3.601083993911743, 3.4479165077209473, 3.3836684226989746, 3.437238931655884, 3.242182970046997, 3.033587694168091, 4.1034440994262695, 3.5220415592193604, 3.4852309226989746, 3.177382469177246, 4.108715057373047, 2.9529685974121094, 2.5028252601623535, 3.8219947814941406, 2.923689842224121, 3.313776731491089, 3.7748866081237793, 3.9194822311401367, 3.144869327545166, 3.6751010417938232, 3.3772542476654053, 3.3806207180023193, 3.461763381958008, 3.12713885307312, 4.373363971710205, 3.6967661380767822, 3.668694496154785, 3.7265756130218506, 3.516146421432495, 3.619934558868408, 3.4190211296081543, 3.3327584266662598, 3.999070405960083, 3.457085132598877, 3.645556926727295, 3.553075075149536, 3.432110548019409, 3.447226047515869, 3.9051802158355713, 3.7112629413604736, 3.691171169281006, 3.003826856613159, 2.966290235519409, 3.739659070968628]}, "acc_test": 0.6083333333333333, "precision_test": 0.5797101449275363, "recall_test": 0.6896551724137931, "f1_test": 0.6299212598425198, "auc_test": 0.7127363737486095}
{"name": "rank_GLTR_threshold", "predictions": {"test": [[0.7058823529411765, 0.17647058823529413, 0.09090909090909091, 0.026737967914438502], [0.6666666666666666, 0.23129251700680273, 0.061224489795918366, 0.04081632653061224], [0.7770700636942676, 0.15286624203821655, 0.05732484076433121, 0.012738853503184714], [0.759493670886076, 0.11392405063291139, 0.08860759493670886, 0.0379746835443038], [0.8176100628930818, 0.14465408805031446, 0.025157232704402517, 0.012578616352201259], [0.6729559748427673, 0.22012578616352202, 0.08176100628930817, 0.025157232704402517], [0.6277372262773723, 0.25547445255474455, 0.072992700729927, 0.043795620437956206], [0.7558139534883721, 0.1686046511627907, 0.06395348837209303, 0.011627906976744186], [0.6796116504854369, 0.1650485436893204, 0.10679611650485436, 0.04854368932038835], [0.7006802721088435, 0.2108843537414966, 0.08163265306122448, 0.006802721088435374], [0.654320987654321, 0.19135802469135801, 0.09876543209876543, 0.05555555555555555], [0.650887573964497, 0.17751479289940827, 0.14792899408284024, 0.023668639053254437], [0.6555555555555556, 0.16666666666666666, 0.14444444444444443, 0.03333333333333333], [0.6901408450704225, 0.20422535211267606, 0.08450704225352113, 0.02112676056338028], [0.676829268292683, 0.12804878048780488, 0.1402439024390244, 0.054878048780487805], [0.7096774193548387, 0.21774193548387097, 0.07258064516129033, 0.0], [0.75, 0.11585365853658537, 0.0975609756097561, 0.036585365853658534], [0.6592592592592592, 0.18518518518518517, 0.1111111111111111, 0.044444444444444446], [0.6880733944954128, 0.1651376146788991, 0.0963302752293578, 0.05045871559633028], [0.75, 0.13513513513513514, 0.08783783783783784, 0.02702702702702703], [0.7349397590361446, 0.16265060240963855, 0.08433734939759036, 0.018072289156626505], [0.6947368421052632, 0.1736842105263158, 0.1, 0.031578947368421054], [0.6209150326797386, 0.16993464052287582, 0.1503267973856209, 0.058823529411764705], [0.6226415094339622, 0.2138364779874214, 0.11320754716981132, 0.050314465408805034], [0.75, 0.20714285714285716, 0.02857142857142857, 0.014285714285714285], [0.7515151515151515, 0.13333333333333333, 0.07878787878787878, 0.03636363636363636], [0.5956284153005464, 0.18579234972677597, 0.12568306010928962, 0.09289617486338798], [0.6785714285714286, 0.15, 0.15, 0.02142857142857143], [0.7560975609756098, 0.15853658536585366, 0.06707317073170732, 0.018292682926829267], [0.686046511627907, 0.18604651162790697, 0.0755813953488372, 0.05232558139534884], [0.7062937062937062, 0.17482517482517482, 0.09090909090909091, 0.027972027972027972], [0.5185185185185185, 0.25925925925925924, 0.14814814814814814, 0.07407407407407407], [0.6257668711656442, 0.2147239263803681, 0.10429447852760736, 0.05521472392638037], [0.6931818181818182, 0.1875, 0.08522727272727272, 0.03409090909090909], [0.7183098591549296, 0.1619718309859155, 0.09154929577464789, 0.028169014084507043], [0.7352941176470589, 0.18823529411764706, 0.058823529411764705, 0.01764705882352941], [0.7536231884057971, 0.14492753623188406, 0.0966183574879227, 0.004830917874396135], [0.6928571428571428, 0.21428571428571427, 0.08571428571428572, 0.007142857142857143], [0.7207792207792207, 0.18831168831168832, 0.07142857142857142, 0.01948051948051948], [0.7613636363636364, 0.14204545454545456, 0.07954545454545454, 0.017045454545454544], [0.7337278106508875, 0.15976331360946747, 0.08284023668639054, 0.023668639053254437], [0.6363636363636364, 0.215311004784689, 0.10047846889952153, 0.04784688995215311], [0.7466666666666667, 0.17333333333333334, 0.06666666666666667, 0.013333333333333334], [0.8111888111888111, 0.11188811188811189, 0.06293706293706294, 0.013986013986013986], [0.7142857142857143, 0.18571428571428572, 0.08571428571428572, 0.014285714285714285], [0.6497175141242938, 0.21468926553672316, 0.1016949152542373, 0.03389830508474576], [0.7935483870967742, 0.14838709677419354, 0.03870967741935484, 0.01935483870967742], [0.825, 0.1125, 0.05, 0.0125], [0.5732484076433121, 0.24203821656050956, 0.1464968152866242, 0.03821656050955414], [0.6413043478260869, 0.2391304347826087, 0.09239130434782608, 0.02717391304347826], [0.6042780748663101, 0.19786096256684493, 0.13368983957219252, 0.06417112299465241], [0.7142857142857143, 0.12857142857142856, 0.12857142857142856, 0.02857142857142857], [0.5955056179775281, 0.19662921348314608, 0.10674157303370786, 0.10112359550561797], [0.6637168141592921, 0.21238938053097345, 0.10619469026548672, 0.017699115044247787], [0.7569444444444444, 0.1388888888888889, 0.09027777777777778, 0.013888888888888888], [0.6176470588235294, 0.18235294117647058, 0.11764705882352941, 0.08235294117647059], [0.7258064516129032, 0.17204301075268819, 0.08602150537634409, 0.016129032258064516], [0.7114093959731543, 0.1610738255033557, 0.11409395973154363, 0.013422818791946308], [0.7637362637362637, 0.09340659340659341, 0.06593406593406594, 0.07692307692307693], [0.711864406779661, 0.14689265536723164, 0.1016949152542373, 0.03954802259887006], [0.6646341463414634, 0.25, 0.06097560975609756, 0.024390243902439025], [0.7631578947368421, 0.16447368421052633, 0.05921052631578947, 0.013157894736842105], [0.6974358974358974, 0.14871794871794872, 0.09743589743589744, 0.05641025641025641], [0.7902097902097902, 0.16083916083916083, 0.04195804195804196, 0.006993006993006993], [0.6363636363636364, 0.22727272727272727, 0.08522727272727272, 0.05113636363636364], [0.6929824561403509, 0.19298245614035087, 0.11403508771929824, 0.0], [0.6644295302013423, 0.18120805369127516, 0.11409395973154363, 0.040268456375838924], [0.695906432748538, 0.1695906432748538, 0.0935672514619883, 0.04093567251461988], [0.7103448275862069, 0.18620689655172415, 0.06896551724137931, 0.034482758620689655], [0.6901408450704225, 0.2112676056338028, 0.07746478873239436, 0.02112676056338028], [0.686046511627907, 0.19186046511627908, 0.09302325581395349, 0.029069767441860465], [0.5956284153005464, 0.20218579234972678, 0.12568306010928962, 0.07650273224043716], [0.71875, 0.13020833333333334, 0.109375, 0.041666666666666664], [0.5921052631578947, 0.21052631578947367, 0.13815789473684212, 0.05921052631578947], [0.5657142857142857, 0.26857142857142857, 0.12, 0.045714285714285714], [0.6807228915662651, 0.18674698795180722, 0.10240963855421686, 0.030120481927710843], [0.6289308176100629, 0.27672955974842767, 0.06289308176100629, 0.031446540880503145], [0.738255033557047, 0.1476510067114094, 0.09395973154362416, 0.020134228187919462], [0.8388888888888889, 0.1111111111111111, 0.044444444444444446, 0.005555555555555556], [0.6901408450704225, 0.16901408450704225, 0.09389671361502347, 0.046948356807511735], [0.7375, 0.1625, 0.0625, 0.0375], [0.7323943661971831, 0.15492957746478872, 0.09859154929577464, 0.014084507042253521], [0.6258064516129033, 0.2, 0.07096774193548387, 0.1032258064516129], [0.7337662337662337, 0.17532467532467533, 0.07792207792207792, 0.012987012987012988], [0.654320987654321, 0.2654320987654321, 0.07407407407407407, 0.006172839506172839], [0.7516339869281046, 0.16993464052287582, 0.0392156862745098, 0.0392156862745098], [0.5949367088607594, 0.22151898734177214, 0.0949367088607595, 0.08860759493670886], [0.8152173913043478, 0.16304347826086957, 0.016304347826086956, 0.005434782608695652], [0.7900552486187845, 0.09944751381215469, 0.06077348066298342, 0.049723756906077346], [0.6333333333333333, 0.21428571428571427, 0.09047619047619047, 0.06190476190476191], [0.7659574468085106, 0.17553191489361702, 0.05851063829787234, 0.0], [0.7, 0.21666666666666667, 0.05, 0.03333333333333333], [0.6842105263157895, 0.17543859649122806, 0.10526315789473684, 0.03508771929824561], [0.6535947712418301, 0.23529411764705882, 0.08496732026143791, 0.026143790849673203], [0.7676056338028169, 0.13380281690140844, 0.08450704225352113, 0.014084507042253521], [0.6613756613756614, 0.1693121693121693, 0.14285714285714285, 0.026455026455026454], [0.7252747252747253, 0.14285714285714285, 0.0989010989010989, 0.03296703296703297], [0.6931216931216931, 0.19576719576719576, 0.08465608465608465, 0.026455026455026454], [0.7261146496815286, 0.1337579617834395, 0.10828025477707007, 0.03184713375796178], [0.7238805970149254, 0.20149253731343283, 0.05970149253731343, 0.014925373134328358], [0.6275862068965518, 0.15172413793103448, 0.15172413793103448, 0.06896551724137931], [0.7428571428571429, 0.21428571428571427, 0.02857142857142857, 0.014285714285714285], [0.6193548387096774, 0.23225806451612904, 0.12258064516129032, 0.025806451612903226], [0.5662650602409639, 0.2469879518072289, 0.08433734939759036, 0.10240963855421686], [0.7098765432098766, 0.13580246913580246, 0.08641975308641975, 0.06790123456790123], [0.6875, 0.1875, 0.09375, 0.03125], [0.751412429378531, 0.1864406779661017, 0.062146892655367235, 0.0], [0.7, 0.18333333333333332, 0.05, 0.06666666666666667], [0.5642458100558659, 0.2737430167597765, 0.11173184357541899, 0.05027932960893855], [0.782608695652174, 0.13043478260869565, 0.07971014492753623, 0.007246376811594203], [0.6964285714285714, 0.17261904761904762, 0.10119047619047619, 0.02976190476190476], [0.6808510638297872, 0.16312056737588654, 0.10638297872340426, 0.04964539007092199], [0.6781609195402298, 0.13793103448275862, 0.12643678160919541, 0.05747126436781609], [0.676056338028169, 0.2112676056338028, 0.0892018779342723, 0.023474178403755867], [0.581081081081081, 0.19594594594594594, 0.1554054054054054, 0.06756756756756757], [0.7080745341614907, 0.15527950310559005, 0.11180124223602485, 0.024844720496894408], [0.676829268292683, 0.18902439024390244, 0.07926829268292683, 0.054878048780487805], [0.7365591397849462, 0.1989247311827957, 0.053763440860215055, 0.010752688172043012], [0.7471264367816092, 0.16666666666666666, 0.07471264367816093, 0.011494252873563218], [0.6204379562043796, 0.18248175182481752, 0.15328467153284672, 0.043795620437956206]]}, "acc_test": 0.5833333333333334, "precision_test": 0.5952380952380952, "recall_test": 0.43103448275862066, "f1_test": 0.5, "auc_test": 0.6345939933259177}
{"name": "perturbation_10_z", "predictions": {"test": [0.9438863947044721, 0.04261078630992064, 0.29705324819566814, 0.29312130423568294, 0.9700872925795435, 0.6937854936687692, 0.29786988404022263, 0.20509142941188535, 2.860873285102703, 0.40241360169625273, -0.4280798148570156, -0.4503402324497863, -0.035197578164639205, -0.3949911452088538, 0.22192275316119994, 0.3124891179064183, 0.2654237843011268, 0.11814808286812262, 0.4592928483580711, 0.06615738002273519, 0.14905404700843491, -0.02642043361817112, -0.589555730137258, 0.7419856825348209, 0.4517224587670618, 0.36195896527463434, 1.1140735963668806, -0.12262397185960555, 0.9523073134018075, -1.2129076496550653, 1.7679897442485057, -1.3084869743468786, -0.19045679195432047, -0.07961197319827024, 0.5173501465045639, 0.22501927801310814, 1.1835758131912002, -0.750691066789846, 0.2563545939813532, 0.9919245421944676, -0.47592089778839597, 0.6210943539123482, 0.31458396428669755, 1.2709048862651864, 0.18032628751791313, 0.1366250435489395, 0.40061255982366306, 0.99161053963673, -0.19681449886751248, 0.5203127539486457, 0.850335313629304, 0.499299081366766, -0.10481321374065218, 0.25547044128859375, -0.0989891462935241, 0.014249827358091756, 0.7358718628372514, 0.266683151945137, -0.6944269624029243, -0.577279227598839, 0.31859674963813417, 0.5855612231594136, 0.3305117435134957, 0.576404405234077, 0.14481551214555116, 0.8720618410031035, 1.1670650393714745, -0.22217440054523308, 0.9284029195391695, 0.7015170321980158, -0.3032753948390992, -0.19646071282643973, 0.7040271215577348, -0.5742955347546135, 0.02007542543735569, -0.6388304808829667, -0.021505516504351507, -0.2652286584140641, 2.881607729080361, 1.5341992791440753, -0.16826209256437785, 0.8943992386070073, -0.6567837780425378, 0.29704480217097395, -0.004510373399877744, 0.6368652721849041, -0.47452160813581895, 0.9116216678837712, 0.5547593714550803, 0.12510390069681593, 1.4142084251082778, -0.3654412074807473, -0.4244465297237876, -0.20235792709580522, 0.7115525812983458, -0.2298491278767554, 0.048944201137170476, 0.14162686852594872, -0.13144852796557663, 0.11419043938358214, -0.2578292506111949, 1.2162682762942387, 0.25287977647497284, -0.24709387628043625, 0.15440954545198748, -0.333722707483998, -0.08820701867063589, 0.33548419901018495, -0.5534400761054398, -0.008133809294471083, -0.1813767521854503, 0.6464020237728351, 0.5591116131904061, 0.21736307099220556, -1.5689951585208235, -0.032882697749602924, -0.029472383193745004, 1.1944495296975748, 0.19581440450627366, -0.004854779465353766]}, "info": {"pct_words_masked": 0.3, "span_length": 2, "n_perturbations": 10}, "general": {"acc_test": 0.65, "precision_test": 0.6904761904761905, "recall_test": 0.5, "f1_test": 0.58, "auc_test": 0.7483314794215796}}
{"name": "GPT-sentinel", "acc": 0.7333333333333333}
{"name": "roberta-base-openai-detector", "predictions": {"test": [0.014850117266178131, 0.9993785619735718, 0.0004987373831681907, 0.9337019324302673, 0.9995546936988831, 0.0001915928878588602, 0.005419011227786541, 0.0003640945942606777, 0.0014359457418322563, 0.0187555979937315, 0.008946766145527363, 0.1785501092672348, 0.00016859036986716092, 0.0001969655422726646, 0.00029502404504455626, 0.0036141856107860804, 0.00017691223183646798, 0.022333087399601936, 0.00017624431347940117, 0.0005273090209811926, 0.002696195850148797, 0.00018663959053810686, 0.00028029916575178504, 0.0007167807198129594, 0.968626081943512, 0.17016372084617615, 0.0002931432973127812, 0.0004261601425241679, 0.0007248094771057367, 0.0003637908084783703, 0.00017772021237760782, 0.00022599373187404126, 0.007049310952425003, 0.00020773547294083983, 0.0003747516602743417, 0.00018256128532812, 0.0001881130156107247, 0.0026266600470989943, 0.012066168710589409, 0.11015339195728302, 0.04508712515234947, 0.0002974331146106124, 0.00017584027955308557, 0.0007950389990583062, 0.0003162641078233719, 0.006242163944989443, 0.00853105541318655, 0.004163677338510752, 0.0020729247480630875, 0.00027553830295801163, 0.00023390824208036065, 0.0002728607796598226, 0.00016897614113986492, 0.0006014615064486861, 0.10792956501245499, 0.00021614631987176836, 0.9206426739692688, 0.00033660506596788764, 0.998920202255249, 0.0014497877564281225, 0.0009023379534482956, 0.1158013567328453, 0.0042182873003184795, 0.019595306366682053, 0.00017052836483344436, 0.0001890502026071772, 0.0021400542464107275, 0.00021586583170574158, 0.0021647093817591667, 0.00016835871792864054, 0.0004336641577538103, 0.00018620498303789645, 0.00016931368736550212, 0.0008378337370231748, 0.0002555952232796699, 0.00018829712644219398, 0.0003497957659419626, 0.0002408997534075752, 0.9986428618431091, 0.00017099877004511654, 0.00017709736130200326, 0.007767773233354092, 0.0017535649240016937, 0.00017068861052393913, 0.0005498535465449095, 0.00017207172641064972, 0.9872338771820068, 0.0002488255559001118, 0.7157570123672485, 0.22498776018619537, 0.00617865240201354, 0.08467396348714828, 0.02964366227388382, 0.00017378656775690615, 0.002554049249738455, 0.00019542463996913284, 0.0001767855865182355, 0.00016966857947409153, 0.0005339074996300042, 0.0003994550497736782, 0.00018547847867012024, 0.0014082720736041665, 0.00047542498214170337, 0.0007206769660115242, 0.00017018870858009905, 0.000349860085407272, 0.00017076592484954745, 0.00018139768508262932, 0.032806623727083206, 0.01184985414147377, 0.002838969463482499, 0.00019181756942998618, 0.00023880385560914874, 0.00033685757080093026, 0.008346080780029297, 0.00017885681882034987, 0.00017217856657225639, 0.0002828184515237808, 0.0002358428610023111, 0.00016946600226219743]}, "logits": {"test": [-2.254193067550659, 3.952935218811035, -4.108578205108643, 1.2926461696624756, 4.135401248931885, -4.630675315856934, -2.8077964782714844, -4.280609607696533, -3.513606309890747, -2.12028169631958, -2.5045969486236572, -0.8523761630058289, -4.711036205291748, -4.625263690948486, -4.386967182159424, -3.0166735649108887, -4.68645715713501, -2.0377697944641113, -4.690273284912109, -4.057936191558838, -3.1826353073120117, -4.652450084686279, -4.421961784362793, -3.8886241912841797, 1.7383207082748413, -0.8630501627922058, -4.386211395263672, -4.190792083740234, -3.9004950523376465, -4.2669677734375, -4.687661170959473, -4.545456886291504, -2.6390626430511475, -4.592843055725098, -4.270473957061768, -4.670619010925293, -4.656806945800781, -3.1740496158599854, -2.353062391281128, -1.1376153230667114, -1.6568278074264526, -4.379128932952881, -4.687808513641357, -3.8519227504730225, -4.359780311584473, -2.6793994903564453, -2.534531831741333, -2.9424469470977783, -3.3090085983276367, -4.4337382316589355, -4.524487018585205, -4.444070339202881, -4.71262788772583, -4.005802154541016, -1.138107419013977, -4.569924831390381, 1.2015056610107422, -4.321429252624512, 3.6230287551879883, -3.5126373767852783, -3.7659037113189697, -1.1174187660217285, -2.913102626800537, -2.1063766479492188, -4.704652786254883, -4.655882835388184, -3.305734157562256, -4.573200225830078, -3.269683837890625, -4.7155375480651855, -4.1849493980407715, -4.6553120613098145, -4.708128929138184, -3.814095973968506, -4.478845596313477, -4.648238182067871, -4.298026084899902, -4.510349273681641, 3.501077175140381, -4.708544731140137, -4.687572002410889, -2.6171369552612305, -3.377342939376831, -4.7096123695373535, -4.048517227172852, -4.704690456390381, 2.240689992904663, -4.494354724884033, 0.4007752537727356, -0.6996503472328186, -2.731421947479248, -1.3094913959503174, -1.8625922203063965, -4.6926960945129395, -3.20802640914917, -4.617071151733398, -4.683246612548828, -4.705733299255371, -4.062135219573975, -4.23306941986084, -4.653210163116455, -3.5410423278808594, -4.124756813049316, -3.9091577529907227, -4.709203243255615, -4.29054069519043, -4.705142498016357, -4.670258045196533, -1.8018198013305664, -2.3733348846435547, -3.145047903060913, -4.642637252807617, -4.516464710235596, -4.316952705383301, -2.5458123683929443, -4.678631782531738, -4.703658103942871, -4.420721054077148, -4.52681303024292, -4.713954925537109]}, "acc_test": 0.5416666666666666, "precision_test": 0.6666666666666666, "recall_test": 0.10344827586206896, "f1_test": 0.17910447761194032, "auc_test": 0.5197441601779755, "preds": [0.9337019324302673, 0.9995546936988831, 0.0001915928878588602, 0.005419011227786541, 0.0003640945942606777, 0.0014359457418322563, 0.0187555979937315, 0.00016859036986716092, 0.0036141856107860804, 0.00017691223183646798, 0.022333087399601936, 0.002696195850148797, 0.00018663959053810686, 0.0004261601425241679, 0.00017772021237760782, 0.0003747516602743417, 0.0001881130156107247, 0.012066168710589409, 0.0002974331146106124, 0.00017584027955308557, 0.0007950389990583062, 0.0003162641078233719, 0.004163677338510752, 0.00023390824208036065, 0.0002728607796598226, 0.0006014615064486861, 0.9206426739692688, 0.1158013567328453, 0.0042182873003184795, 0.019595306366682053, 0.0001890502026071772, 0.0021400542464107275, 0.0021647093817591667, 0.00016835871792864054, 0.0004336641577538103, 0.0003497957659419626, 0.9986428618431091, 0.00017709736130200326, 0.007767773233354092, 0.00017068861052393913, 0.00017207172641064972, 0.9872338771820068, 0.0002488255559001118, 0.7157570123672485, 0.00617865240201354, 0.08467396348714828, 0.002554049249738455, 0.00016966857947409153, 0.0003994550497736782, 0.0014082720736041665, 0.00047542498214170337, 0.0007206769660115242, 0.00017018870858009905, 0.00019181756942998618, 0.008346080780029297, 0.0002828184515237808, 0.0002358428610023111, 0.00016946600226219743]}
{"name": "Hello-SimpleAI/chatgpt-detector-roberta", "predictions": {"test": [0.2875921428203583, 0.899602472782135, 0.0006289773155003786, 0.9700682759284973, 0.14774896204471588, 0.005258228164166212, 0.0009691728046163917, 0.7505372166633606, 0.007618379313498735, 0.21062390506267548, 0.023442603647708893, 0.011039013974368572, 0.022958526387810707, 0.002468280028551817, 0.0033739462960511446, 0.0216068122535944, 0.019176656380295753, 0.00043176382314413786, 0.1785644143819809, 0.00035526094143278897, 0.03994118049740791, 0.004572761710733175, 0.00033807448926381767, 0.017560480162501335, 0.008342524990439415, 0.10417580604553223, 0.0003204198437742889, 0.008283211849629879, 0.056451570242643356, 0.004351257812231779, 0.0009868362685665488, 0.00031553467852063477, 0.0010523770470172167, 0.000766962009947747, 0.9936925172805786, 0.02071872353553772, 0.04354807734489441, 0.00032375144655816257, 0.16455824673175812, 0.06694263219833374, 0.0014487787848338485, 0.013236528262495995, 0.30357813835144043, 0.998512327671051, 0.03209323808550835, 0.0017062342958524823, 0.01465125847607851, 0.04180257394909859, 0.0007125801057554781, 0.008850098587572575, 0.0008932413766160607, 0.009593586437404156, 0.0004440676420927048, 0.0008674907730892301, 0.03952203318476677, 0.0124818691983819, 0.04433077946305275, 0.00921519286930561, 0.006279660854488611, 0.011031982488930225, 0.0006971333059482276, 0.9533659815788269, 0.003126646624878049, 0.9843506813049316, 0.0012361259432509542, 0.0005505622830241919, 0.028641771525144577, 0.17246808111667633, 0.0017135931411758065, 0.0004975337069481611, 0.021271420642733574, 0.15318074822425842, 0.0037386708427220583, 0.009066657163202763, 0.000325973640428856, 0.0900372713804245, 0.00796028133481741, 0.06972910463809967, 0.9889562726020813, 0.00043325568549335003, 0.9933090209960938, 0.0069351824931800365, 0.001407245988957584, 0.9869553446769714, 0.9021484851837158, 0.7833378911018372, 0.014893248677253723, 0.29817572236061096, 0.11355367302894592, 0.0004003209760412574, 0.8808678984642029, 0.9973222613334656, 0.0005055430810898542, 0.0007063802913762629, 0.054887209087610245, 0.01145350281149149, 0.021993324160575867, 0.02105794847011566, 0.0011864021653309464, 0.9880942702293396, 0.0003082358161918819, 0.2048616260290146, 0.019490504637360573, 0.0017929024761542678, 0.9801340699195862, 0.008305647410452366, 0.00048063474241644144, 0.014316904358565807, 0.00029576587257906795, 0.025714661926031113, 0.0003536116855684668, 0.0003116356092505157, 0.0011757274623960257, 0.016526587307453156, 0.0013584106927737594, 0.9172837734222412, 0.000409372296417132, 0.8820962309837341, 0.04382376745343208, 0.0005601360462605953]}, "logits": {"test": [-0.5902159214019775, 1.0799049139022827, -3.3719139099121094, 1.635229468345642, -0.9791504144668579, -2.5163731575012207, -3.207930564880371, 0.6001248359680176, -2.3569040298461914, -0.7823810577392578, -1.8602321147918701, -2.195183515548706, -1.8696316480636597, -2.8338677883148193, -2.7040293216705322, -1.8969417810440063, -1.9504516124725342, -3.5073797702789307, -0.8761871457099915, -3.5734243392944336, -1.6172064542770386, -2.5758395195007324, -3.5896761417388916, -1.989794135093689, -2.317509412765503, -1.1532363891601562, -3.6069443225860596, -2.3206117153167725, -1.4557756185531616, -2.5968973636627197, -3.2009451389312744, -3.6118216514587402, -3.1759650707244873, -3.297538995742798, 2.3056726455688477, -1.915807843208313, -1.5771814584732056, -3.603640556335449, -0.9212121963500977, -1.374862551689148, -3.0499508380889893, -2.115262985229492, -0.5547491908073425, 2.8932206630706787, -1.7177047729492188, -2.9843709468841553, -2.0703353881835938, -1.5961459875106812, -3.3252980709075928, -2.29182505607605, -3.2393887042999268, -2.2566304206848145, -3.4976038932800293, -3.2506096363067627, -1.6220759153366089, -2.1411595344543457, -1.5689011812210083, -2.274200916290283, -2.440322160720825, -2.1954617500305176, -3.333530902862549, 1.4369244575500488, -2.735844135284424, 1.9186447858810425, -3.1128969192504883, -3.4208579063415527, -1.7695567607879639, -0.8955278396606445, -2.9826455116271973, -3.45742130279541, -1.903983473777771, -0.9598827958106995, -2.660949230194092, -2.2812881469726562, -3.6014487743377686, -1.2312719821929932, -2.3378825187683105, -1.355336308479309, 2.0684311389923096, -3.50618314743042, 2.280879259109497, -2.3975319862365723, -3.061537742614746, 1.997090220451355, 1.092122197151184, 0.6836292743682861, -2.0630760192871094, -0.5669390559196472, -1.115537166595459, -3.5333759784698486, 0.9965247511863708, 2.6594481468200684, -3.4516971111297607, -3.3285841941833496, -1.469029188156128, -2.1789987087249756, -1.8889689445495605, -1.9085062742233276, -3.129056215286255, 2.0362722873687744, -3.6191792488098145, -0.7979856729507446, -1.9431873559951782, -2.964370012283325, 1.8151406049728394, -2.3194339275360107, -3.4697372913360596, -2.0805790424346924, -3.631918430328369, -1.8184455633163452, -3.574965000152588, -3.615736961364746, -3.1326067447662354, -2.016829252243042, -3.075572967529297, 1.1721445322036743, -3.525730848312378, 1.0015912055969238, -1.5742589235305786, -3.414577007293701]}, "acc_test": 0.6166666666666667, "precision_test": 0.8333333333333334, "recall_test": 0.25862068965517243, "f1_test": 0.39473684210526316, "auc_test": 0.7077308120133482, "preds": [0.9700682759284973, 0.14774896204471588, 0.005258228164166212, 0.0009691728046163917, 0.7505372166633606, 0.007618379313498735, 0.21062390506267548, 0.022958526387810707, 0.0216068122535944, 0.019176656380295753, 0.00043176382314413786, 0.03994118049740791, 0.004572761710733175, 0.008283211849629879, 0.0009868362685665488, 0.9936925172805786, 0.04354807734489441, 0.16455824673175812, 0.013236528262495995, 0.30357813835144043, 0.998512327671051, 0.03209323808550835, 0.04180257394909859, 0.0008932413766160607, 0.009593586437404156, 0.0008674907730892301, 0.04433077946305275, 0.9533659815788269, 0.003126646624878049, 0.9843506813049316, 0.0005505622830241919, 0.028641771525144577, 0.0017135931411758065, 0.0004975337069481611, 0.021271420642733574, 0.00796028133481741, 0.9889562726020813, 0.9933090209960938, 0.0069351824931800365, 0.9869553446769714, 0.7833378911018372, 0.014893248677253723, 0.29817572236061096, 0.11355367302894592, 0.8808678984642029, 0.9973222613334656, 0.054887209087610245, 0.02105794847011566, 0.9880942702293396, 0.2048616260290146, 0.019490504637360573, 0.0017929024761542678, 0.9801340699195862, 0.0003116356092505157, 0.0013584106927737594, 0.8820962309837341, 0.04382376745343208, 0.0005601360462605953]}
