{"name": "likelihood_threshold", "predictions": {"test": [-3.0835392475128174, -3.546823024749756, -2.7543423175811768, -4.1032915115356445, -3.0251753330230713, -3.858944892883301, -3.451153516769409, -3.2548985481262207, -3.4184086322784424, -2.999818801879883, -3.8322391510009766, -3.4261090755462646, -3.5647618770599365, -3.4147229194641113, -3.610867500305176, -3.892258644104004, -3.386996269226074, -3.2914254665374756, -3.463139057159424, -3.284127950668335, -3.1575491428375244, -3.5545430183410645, -4.247433662414551, -3.7922980785369873, -2.862123489379883, -3.143124580383301, -4.260087966918945, -3.6749918460845947, -2.851383924484253, -3.6090035438537598, -3.3452796936035156, -4.502969741821289, -3.797938346862793, -3.4384348392486572, -2.8927876949310303, -3.1256484985351562, -2.932441473007202, -3.258265495300293, -4.002293109893799, -2.7279934883117676, -3.2380850315093994, -3.502286911010742, -3.254755735397339, -3.03786301612854, -3.175053834915161, -3.677682399749756, -2.9241089820861816, -3.192021131515503, -4.115608215332031, -3.3712148666381836, -4.244314193725586, -3.281977891921997, -4.142273426055908, -3.5214462280273438, -3.0571975708007812, -4.04473352432251, -3.602595090866089, -3.1748201847076416, -2.5303955078125, -3.3067665100097656, -3.331148386001587, -3.2691149711608887, -3.725022554397583, -2.9924280643463135, -3.417685031890869, -3.1391594409942627, -4.089788913726807, -3.471332311630249, -3.2738091945648193, -3.1226694583892822, -3.501086950302124, -4.095673084259033, -3.1826822757720947, -4.082169532775879, -4.0704193115234375, -3.4044270515441895, -3.623318672180176, -3.249077558517456, -3.5338528156280518, -3.266580104827881, -3.224869728088379, -3.880352735519409, -3.9706499576568604, -3.03548526763916, -3.3524255752563477, -3.053630828857422, -4.04668664932251, -3.3591160774230957, -2.7183637619018555, -3.604675769805908, -2.935408115386963, -4.021907806396484, -3.460237503051758, -3.6022675037384033, -2.859041213989258, -3.707284688949585, -3.317063331604004, -3.16518497467041, -3.236172676086426, -3.1491928100585938, -4.1784515380859375, -3.4563252925872803, -3.830890417098999, -3.7348713874816895, -3.683643102645874, -3.408278226852417, -3.017782211303711, -3.4227569103240967, -4.115074634552002, -3.0728695392608643, -3.4960551261901855, -3.514347791671753, -3.4940974712371826, -3.3290045261383057, -3.8434712886810303, -3.3233957290649414, -3.72566556930542, -3.4832847118377686, -3.365036964416504, -4.070690631866455]}, "acc_test": 0.5416666666666666, "precision_test": 0.5483870967741935, "recall_test": 0.29310344827586204, "f1_test": 0.3820224719101123, "auc_test": 0.5336484983314794}
{"name": "rank_threshold", "predictions": {"test": [-128.6844940185547, -126.29251098632812, -239.2484130859375, -493.15386962890625, -66.33098602294922, -231.55479431152344, -222.4913787841797, -41.23684310913086, -289.1564025878906, -61.108280181884766, -272.99383544921875, -102.58580017089844, -103.89655303955078, -168.1901397705078, -218.8170623779297, -180.07080078125, -207.9361572265625, -135.40267944335938, -455.6376037597656, -208.67567443847656, -68.97084045410156, -147.59420776367188, -312.0457458496094, -446.1446533203125, -40.42856979370117, -126.49090576171875, -445.34423828125, -114.6887435913086, -107.79267883300781, -386.5988464355469, -163.07595825195312, -337.4691467285156, -268.9140930175781, -139.0454559326172, -36.20270538330078, -94.96470642089844, -112.94611358642578, -45.21428680419922, -235.80795288085938, -157.32386779785156, -89.87574005126953, -231.88583374023438, -100.91304779052734, -170.70211791992188, -105.15933990478516, -160.28248596191406, -94.53548431396484, -71.73939514160156, -169.77706909179688, -187.7663116455078, -286.977783203125, -126.01630401611328, -545.3707885742188, -199.365478515625, -90.50694274902344, -425.0294189453125, -202.85000610351562, -100.55033874511719, -589.423095703125, -162.5875701904297, -192.05487060546875, -132.0780029296875, -192.4132537841797, -96.67478942871094, -213.52841186523438, -68.05042266845703, -352.2826232910156, -167.15789794921875, -105.67469787597656, -64.23762512207031, -274.226318359375, -379.5737609863281, -235.3125, -241.49342346191406, -365.1600036621094, -154.2710723876953, -95.11904907226562, -151.30201721191406, -157.59494018554688, -161.49765014648438, -63.920902252197266, -235.83193969726562, -455.9161071777344, -85.6624984741211, -54.80864334106445, -190.27703857421875, -254.5333251953125, -118.55172729492188, -320.2697448730469, -401.20001220703125, -119.89221954345703, -228.52984619140625, -173.0994110107422, -106.70588684082031, -65.80281829833984, -164.661376953125, -251.40110778808594, -104.49112701416016, -169.356689453125, -96.36666870117188, -478.08966064453125, -150.77027893066406, -336.81927490234375, -264.61224365234375, -211.7784881591797, -157.0500030517578, -28.293785095214844, -303.8888854980469, -160.43016052246094, -66.68840789794922, -122.9464340209961, -232.9085693359375, -176.77586364746094, -227.49765014648438, -449.21710205078125, -112.66459655761719, -243.5426788330078, -191.69491577148438, -58.44865036010742, -141.06015014648438]}, "acc_test": 0.55, "precision_test": 0.5333333333333333, "recall_test": 0.5517241379310345, "f1_test": 0.5423728813559322, "auc_test": 0.6006674082313683}
{"name": "log_rank_threshold", "predictions": {"test": [-1.660825490951538, -1.8943952322006226, -1.3890217542648315, -2.283808469772339, -1.5693668127059937, -2.1877145767211914, -1.9200068712234497, -1.7164676189422607, -1.9341192245483398, -1.5871175527572632, -2.094250202178955, -1.944266676902771, -1.9097013473510742, -1.7774159908294678, -2.0338428020477295, -2.1355037689208984, -1.8332719802856445, -1.8517957925796509, -1.9564018249511719, -1.7322646379470825, -1.6407678127288818, -1.9035001993179321, -2.3329415321350098, -2.1343908309936523, -1.4015352725982666, -1.585797667503357, -2.4273831844329834, -1.9195635318756104, -1.4064280986785889, -1.8733296394348145, -1.7488051652908325, -2.6324222087860107, -2.083876371383667, -1.827990174293518, -1.47470223903656, -1.6404814720153809, -1.5429683923721313, -1.6414133310317993, -2.2994472980499268, -1.400146484375, -1.6887171268463135, -2.005256414413452, -1.6756280660629272, -1.6132575273513794, -1.6745401620864868, -1.9627268314361572, -1.4155938625335693, -1.6163400411605835, -2.2695960998535156, -1.8258317708969116, -2.472073554992676, -1.6793400049209595, -2.437145709991455, -1.9990102052688599, -1.5572158098220825, -2.3158726692199707, -1.9778430461883545, -1.665698528289795, -1.4992146492004395, -1.7712547779083252, -1.7591092586517334, -1.794333815574646, -2.1190319061279297, -1.5517817735671997, -1.8851592540740967, -1.6694049835205078, -2.3567426204681396, -1.8051345348358154, -1.7404918670654297, -1.627760648727417, -1.9360443353652954, -2.3834822177886963, -1.7360754013061523, -2.2725424766540527, -2.3372676372528076, -1.8414860963821411, -2.011537790298462, -1.6818459033966064, -1.880027174949646, -1.7618743181228638, -1.6691075563430786, -2.169881582260132, -2.2535808086395264, -1.5507159233093262, -1.754647970199585, -1.590372085571289, -2.3008925914764404, -1.8426048755645752, -1.3859056234359741, -2.0360162258148193, -1.5329574346542358, -2.278517007827759, -1.8737186193466187, -1.8863469362258911, -1.4172848463058472, -2.0047361850738525, -1.7337061166763306, -1.6578744649887085, -1.7340331077575684, -1.6464322805404663, -2.3835673332214355, -1.882871150970459, -2.1172943115234375, -2.1237435340881348, -2.1237261295318604, -1.830649733543396, -1.4972513914108276, -1.8367359638214111, -2.2886440753936768, -1.4117146730422974, -1.8606796264648438, -1.866706371307373, -2.000842571258545, -1.8093308210372925, -2.0589864253997803, -1.7986598014831543, -2.027073383331299, -1.8582924604415894, -1.8447797298431396, -2.3186380863189697]}, "acc_test": 0.5333333333333333, "precision_test": 0.5333333333333333, "recall_test": 0.27586206896551724, "f1_test": 0.36363636363636365, "auc_test": 0.5150166852057843}
{"name": "entropy_threshold", "predictions": {"test": [3.2502710819244385, 3.7915985584259033, 3.028218984603882, 3.7509026527404785, 3.30753755569458, 3.9088528156280518, 3.5416383743286133, 3.2104640007019043, 3.5526134967803955, 2.964404582977295, 4.024901866912842, 3.7271888256073, 3.499457836151123, 3.67704176902771, 3.930830717086792, 3.8343629837036133, 3.401285171508789, 3.653149127960205, 3.6818368434906006, 3.405904531478882, 3.5742926597595215, 3.582963466644287, 4.392469882965088, 3.8323585987091064, 3.218069076538086, 3.421308994293213, 4.307387828826904, 3.836243152618408, 3.30265212059021, 3.9914040565490723, 3.4370365142822266, 4.563106536865234, 3.8075103759765625, 3.4769880771636963, 3.0770139694213867, 3.3182661533355713, 3.441352367401123, 3.4078285694122314, 3.5894484519958496, 3.3206851482391357, 3.5126945972442627, 3.51415753364563, 3.4705846309661865, 3.1459102630615234, 3.3289077281951904, 3.8167924880981445, 3.3537216186523438, 3.3930885791778564, 4.530587673187256, 3.4474222660064697, 3.9288482666015625, 3.5930302143096924, 4.524822235107422, 3.196259021759033, 3.3156983852386475, 4.041426658630371, 3.703641891479492, 3.293154239654541, 2.5864062309265137, 3.5907037258148193, 3.700350761413574, 3.4128849506378174, 3.810985803604126, 3.2305409908294678, 4.0554585456848145, 3.286261796951294, 3.7972679138183594, 3.4736435413360596, 3.08903169631958, 3.0710394382476807, 3.459409475326538, 4.197544574737549, 3.4145572185516357, 4.057856559753418, 4.200369834899902, 3.3409717082977295, 3.8737874031066895, 3.4479165077209473, 3.8034274578094482, 3.437238931655884, 3.119185447692871, 3.6068758964538574, 4.1034440994262695, 3.460852861404419, 3.4852309226989746, 3.3167057037353516, 3.9432125091552734, 3.336287260055542, 2.806450366973877, 3.8219947814941406, 2.901108503341675, 3.938336133956909, 3.7748866081237793, 3.9194822311401367, 3.1928610801696777, 3.6751010417938232, 3.3772542476654053, 3.34773325920105, 3.461763381958008, 3.18359375, 4.373363971710205, 3.711430311203003, 4.07248067855835, 3.7070186138153076, 3.412419319152832, 3.619934558868408, 3.4190211296081543, 3.3327584266662598, 3.999070405960083, 3.457085132598877, 3.645556926727295, 3.449558734893799, 3.432110548019409, 3.447226047515869, 4.125500679016113, 3.7112629413604736, 3.691171169281006, 3.45237398147583, 3.5188305377960205, 3.846374988555908]}, "acc_test": 0.5416666666666666, "precision_test": 0.5245901639344263, "recall_test": 0.5517241379310345, "f1_test": 0.5378151260504203, "auc_test": 0.6231924360400445}
{"name": "rank_GLTR_threshold", "predictions": {"test": [[0.7058823529411765, 0.17647058823529413, 0.09090909090909091, 0.026737967914438502], [0.6666666666666666, 0.23129251700680273, 0.061224489795918366, 0.04081632653061224], [0.7770700636942676, 0.15286624203821655, 0.05732484076433121, 0.012738853503184714], [0.6057692307692307, 0.2403846153846154, 0.08653846153846154, 0.0673076923076923], [0.7323943661971831, 0.1619718309859155, 0.09154929577464789, 0.014084507042253521], [0.6301369863013698, 0.17123287671232876, 0.13013698630136986, 0.0684931506849315], [0.646551724137931, 0.22413793103448276, 0.09482758620689655, 0.034482758620689655], [0.6907894736842105, 0.21052631578947367, 0.09868421052631579, 0.0], [0.6635071090047393, 0.16113744075829384, 0.11848341232227488, 0.05687203791469194], [0.7006369426751592, 0.2229299363057325, 0.05732484076433121, 0.01910828025477707], [0.654320987654321, 0.19135802469135801, 0.09876543209876543, 0.05555555555555555], [0.650887573964497, 0.17751479289940827, 0.14792899408284024, 0.023668639053254437], [0.6600985221674877, 0.19704433497536947, 0.12315270935960591, 0.019704433497536946], [0.6901408450704225, 0.20422535211267606, 0.08450704225352113, 0.02112676056338028], [0.676829268292683, 0.12804878048780488, 0.1402439024390244, 0.054878048780487805], [0.6106194690265486, 0.25663716814159293, 0.08849557522123894, 0.04424778761061947], [0.7074468085106383, 0.16489361702127658, 0.0851063829787234, 0.0425531914893617], [0.6845637583892618, 0.18120805369127516, 0.087248322147651, 0.04697986577181208], [0.6880733944954128, 0.1651376146788991, 0.0963302752293578, 0.05045871559633028], [0.75, 0.13513513513513514, 0.08783783783783784, 0.02702702702702703], [0.6791666666666667, 0.20833333333333334, 0.09166666666666666, 0.020833333333333332], [0.7004830917874396, 0.14492753623188406, 0.11594202898550725, 0.03864734299516908], [0.6209150326797386, 0.16993464052287582, 0.1503267973856209, 0.058823529411764705], [0.6226415094339622, 0.2138364779874214, 0.11320754716981132, 0.050314465408805034], [0.75, 0.20714285714285716, 0.02857142857142857, 0.014285714285714285], [0.7515151515151515, 0.13333333333333333, 0.07878787878787878, 0.03636363636363636], [0.5956284153005464, 0.18579234972677597, 0.12568306010928962, 0.09289617486338798], [0.6490066225165563, 0.2251655629139073, 0.09933774834437085, 0.026490066225165563], [0.7560975609756098, 0.15853658536585366, 0.06707317073170732, 0.018292682926829267], [0.686046511627907, 0.18604651162790697, 0.0755813953488372, 0.05232558139534884], [0.7088607594936709, 0.2088607594936709, 0.06329113924050633, 0.0189873417721519], [0.5185185185185185, 0.25925925925925924, 0.14814814814814814, 0.07407407407407407], [0.6257668711656442, 0.2147239263803681, 0.10429447852760736, 0.05521472392638037], [0.6931818181818182, 0.1875, 0.08522727272727272, 0.03409090909090909], [0.7364864864864865, 0.16216216216216217, 0.0945945945945946, 0.006756756756756757], [0.7352941176470589, 0.18823529411764706, 0.058823529411764705, 0.01764705882352941], [0.7245508982035929, 0.17365269461077845, 0.07784431137724551, 0.023952095808383235], [0.6928571428571428, 0.21428571428571427, 0.08571428571428572, 0.007142857142857143], [0.5960264900662252, 0.2052980132450331, 0.1390728476821192, 0.059602649006622516], [0.7613636363636364, 0.14204545454545456, 0.07954545454545454, 0.017045454545454544], [0.7337278106508875, 0.15976331360946747, 0.08284023668639054, 0.023668639053254437], [0.6712328767123288, 0.1598173515981735, 0.1232876712328767, 0.045662100456621], [0.7639751552795031, 0.12422360248447205, 0.08074534161490683, 0.031055900621118012], [0.723404255319149, 0.14893617021276595, 0.09574468085106383, 0.031914893617021274], [0.7307692307692307, 0.13186813186813187, 0.11538461538461539, 0.02197802197802198], [0.6497175141242938, 0.21468926553672316, 0.1016949152542373, 0.03389830508474576], [0.7935483870967742, 0.14838709677419354, 0.03870967741935484, 0.01935483870967742], [0.7151515151515152, 0.1696969696969697, 0.09696969696969697, 0.01818181818181818], [0.5732484076433121, 0.24203821656050956, 0.1464968152866242, 0.03821656050955414], [0.6413043478260869, 0.2391304347826087, 0.09239130434782608, 0.02717391304347826], [0.562962962962963, 0.2074074074074074, 0.17037037037037037, 0.05925925925925926], [0.7119565217391305, 0.1793478260869565, 0.07608695652173914, 0.03260869565217391], [0.5955056179775281, 0.19662921348314608, 0.10674157303370786, 0.10112359550561797], [0.649746192893401, 0.19796954314720813, 0.09137055837563451, 0.06091370558375635], [0.7569444444444444, 0.1388888888888889, 0.09027777777777778, 0.013888888888888888], [0.6176470588235294, 0.18235294117647058, 0.11764705882352941, 0.08235294117647059], [0.6611111111111111, 0.18888888888888888, 0.12222222222222222, 0.027777777777777776], [0.7114093959731543, 0.1610738255033557, 0.11409395973154363, 0.013422818791946308], [0.7637362637362637, 0.09340659340659341, 0.06593406593406594, 0.07692307692307693], [0.711864406779661, 0.14689265536723164, 0.1016949152542373, 0.03954802259887006], [0.6646341463414634, 0.25, 0.06097560975609756, 0.024390243902439025], [0.6950354609929078, 0.18439716312056736, 0.0851063829787234, 0.03546099290780142], [0.6377551020408163, 0.18877551020408162, 0.12244897959183673, 0.05102040816326531], [0.7398373983739838, 0.17073170731707318, 0.06504065040650407, 0.024390243902439025], [0.6363636363636364, 0.22727272727272727, 0.08522727272727272, 0.05113636363636364], [0.7142857142857143, 0.16806722689075632, 0.09243697478991597, 0.025210084033613446], [0.5797101449275363, 0.2246376811594203, 0.12318840579710146, 0.07246376811594203], [0.695906432748538, 0.1695906432748538, 0.0935672514619883, 0.04093567251461988], [0.7228915662650602, 0.15060240963855423, 0.09036144578313253, 0.03614457831325301], [0.7425742574257426, 0.16831683168316833, 0.06930693069306931, 0.019801980198019802], [0.6789473684210526, 0.15263157894736842, 0.11578947368421053, 0.05263157894736842], [0.5956284153005464, 0.20218579234972678, 0.12568306010928962, 0.07650273224043716], [0.71875, 0.13020833333333334, 0.109375, 0.041666666666666664], [0.5921052631578947, 0.21052631578947367, 0.13815789473684212, 0.05921052631578947], [0.5657142857142857, 0.26857142857142857, 0.12, 0.045714285714285714], [0.6807228915662651, 0.18674698795180722, 0.10240963855421686, 0.030120481927710843], [0.6309523809523809, 0.21428571428571427, 0.13095238095238096, 0.023809523809523808], [0.738255033557047, 0.1476510067114094, 0.09395973154362416, 0.020134228187919462], [0.6772151898734177, 0.21518987341772153, 0.06962025316455696, 0.0379746835443038], [0.6901408450704225, 0.16901408450704225, 0.09389671361502347, 0.046948356807511735], [0.7062146892655368, 0.192090395480226, 0.0903954802259887, 0.011299435028248588], [0.6470588235294118, 0.18487394957983194, 0.14285714285714285, 0.025210084033613446], [0.6258064516129033, 0.2, 0.07096774193548387, 0.1032258064516129], [0.74375, 0.15625, 0.08125, 0.01875], [0.654320987654321, 0.2654320987654321, 0.07407407407407407, 0.006172839506172839], [0.7635135135135135, 0.1554054054054054, 0.060810810810810814, 0.02027027027027027], [0.593939393939394, 0.22424242424242424, 0.11515151515151516, 0.06666666666666667], [0.6482758620689655, 0.2413793103448276, 0.08275862068965517, 0.027586206896551724], [0.8026315789473685, 0.07894736842105263, 0.08552631578947369, 0.03289473684210526], [0.6333333333333333, 0.21428571428571427, 0.09047619047619047, 0.06190476190476191], [0.7245508982035929, 0.19161676646706588, 0.0718562874251497, 0.011976047904191617], [0.5746268656716418, 0.26865671641791045, 0.11194029850746269, 0.04477611940298507], [0.6842105263157895, 0.17543859649122806, 0.10526315789473684, 0.03508771929824561], [0.6535947712418301, 0.23529411764705882, 0.08496732026143791, 0.026143790849673203], [0.7464788732394366, 0.14788732394366197, 0.08450704225352113, 0.02112676056338028], [0.6613756613756614, 0.1693121693121693, 0.14285714285714285, 0.026455026455026454], [0.7252747252747253, 0.14285714285714285, 0.0989010989010989, 0.03296703296703297], [0.7100591715976331, 0.16568047337278108, 0.10650887573964497, 0.01775147928994083], [0.7261146496815286, 0.1337579617834395, 0.10828025477707007, 0.03184713375796178], [0.7066666666666667, 0.20666666666666667, 0.07333333333333333, 0.013333333333333334], [0.6275862068965518, 0.15172413793103448, 0.15172413793103448, 0.06896551724137931], [0.6824324324324325, 0.1891891891891892, 0.0945945945945946, 0.033783783783783786], [0.6626506024096386, 0.1566265060240964, 0.13253012048192772, 0.04819277108433735], [0.6224489795918368, 0.20408163265306123, 0.12244897959183673, 0.05102040816326531], [0.6265822784810127, 0.1962025316455696, 0.12025316455696203, 0.056962025316455694], [0.6875, 0.1875, 0.09375, 0.03125], [0.751412429378531, 0.1864406779661017, 0.062146892655367235, 0.0], [0.7, 0.18333333333333332, 0.05, 0.06666666666666667], [0.5642458100558659, 0.2737430167597765, 0.11173184357541899, 0.05027932960893855], [0.782608695652174, 0.13043478260869565, 0.07971014492753623, 0.007246376811594203], [0.6964285714285714, 0.17261904761904762, 0.10119047619047619, 0.02976190476190476], [0.6857142857142857, 0.17714285714285713, 0.09142857142857143, 0.045714285714285714], [0.6781609195402298, 0.13793103448275862, 0.12643678160919541, 0.05747126436781609], [0.676056338028169, 0.2112676056338028, 0.0892018779342723, 0.023474178403755867], [0.6710526315789473, 0.13157894736842105, 0.14473684210526316, 0.05263157894736842], [0.7080745341614907, 0.15527950310559005, 0.11180124223602485, 0.024844720496894408], [0.676829268292683, 0.18902439024390244, 0.07926829268292683, 0.054878048780487805], [0.6892655367231638, 0.1807909604519774, 0.096045197740113, 0.03389830508474576], [0.6864864864864865, 0.1783783783783784, 0.12432432432432433, 0.010810810810810811], [0.5413533834586466, 0.2932330827067669, 0.11278195488721804, 0.05263157894736842]]}, "acc_test": 0.49166666666666664, "precision_test": 0.45161290322580644, "recall_test": 0.2413793103448276, "f1_test": 0.31460674157303375, "auc_test": 0.5025027808676308}
{"name": "perturbation_10_z", "predictions": {"test": [0.9438863947044721, 0.04261078630992064, 0.29705324819566814, -0.023094800946684944, 0.8293781408401691, 0.45594800922119527, 0.13742705204685376, 0.13738488746797897, 0.41135641997700784, -0.4734400232879333, -0.2997191486732722, -0.48795335830107495, 0.023088824968662394, -0.18699615125443467, 0.315048990855469, -0.4202112276658851, 0.842754637432358, 0.7504871706591651, 0.07828815947441864, 0.10141187514794811, 0.03655357541223112, -0.9030081418763312, -1.5924601453518061, 0.7879098417988406, 0.6866453533934956, 0.23251144697297568, -0.31665259070382823, -0.1616139314760396, 0.770685671669151, -1.01086133921756, -1.4592721292461839, -1.3279930481347733, -0.6621515203066485, 0.27130142255742085, 0.6219576074427984, 0.2819284192193904, 0.36457703651347906, 0.09761919226829498, -0.731251430007752, 0.6266950747387502, 0.06814221865625247, 0.0991979246131589, 0.3071473271512959, 0.8643952631311979, 0.4303866352295404, 0.06142481511055882, 0.901613799206157, -0.01304710261398957, 0.3497215743503553, 0.22204388567769026, -1.0128306205025197, 1.0765385963410814, -0.4426840183990537, 0.32600950495101133, 0.33691169045961267, -0.0942952416611678, 0.019339704287726613, 0.39536136144275197, -0.22189662519112385, -0.045633964969339136, -0.28450974482930014, 1.3643143434062377, -0.5495973862218727, -0.2077848678222846, 0.022845776485383867, -0.07905073081123172, 0.1006852997526804, -0.07355704901966371, 0.32681755810590696, 0.954728401499771, 1.0506352548496685, 0.11079798494972343, 0.8651468706932642, 0.211839328640448, -0.2212961112500277, -0.21572984625954644, 0.6953290506333032, 0.14129403086134945, -0.22686355311554224, 0.9212619435959306, 0.11321950528545614, 0.5590731049261272, -0.14499875062376427, 0.6561143522899159, 0.5412211721182584, 0.12904935504240017, -0.18520932762577663, 0.23287210679798478, 1.6669001682255706, 0.4916188113481339, 0.46731132445768586, -0.624498302995818, 0.18508408061938514, 0.6722316705072032, 0.7225954006653227, 0.2712983177692338, 0.11012455568919932, -0.03526771698029522, 0.6110668290740771, -0.012455612161490378, -0.186240287117987, -0.004137525475958429, -0.33168444458990287, -0.2422318061172585, 0.15390737211323344, -0.7215089802573417, 0.4470970191779319, 0.34818175475200625, -0.2061035054691074, 0.6588145661639603, -0.13655607225147923, 0.5070183637805118, 0.2563796621220376, 0.46497239934135404, 0.088173688230672, -0.0008435775509817098, -0.8092593196062937, -0.7608968294854178, 0.607504933042197, 0.617789729730661]}, "info": {"pct_words_masked": 0.3, "span_length": 2, "n_perturbations": 10}, "general": {"acc_test": 0.5666666666666667, "precision_test": 0.5789473684210527, "recall_test": 0.3793103448275862, "f1_test": 0.45833333333333337, "auc_test": 0.5367074527252502}}
{"name": "GPT-sentinel", "acc": 0.8083333333333333}
{"name": "roberta-base-openai-detector", "predictions": {"test": [0.014850117266178131, 0.9993785619735718, 0.0004987386055290699, 0.7416486740112305, 0.00017580357962287962, 0.00016918346227612346, 0.00020213813695590943, 0.00017669123189989477, 0.00017677817959338427, 0.00024730831501074135, 0.008946701884269714, 0.17855031788349152, 0.00017024324915837497, 0.0001969655422726646, 0.0002950234629679471, 0.0010378705337643623, 0.00020135693193878978, 0.00269175018183887, 0.00017624431347940117, 0.0005273084971122444, 0.00018435165111441165, 0.0002150847140001133, 0.00028029916575178504, 0.0007167745498009026, 0.968626081943512, 0.17016460001468658, 0.0002931427152361721, 0.0001774135889718309, 0.0007248105248436332, 0.00036379063385538757, 0.00017597581609152257, 0.00022599373187404126, 0.00704935472458601, 0.00020773547294083983, 0.0005690527614206076, 0.00018256128532812, 0.018131311982870102, 0.0026266376953572035, 0.0002175713743781671, 0.11015334725379944, 0.045086901634931564, 0.0001964008843060583, 0.0001729130162857473, 0.0005154056707397103, 0.0001762853207765147, 0.006242119707167149, 0.008531035855412483, 0.00018014287343248725, 0.0020729247480630875, 0.00027553830295801163, 0.15665461122989655, 0.0001717083650873974, 0.00016897614113986492, 0.0009488663054071367, 0.10792956501245499, 0.00021614631987176836, 0.00850239023566246, 0.00033660506596788764, 0.998920202255249, 0.0014497877564281225, 0.0009023379534482956, 0.00018161939806304872, 0.03878981992602348, 0.3679092228412628, 0.00017052836483344436, 0.0001837533782236278, 0.00019124137179460377, 0.00021586583170574158, 0.0001682149595580995, 0.00047993112821131945, 0.00018639150948729366, 0.00018620498303789645, 0.00016931368736550212, 0.0008378337370231748, 0.0002555952232796699, 0.00018829712644219398, 0.00019280184642411768, 0.0002408997534075752, 0.00042922768625430763, 0.00017099877004511654, 0.00021777562506031245, 0.003532744012773037, 0.0017535649240016937, 0.0004796215216629207, 0.0005498535465449095, 0.09841161221265793, 0.9892370104789734, 0.00019106788386125118, 0.012920035980641842, 0.22498776018619537, 0.0001779189333319664, 0.0025509295519441366, 0.02964366227388382, 0.00017378656775690615, 0.06283515691757202, 0.00019542463996913284, 0.0001767855865182355, 0.0006269442965276539, 0.0005339074996300042, 0.00023003533715382218, 0.00018547847867012024, 0.0005145952454768121, 0.010627924464643002, 0.010299897752702236, 0.00017409138672519475, 0.000349860085407272, 0.00017076592484954745, 0.00018139768508262932, 0.032806623727083206, 0.01184985414147377, 0.002838969463482499, 0.00016895856242626905, 0.00023880385560914874, 0.00033685757080093026, 0.00038739669253118336, 0.00017885681882034987, 0.00017217856657225639, 0.00017172686057165265, 0.0001732584205456078, 0.14718501269817352]}, "logits": {"test": [-2.25419282913208, 3.9529378414154053, -4.108576774597168, 0.48772433400154114, -4.693519115447998, -4.7133378982543945, -4.6151933670043945, -4.687702178955078, -4.68535041809082, -4.4894890785217285, -2.504600763320923, -0.8523753881454468, -4.70190954208374, -4.625263690948486, -4.38696813583374, -3.697709560394287, -4.613111972808838, -3.1868932247161865, -4.690273284912109, -4.057936668395996, -4.6621527671813965, -4.571473121643066, -4.421962261199951, -3.8886287212371826, 1.7383204698562622, -0.8630470037460327, -4.3862128257751465, -4.685808181762695, -3.900494337081909, -4.266968250274658, -4.689303398132324, -4.545456886291504, -2.63905930519104, -4.592843055725098, -4.044943809509277, -4.670618534088135, -2.140721082687378, -3.1740543842315674, -4.560693264007568, -1.137615442276001, -1.6568305492401123, -4.62199068069458, -4.699987888336182, -4.078960418701172, -4.690680980682373, -2.67940354347229, -2.5345330238342285, -4.680171012878418, -3.3090085983276367, -4.4337382316589355, -0.9207971096038818, -4.702599048614502, -4.71262788772583, -3.7438454627990723, -1.138107419013977, -4.569924831390381, -2.556161403656006, -4.321429252624512, 3.6230287551879883, -3.5126373767852783, -3.7659037113189697, -4.671325206756592, -1.6926424503326416, -0.36159682273864746, -4.704652786254883, -4.674612045288086, -4.645950794219971, -4.573200225830078, -4.7122087478637695, -4.121744632720947, -4.658190727233887, -4.6553120613098145, -4.708128929138184, -3.814095973968506, -4.478845596313477, -4.648238182067871, -4.640265941619873, -4.510349273681641, -4.185336112976074, -4.708544731140137, -4.569967269897461, -3.037003755569458, -3.377342939376831, -4.124834060668945, -4.048517227172852, -1.2022743225097656, 2.333775043487549, -4.6405768394470215, -2.3274052143096924, -0.6996503472328186, -4.685484409332275, -3.204866886138916, -1.8625922203063965, -4.6926960945129395, -1.4658840894699097, -4.617071151733398, -4.683246612548828, -3.9642815589904785, -4.062135219573975, -4.533947467803955, -4.653210163116455, -4.077752113342285, -2.419203996658325, -2.4428956508636475, -4.697786808013916, -4.29054069519043, -4.705142498016357, -4.670258045196533, -1.8018198013305664, -2.3733348846435547, -3.145047903060913, -4.710169792175293, -4.516464710235596, -4.316952705383301, -4.22987699508667, -4.678631782531738, -4.703658103942871, -4.698534965515137, -4.701575756072998, -0.9684174656867981]}, "acc_test": 0.5083333333333333, "precision_test": 0.4, "recall_test": 0.034482758620689655, "f1_test": 0.06349206349206349, "auc_test": 0.4224137931034483, "preds": [0.7416486740112305, 0.00017580357962287962, 0.00016918346227612346, 0.00020213813695590943, 0.00017669123189989477, 0.00017677817959338427, 0.00024730831501074135, 0.00017024324915837497, 0.0010378705337643623, 0.00020135693193878978, 0.00269175018183887, 0.00018435165111441165, 0.0002150847140001133, 0.0001774135889718309, 0.00017597581609152257, 0.0005690527614206076, 0.018131311982870102, 0.0002175713743781671, 0.0001964008843060583, 0.0001729130162857473, 0.0005154056707397103, 0.0001762853207765147, 0.00018014287343248725, 0.15665461122989655, 0.0001717083650873974, 0.0009488663054071367, 0.00850239023566246, 0.00018161939806304872, 0.03878981992602348, 0.3679092228412628, 0.0001837533782236278, 0.00019124137179460377, 0.0001682149595580995, 0.00047993112821131945, 0.00018639150948729366, 0.00019280184642411768, 0.00042922768625430763, 0.00021777562506031245, 0.003532744012773037, 0.0004796215216629207, 0.09841161221265793, 0.9892370104789734, 0.00019106788386125118, 0.012920035980641842, 0.0001779189333319664, 0.0025509295519441366, 0.06283515691757202, 0.0006269442965276539, 0.00023003533715382218, 0.0005145952454768121, 0.010627924464643002, 0.010299897752702236, 0.00017409138672519475, 0.00016895856242626905, 0.00038739669253118336, 0.00017172686057165265, 0.0001732584205456078, 0.14718501269817352]}
{"name": "Hello-SimpleAI/chatgpt-detector-roberta", "predictions": {"test": [0.2875921428203583, 0.899602472782135, 0.0006289787706919014, 0.016368532553315163, 0.0003641936928033829, 0.001416219980455935, 0.1620950847864151, 0.004564417060464621, 0.2546848654747009, 0.9292204976081848, 0.023442616686224937, 0.011039002798497677, 0.002436511218547821, 0.002468280028551817, 0.003373952815309167, 0.0005131714860908687, 0.0024870301131159067, 0.0007215895457193255, 0.17856436967849731, 0.00035526094143278897, 0.01090213656425476, 0.004254390951246023, 0.00033807431464083493, 0.017560455948114395, 0.008342512883245945, 0.10417945683002472, 0.0003204198437742889, 0.001312202075496316, 0.05645149573683739, 0.004351263865828514, 0.0003649059508461505, 0.00031553467852063477, 0.0010523765813559294, 0.000766962708439678, 0.2604365050792694, 0.02071869932115078, 0.9873025417327881, 0.00032375144655816257, 0.0013451774138957262, 0.06694262474775314, 0.0014487787848338485, 0.1543373018503189, 0.0023928896989673376, 0.28571265935897827, 0.013100478798151016, 0.001706235925666988, 0.01465125847607851, 0.0003556109732016921, 0.0007125801057554781, 0.008850098587572575, 0.0007587019354104996, 0.0015767045551910996, 0.0004440676420927048, 0.00029353066929616034, 0.03952203318476677, 0.0124818691983819, 0.005297181662172079, 0.00921519286930561, 0.006279660854488611, 0.011031982488930225, 0.0006971333059482276, 0.008039706386625767, 0.005285421386361122, 0.9506496787071228, 0.0012361259432509542, 0.0003988361277151853, 0.002251624595373869, 0.17246808111667633, 0.010452748276293278, 0.0005922220298089087, 0.26703494787216187, 0.15318074822425842, 0.0037386708427220583, 0.009066657163202763, 0.000325973640428856, 0.0900372713804245, 0.006551934406161308, 0.06972910463809967, 0.00972189474850893, 0.00043325568549335003, 0.9981693029403687, 0.0003545074723660946, 0.001407245988957584, 0.9926527738571167, 0.9021484851837158, 0.988781213760376, 0.9429717659950256, 0.0003368420002516359, 0.0005600834265351295, 0.0004003209760412574, 0.14668641984462738, 0.01891760528087616, 0.0005055430810898542, 0.0007063802913762629, 0.2782383859157562, 0.01145350281149149, 0.021993324160575867, 0.2717238962650299, 0.0011864021653309464, 0.9772995710372925, 0.0003082358161918819, 0.7713862061500549, 0.027068892493844032, 0.0004960591322742403, 0.6852337121963501, 0.008305647410452366, 0.00048063474241644144, 0.014316904358565807, 0.00029576587257906795, 0.025714661926031113, 0.0003536116855684668, 0.006807141005992889, 0.0011757274623960257, 0.016526587307453156, 0.00039014671347104013, 0.9172837734222412, 0.000409372296417132, 0.7501233816146851, 0.02490859292447567, 0.1999834030866623]}, "logits": {"test": [-0.5902159214019775, 1.0799051523208618, -3.371913194656372, -2.021108388900757, -3.5652072429656982, -3.059004783630371, -0.9293751120567322, -2.576616048812866, -0.66749107837677, 1.2454615831375122, -1.8602317571640015, -2.1951839923858643, -2.839200496673584, -2.8338675498962402, -2.704028367996216, -3.446320056915283, -2.8307464122772217, -3.3205666542053223, -0.876187264919281, -3.5734243392944336, -2.200659990310669, -2.606424570083618, -3.5896763801574707, -1.9897948503494263, -2.317509889602661, -1.1532186269760132, -3.6069445610046387, -3.0892951488494873, -1.4557760953903198, -2.5968966484069824, -3.5645546913146973, -3.6118218898773193, -3.1759653091430664, -3.2975382804870605, -0.653767466545105, -1.9158084392547607, 2.008667230606079, -3.6036407947540283, -3.0794591903686523, -1.3748626708984375, -3.04995059967041, -0.9558688402175903, -2.846635103225708, -0.5944048762321472, -2.1198244094848633, -2.984370470046997, -2.0703353881835938, -3.573098659515381, -3.3252980709075928, -2.29182505607605, -3.301635980606079, -3.016116142272949, -3.4976038932800293, -3.6342201232910156, -1.6220759153366089, -2.1411595344543457, -2.5132200717926025, -2.274200916290283, -2.440322160720825, -2.1954617500305176, -3.333530902862549, -2.3335673809051514, -2.5141754150390625, 1.4112635850906372, -3.1128969192504883, -3.5346362590789795, -2.8716230392456055, -0.8955278396606445, -2.219114065170288, -3.394157886505127, -0.6377031207084656, -0.9598827958106995, -2.660949230194092, -2.2812881469726562, -3.6014487743377686, -1.2312719821929932, -2.422037363052368, -1.355336308479309, -2.250828266143799, -3.50618314743042, 2.811868667602539, -3.574126720428467, -3.061537742614746, 2.2414817810058594, 1.092122197151184, 2.061713695526123, 1.3452668190002441, -3.5908615589141846, -3.414609432220459, -3.5333759784698486, -0.9829769730567932, -1.9565612077713013, -3.4516971111297607, -3.3285841941833496, -0.6115159392356873, -2.1789987087249756, -1.8889689445495605, -0.6281319856643677, -3.129056215286255, 1.7569010257720947, -3.6191792488098145, 0.652430534362793, -1.7951927185058594, -3.458482265472412, 0.45653223991394043, -2.3194339275360107, -3.4697372913360596, -2.0805790424346924, -3.631918430328369, -1.8184455633163452, -3.574965000152588, -2.405569314956665, -3.1326067447662354, -2.016829252243042, -3.5421130657196045, 1.1721445322036743, -3.525730848312378, 0.5994086265563965, -1.8328545093536377, -0.8122273087501526]}, "acc_test": 0.5833333333333334, "precision_test": 0.7857142857142857, "recall_test": 0.1896551724137931, "f1_test": 0.3055555555555555, "auc_test": 0.6023359288097886, "preds": [0.016368532553315163, 0.0003641936928033829, 0.001416219980455935, 0.1620950847864151, 0.004564417060464621, 0.2546848654747009, 0.9292204976081848, 0.002436511218547821, 0.0005131714860908687, 0.0024870301131159067, 0.0007215895457193255, 0.01090213656425476, 0.004254390951246023, 0.001312202075496316, 0.0003649059508461505, 0.2604365050792694, 0.9873025417327881, 0.0013451774138957262, 0.1543373018503189, 0.0023928896989673376, 0.28571265935897827, 0.013100478798151016, 0.0003556109732016921, 0.0007587019354104996, 0.0015767045551910996, 0.00029353066929616034, 0.005297181662172079, 0.008039706386625767, 0.005285421386361122, 0.9506496787071228, 0.0003988361277151853, 0.002251624595373869, 0.010452748276293278, 0.0005922220298089087, 0.26703494787216187, 0.006551934406161308, 0.00972189474850893, 0.9981693029403687, 0.0003545074723660946, 0.9926527738571167, 0.988781213760376, 0.9429717659950256, 0.0003368420002516359, 0.0005600834265351295, 0.14668641984462738, 0.01891760528087616, 0.2782383859157562, 0.2717238962650299, 0.9772995710372925, 0.7713862061500549, 0.027068892493844032, 0.0004960591322742403, 0.6852337121963501, 0.006807141005992889, 0.00039014671347104013, 0.7501233816146851, 0.02490859292447567, 0.1999834030866623]}
