{"name": "likelihood_threshold", "predictions": {"test": [-3.0835392475128174, -3.546823024749756, -2.7543423175811768, -3.314401865005493, -2.3082499504089355, -3.038654088973999, -2.253612518310547, -2.4371750354766846, -2.2408294677734375, -2.3938210010528564, -3.8322391510009766, -3.4261090755462646, -2.5761985778808594, -3.4147229194641113, -3.610867500305176, -2.47117280960083, -2.643519163131714, -2.504317283630371, -3.463139057159424, -3.284127950668335, -2.7316997051239014, -2.8363518714904785, -4.247433662414551, -3.7922980785369873, -2.862123489379883, -3.143124580383301, -4.260087966918945, -2.722982406616211, -2.851383924484253, -3.6090035438537598, -3.1761207580566406, -4.502969741821289, -3.797938346862793, -3.4384348392486572, -2.2750887870788574, -3.1256484985351562, -2.4272055625915527, -3.258265495300293, -3.1025307178497314, -2.7279934883117676, -3.2380850315093994, -2.4460737705230713, -2.7131431102752686, -2.3190231323242188, -2.9351775646209717, -3.677682399749756, -2.9241089820861816, -2.2072036266326904, -4.115608215332031, -3.3712148666381836, -4.087052345275879, -2.562319278717041, -4.142273426055908, -4.1788105964660645, -3.0571975708007812, -4.04473352432251, -2.4813225269317627, -3.1748201847076416, -2.5303955078125, -3.3067665100097656, -3.331148386001587, -2.4759628772735596, -2.8151302337646484, -2.2377660274505615, -3.417685031890869, -2.1273574829101562, -2.711648941040039, -3.471332311630249, -3.9384305477142334, -2.8814563751220703, -3.604656457901001, -4.095673084259033, -3.1826822757720947, -4.082169532775879, -4.0704193115234375, -3.4044270515441895, -2.635270357131958, -3.249077558517456, -2.353878974914551, -3.266580104827881, -2.797044038772583, -2.3573508262634277, -3.9706499576568604, -2.370361566543579, -3.3524255752563477, -2.7049760818481445, -4.557090759277344, -2.0957705974578857, -3.016965627670288, -3.604675769805908, -2.287769317626953, -2.4935216903686523, -3.460237503051758, -3.6022675037384033, -2.3130228519439697, -3.707284688949585, -3.317063331604004, -2.642313003540039, -3.236172676086426, -2.2043299674987793, -4.1784515380859375, -2.657979726791382, -2.866474151611328, -3.3083510398864746, -2.186746597290039, -3.408278226852417, -3.017782211303711, -3.4227569103240967, -4.115074634552002, -3.0728695392608643, -3.4960551261901855, -3.5321974754333496, -3.4940974712371826, -3.3290045261383057, -2.5372672080993652, -3.3233957290649414, -3.72566556930542, -2.2529985904693604, -2.5790629386901855, -2.486980676651001]}, "acc_test": 0.8166666666666667, "precision_test": 0.78125, "recall_test": 0.8620689655172413, "f1_test": 0.8196721311475409, "auc_test": 0.8826473859844272}
{"name": "rank_threshold", "predictions": {"test": [-128.6844940185547, -126.29251098632812, -239.2484130859375, -123.67326354980469, -38.61928939819336, -77.67033386230469, -46.01702117919922, -52.45357131958008, -95.12645721435547, -66.06046295166016, -272.99383544921875, -102.58580017089844, -46.75229263305664, -168.1901397705078, -218.8170623779297, -17.593494415283203, -66.56603240966797, -27.741378784179688, -455.6376037597656, -208.67567443847656, -40.64883041381836, -44.77702713012695, -312.0457458496094, -446.1446533203125, -40.42856979370117, -126.49090576171875, -445.34423828125, -53.482757568359375, -107.79267883300781, -386.5988464355469, -131.73077392578125, -337.4691467285156, -268.9140930175781, -139.0454559326172, -14.990824699401855, -94.96470642089844, -41.94852828979492, -45.21428680419922, -195.20513916015625, -157.32386779785156, -89.87574005126953, -183.875, -53.880001068115234, -127.71723937988281, -239.94581604003906, -160.28248596191406, -94.53548431396484, -14.490291595458984, -169.77706909179688, -187.7663116455078, -592.3999633789062, -136.2432403564453, -545.3707885742188, -672.909912109375, -90.50694274902344, -425.0294189453125, -124.89404296875, -100.55033874511719, -589.423095703125, -162.5875701904297, -192.05487060546875, -22.210145950317383, -123.8279037475586, -27.173913955688477, -213.52841186523438, -16.86111068725586, -60.49664306640625, -167.15789794921875, -668.8787841796875, -33.489051818847656, -291.5078125, -379.5737609863281, -235.3125, -241.49342346191406, -365.1600036621094, -154.2710723876953, -55.882354736328125, -151.30201721191406, -13.396039009094238, -161.49765014648438, -89.5886459350586, -19.340425491333008, -455.9161071777344, -40.094120025634766, -54.80864334106445, -124.198974609375, -230.76470947265625, -31.61206817626953, -232.77989196777344, -401.20001220703125, -86.71014404296875, -29.798967361450195, -173.0994110107422, -106.70588684082031, -42.52070999145508, -164.661376953125, -251.40110778808594, -141.99130249023438, -169.356689453125, -70.45417022705078, -478.08966064453125, -82.1388931274414, -55.9538459777832, -348.0885009765625, -101.49528503417969, -157.0500030517578, -28.293785095214844, -303.8888854980469, -160.43016052246094, -66.68840789794922, -122.9464340209961, -254.44525146484375, -176.77586364746094, -227.49765014648438, -73.40908813476562, -112.66459655761719, -243.5426788330078, -51.39330291748047, -55.77922058105469, -122.85401153564453]}, "acc_test": 0.675, "precision_test": 0.6266666666666667, "recall_test": 0.8103448275862069, "f1_test": 0.706766917293233, "auc_test": 0.7858731924360399}
{"name": "log_rank_threshold", "predictions": {"test": [-1.660825490951538, -1.8943952322006226, -1.3890217542648315, -1.832567811012268, -1.1414159536361694, -1.5196609497070312, -1.0351130962371826, -1.1347523927688599, -1.1518861055374146, -1.120474934577942, -2.094250202178955, -1.944266676902771, -1.2174863815307617, -1.7774159908294678, -2.0338428020477295, -1.158805012702942, -1.354844331741333, -1.2325074672698975, -1.9564018249511719, -1.7322646379470825, -1.3657697439193726, -1.3652719259262085, -2.3329415321350098, -2.1343908309936523, -1.4015352725982666, -1.585797667503357, -2.4273831844329834, -1.297696828842163, -1.4064280986785889, -1.8733296394348145, -1.64503014087677, -2.6324222087860107, -2.083876371383667, -1.827990174293518, -1.0313000679016113, -1.6404814720153809, -1.1438473463058472, -1.6414133310317993, -1.5713542699813843, -1.400146484375, -1.6887171268463135, -1.2439311742782593, -1.3710873126983643, -1.1290867328643799, -1.4265446662902832, -1.9627268314361572, -1.4155938625335693, -0.9170676469802856, -2.2695960998535156, -1.8258317708969116, -2.3856945037841797, -1.235749363899231, -2.437145709991455, -2.382965326309204, -1.5572158098220825, -2.3158726692199707, -1.2079432010650635, -1.665698528289795, -1.4992146492004395, -1.7712547779083252, -1.7591092586517334, -1.1819902658462524, -1.4840604066848755, -1.0329691171646118, -1.8851592540740967, -0.9806545972824097, -1.343953251838684, -1.8051345348358154, -2.2820959091186523, -1.3950341939926147, -1.9879696369171143, -2.3834822177886963, -1.7360754013061523, -2.2725424766540527, -2.3372676372528076, -1.8414860963821411, -1.2980445623397827, -1.6818459033966064, -1.0541187524795532, -1.7618743181228638, -1.4264328479766846, -1.0975724458694458, -2.2535808086395264, -1.0951753854751587, -1.754647970199585, -1.3519630432128906, -2.7351057529449463, -0.92914879322052, -1.6422866582870483, -2.0360162258148193, -1.155576229095459, -1.220827579498291, -1.8737186193466187, -1.8863469362258911, -1.0328962802886963, -2.0047361850738525, -1.7337061166763306, -1.3278123140335083, -1.7340331077575684, -1.0234427452087402, -2.3835673332214355, -1.3336361646652222, -1.43830144405365, -1.7853244543075562, -1.0196101665496826, -1.830649733543396, -1.4972513914108276, -1.8367359638214111, -2.2886440753936768, -1.4117146730422974, -1.8606796264648438, -1.908927083015442, -2.000842571258545, -1.8093308210372925, -1.1874809265136719, -1.7986598014831543, -2.027073383331299, -1.0743926763534546, -1.2368398904800415, -1.1872953176498413]}, "acc_test": 0.8166666666666667, "precision_test": 0.78125, "recall_test": 0.8620689655172413, "f1_test": 0.8196721311475409, "auc_test": 0.8793103448275862}
{"name": "entropy_threshold", "predictions": {"test": [3.2502710819244385, 3.7915985584259033, 3.028218984603882, 3.695805549621582, 2.984477996826172, 3.6929683685302734, 2.9359793663024902, 3.005234956741333, 2.6906588077545166, 3.0287539958953857, 4.024901866912842, 3.7271888256073, 3.5772783756256104, 3.67704176902771, 3.930830717086792, 3.1552159786224365, 3.2682721614837646, 3.250581979751587, 3.6818368434906006, 3.405904531478882, 3.459338665008545, 3.390536308288574, 4.392469882965088, 3.8323585987091064, 3.218069076538086, 3.421308994293213, 4.307387828826904, 3.5305228233337402, 3.30265212059021, 3.9914040565490723, 3.6425161361694336, 4.563106536865234, 3.8075103759765625, 3.4769880771636963, 3.0594022274017334, 3.3182661533355713, 3.2687768936157227, 3.4078285694122314, 3.770575523376465, 3.3206851482391357, 3.5126945972442627, 2.894005537033081, 2.9048755168914795, 3.0297884941101074, 3.4512009620666504, 3.8167924880981445, 3.3537216186523438, 3.238522529602051, 4.530587673187256, 3.4474222660064697, 4.398833751678467, 3.1099913120269775, 4.524822235107422, 4.175277233123779, 3.3156983852386475, 4.041426658630371, 3.0514705181121826, 3.293154239654541, 2.5864062309265137, 3.5907037258148193, 3.700350761413574, 2.924800157546997, 3.3916893005371094, 2.774486541748047, 4.0554585456848145, 2.825174570083618, 3.113537311553955, 3.4736435413360596, 3.8852224349975586, 3.6216020584106445, 4.091828346252441, 4.197544574737549, 3.4145572185516357, 4.057856559753418, 4.200369834899902, 3.3409717082977295, 3.364656448364258, 3.4479165077209473, 3.0955278873443604, 3.437238931655884, 3.367403745651245, 3.031409978866577, 4.1034440994262695, 3.1642186641693115, 3.4852309226989746, 3.286571741104126, 4.332696437835693, 2.776576280593872, 3.4999754428863525, 3.8219947814941406, 2.7506957054138184, 2.991433620452881, 3.7748866081237793, 3.9194822311401367, 3.1313929557800293, 3.6751010417938232, 3.3772542476654053, 3.218400001525879, 3.461763381958008, 2.7735462188720703, 4.373363971710205, 3.4303083419799805, 3.6503915786743164, 3.4836738109588623, 2.827988624572754, 3.619934558868408, 3.4190211296081543, 3.3327584266662598, 3.999070405960083, 3.457085132598877, 3.645556926727295, 3.441650152206421, 3.432110548019409, 3.447226047515869, 3.239124059677124, 3.7112629413604736, 3.691171169281006, 2.7708959579467773, 2.964517831802368, 3.216811418533325]}, "acc_test": 0.65, "precision_test": 0.6081081081081081, "recall_test": 0.7758620689655172, "f1_test": 0.6818181818181819, "auc_test": 0.7814238042269188}
{"name": "rank_GLTR_threshold", "predictions": {"test": [[0.7058823529411765, 0.17647058823529413, 0.09090909090909091, 0.026737967914438502], [0.6666666666666666, 0.23129251700680273, 0.061224489795918366, 0.04081632653061224], [0.7770700636942676, 0.15286624203821655, 0.05732484076433121, 0.012738853503184714], [0.693069306930693, 0.1485148514851485, 0.10891089108910891, 0.04950495049504951], [0.8223350253807107, 0.116751269035533, 0.050761421319796954, 0.01015228426395939], [0.7582417582417582, 0.14285714285714285, 0.08791208791208792, 0.01098901098901099], [0.8382978723404255, 0.11914893617021277, 0.03404255319148936, 0.00851063829787234], [0.8071428571428572, 0.15357142857142858, 0.03214285714285714, 0.007142857142857143], [0.8220140515222483, 0.07259953161592506, 0.07728337236533958, 0.02810304449648712], [0.8558139534883721, 0.08372093023255814, 0.05116279069767442, 0.009302325581395349], [0.654320987654321, 0.19135802469135801, 0.09876543209876543, 0.05555555555555555], [0.650887573964497, 0.17751479289940827, 0.14792899408284024, 0.023668639053254437], [0.8119266055045872, 0.10550458715596331, 0.0779816513761468, 0.0045871559633027525], [0.6901408450704225, 0.20422535211267606, 0.08450704225352113, 0.02112676056338028], [0.676829268292683, 0.12804878048780488, 0.1402439024390244, 0.054878048780487805], [0.7886178861788617, 0.18699186991869918, 0.024390243902439025, 0.0], [0.7610062893081762, 0.15723270440251572, 0.07547169811320754, 0.006289308176100629], [0.7974137931034483, 0.15517241379310345, 0.04310344827586207, 0.004310344827586207], [0.6880733944954128, 0.1651376146788991, 0.0963302752293578, 0.05045871559633028], [0.75, 0.13513513513513514, 0.08783783783783784, 0.02702702702702703], [0.7658862876254181, 0.16722408026755853, 0.056856187290969896, 0.010033444816053512], [0.7364864864864865, 0.18243243243243243, 0.07432432432432433, 0.006756756756756757], [0.6209150326797386, 0.16993464052287582, 0.1503267973856209, 0.058823529411764705], [0.6226415094339622, 0.2138364779874214, 0.11320754716981132, 0.050314465408805034], [0.75, 0.20714285714285716, 0.02857142857142857, 0.014285714285714285], [0.7515151515151515, 0.13333333333333333, 0.07878787878787878, 0.03636363636363636], [0.5956284153005464, 0.18579234972677597, 0.12568306010928962, 0.09289617486338798], [0.7844827586206896, 0.1724137931034483, 0.02586206896551724, 0.017241379310344827], [0.7560975609756098, 0.15853658536585366, 0.06707317073170732, 0.018292682926829267], [0.686046511627907, 0.18604651162790697, 0.0755813953488372, 0.05232558139534884], [0.7307692307692307, 0.16346153846153846, 0.08653846153846154, 0.019230769230769232], [0.5185185185185185, 0.25925925925925924, 0.14814814814814814, 0.07407407407407407], [0.6257668711656442, 0.2147239263803681, 0.10429447852760736, 0.05521472392638037], [0.6931818181818182, 0.1875, 0.08522727272727272, 0.03409090909090909], [0.8532110091743119, 0.12385321100917432, 0.022935779816513763, 0.0], [0.7352941176470589, 0.18823529411764706, 0.058823529411764705, 0.01764705882352941], [0.8161764705882353, 0.14705882352941177, 0.022058823529411766, 0.014705882352941176], [0.6928571428571428, 0.21428571428571427, 0.08571428571428572, 0.007142857142857143], [0.7589743589743589, 0.14358974358974358, 0.06153846153846154, 0.035897435897435895], [0.7613636363636364, 0.14204545454545456, 0.07954545454545454, 0.017045454545454544], [0.7337278106508875, 0.15976331360946747, 0.08284023668639054, 0.023668639053254437], [0.80625, 0.1375, 0.03125, 0.025], [0.7933333333333333, 0.14, 0.06, 0.006666666666666667], [0.8413793103448276, 0.0896551724137931, 0.041379310344827586, 0.027586206896551724], [0.7832512315270936, 0.12807881773399016, 0.059113300492610835, 0.029556650246305417], [0.6497175141242938, 0.21468926553672316, 0.1016949152542373, 0.03389830508474576], [0.7935483870967742, 0.14838709677419354, 0.03870967741935484, 0.01935483870967742], [0.8786407766990292, 0.09223300970873786, 0.024271844660194174, 0.0048543689320388345], [0.5732484076433121, 0.24203821656050956, 0.1464968152866242, 0.03821656050955414], [0.6413043478260869, 0.2391304347826087, 0.09239130434782608, 0.02717391304347826], [0.5818181818181818, 0.19090909090909092, 0.15454545454545454, 0.07272727272727272], [0.7905405405405406, 0.14864864864864866, 0.033783783783783786, 0.02702702702702703], [0.5955056179775281, 0.19662921348314608, 0.10674157303370786, 0.10112359550561797], [0.5405405405405406, 0.2972972972972973, 0.0990990990990991, 0.06306306306306306], [0.7569444444444444, 0.1388888888888889, 0.09027777777777778, 0.013888888888888888], [0.6176470588235294, 0.18235294117647058, 0.11764705882352941, 0.08235294117647059], [0.8410596026490066, 0.08609271523178808, 0.059602649006622516, 0.013245033112582781], [0.7114093959731543, 0.1610738255033557, 0.11409395973154363, 0.013422818791946308], [0.7637362637362637, 0.09340659340659341, 0.06593406593406594, 0.07692307692307693], [0.711864406779661, 0.14689265536723164, 0.1016949152542373, 0.03954802259887006], [0.6646341463414634, 0.25, 0.06097560975609756, 0.024390243902439025], [0.8115942028985508, 0.15942028985507245, 0.028985507246376812, 0.0], [0.7627906976744186, 0.13023255813953488, 0.07441860465116279, 0.03255813953488372], [0.8333333333333334, 0.15217391304347827, 0.010869565217391304, 0.0036231884057971015], [0.6363636363636364, 0.22727272727272727, 0.08522727272727272, 0.05113636363636364], [0.8518518518518519, 0.09876543209876543, 0.04938271604938271, 0.0], [0.7785234899328859, 0.18120805369127516, 0.020134228187919462, 0.020134228187919462], [0.695906432748538, 0.1695906432748538, 0.0935672514619883, 0.04093567251461988], [0.5959595959595959, 0.20202020202020202, 0.08080808080808081, 0.12121212121212122], [0.781021897810219, 0.145985401459854, 0.06569343065693431, 0.0072992700729927005], [0.625, 0.2109375, 0.1171875, 0.046875], [0.5956284153005464, 0.20218579234972678, 0.12568306010928962, 0.07650273224043716], [0.71875, 0.13020833333333334, 0.109375, 0.041666666666666664], [0.5921052631578947, 0.21052631578947367, 0.13815789473684212, 0.05921052631578947], [0.5657142857142857, 0.26857142857142857, 0.12, 0.045714285714285714], [0.6807228915662651, 0.18674698795180722, 0.10240963855421686, 0.030120481927710843], [0.788235294117647, 0.13529411764705881, 0.058823529411764705, 0.01764705882352941], [0.738255033557047, 0.1476510067114094, 0.09395973154362416, 0.020134228187919462], [0.8316831683168316, 0.13861386138613863, 0.0297029702970297, 0.0], [0.6901408450704225, 0.16901408450704225, 0.09389671361502347, 0.046948356807511735], [0.7659574468085106, 0.1702127659574468, 0.03546099290780142, 0.028368794326241134], [0.8351063829787234, 0.11702127659574468, 0.047872340425531915, 0.0], [0.6258064516129033, 0.2, 0.07096774193548387, 0.1032258064516129], [0.8431372549019608, 0.10588235294117647, 0.043137254901960784, 0.00784313725490196], [0.654320987654321, 0.2654320987654321, 0.07407407407407407, 0.006172839506172839], [0.7908163265306123, 0.14285714285714285, 0.04081632653061224, 0.025510204081632654], [0.5411764705882353, 0.17647058823529413, 0.21176470588235294, 0.07058823529411765], [0.8706896551724138, 0.11206896551724138, 0.01293103448275862, 0.004310344827586207], [0.7320574162679426, 0.14832535885167464, 0.10047846889952153, 0.019138755980861243], [0.6333333333333333, 0.21428571428571427, 0.09047619047619047, 0.06190476190476191], [0.821256038647343, 0.11594202898550725, 0.043478260869565216, 0.01932367149758454], [0.7989690721649485, 0.14432989690721648, 0.04639175257731959, 0.010309278350515464], [0.6842105263157895, 0.17543859649122806, 0.10526315789473684, 0.03508771929824561], [0.6535947712418301, 0.23529411764705882, 0.08496732026143791, 0.026143790849673203], [0.8461538461538461, 0.10059171597633136, 0.029585798816568046, 0.023668639053254437], [0.6613756613756614, 0.1693121693121693, 0.14285714285714285, 0.026455026455026454], [0.7252747252747253, 0.14285714285714285, 0.0989010989010989, 0.03296703296703297], [0.7695652173913043, 0.1565217391304348, 0.05217391304347826, 0.021739130434782608], [0.7261146496815286, 0.1337579617834395, 0.10828025477707007, 0.03184713375796178], [0.8625, 0.10833333333333334, 0.016666666666666666, 0.0125], [0.6275862068965518, 0.15172413793103448, 0.15172413793103448, 0.06896551724137931], [0.7847222222222222, 0.1527777777777778, 0.034722222222222224, 0.027777777777777776], [0.7769230769230769, 0.14615384615384616, 0.06153846153846154, 0.015384615384615385], [0.7256637168141593, 0.1592920353982301, 0.05309734513274336, 0.061946902654867256], [0.8443396226415094, 0.11320754716981132, 0.02358490566037736, 0.018867924528301886], [0.6875, 0.1875, 0.09375, 0.03125], [0.751412429378531, 0.1864406779661017, 0.062146892655367235, 0.0], [0.7, 0.18333333333333332, 0.05, 0.06666666666666667], [0.5642458100558659, 0.2737430167597765, 0.11173184357541899, 0.05027932960893855], [0.782608695652174, 0.13043478260869565, 0.07971014492753623, 0.007246376811594203], [0.6964285714285714, 0.17261904761904762, 0.10119047619047619, 0.02976190476190476], [0.6788321167883211, 0.16058394160583941, 0.11678832116788321, 0.043795620437956206], [0.6781609195402298, 0.13793103448275862, 0.12643678160919541, 0.05747126436781609], [0.676056338028169, 0.2112676056338028, 0.0892018779342723, 0.023474178403755867], [0.8272727272727273, 0.12727272727272726, 0.02727272727272727, 0.01818181818181818], [0.7080745341614907, 0.15527950310559005, 0.11180124223602485, 0.024844720496894408], [0.676829268292683, 0.18902439024390244, 0.07926829268292683, 0.054878048780487805], [0.7907949790794979, 0.18410041841004185, 0.016736401673640166, 0.008368200836820083], [0.8051948051948052, 0.13636363636363635, 0.05194805194805195, 0.006493506493506494], [0.8029197080291971, 0.13503649635036497, 0.043795620437956206, 0.01824817518248175]]}, "acc_test": 0.8, "precision_test": 0.75, "recall_test": 0.8793103448275862, "f1_test": 0.8095238095238094, "auc_test": 0.8743047830923247}
{"name": "perturbation_10_z", "predictions": {"test": [0.9438863947044721, 0.04261078630992064, 0.29705324819566814, 0.6174005308403433, 0.6787621266982532, 0.402556690300914, 0.7962150851285088, 1.8677558775301628, 1.165016934273001, 1.5414786263062907, -0.8555545808467131, -0.018252354458751587, 0.92201570556567, -0.333609904098716, -0.5075959204392976, 1.2556890287754194, 0.3363825154798582, 1.4323512205890736, 0.431751258008592, 0.6324545960799708, 0.7551845008339346, 0.47940289190528446, -0.9647804417630484, 0.35323408439647314, 0.09596688085179227, 1.0987979075404821, -0.06820367868001792, 0.5527434601051395, 1.0308385321990317, 0.14430417235985432, 0.11900219648491517, -0.32474665967221084, -0.7320561491917703, 0.08469372777155096, 1.9893034968640064, 0.4050573897993554, 1.096457750992697, -0.11635632417025506, 0.2460377308638107, 0.14173741014787897, 0.49535895181530054, 0.9077601965881915, 0.4357598472551404, 0.7596328860926109, 0.1649859934452051, -0.4611759668369583, -0.28462967565602765, 1.3251949292046066, -0.3756001143943475, 0.6280293724976518, 0.47411097044457595, 0.5467569111682685, -0.2313221711704927, -0.24212330865593898, -0.03322691699967598, -0.3131798688640537, 1.3828765366999962, 0.2926902517064657, -0.7714252314107715, 0.07456210345697789, 0.4016964293229651, 0.5001565951799928, 1.018192595560723, 1.4924102727525304, -0.25788276389080494, 1.7582611339829524, 0.8464649329924772, -0.48317115139854444, 0.06660105308714817, 0.7762082089631872, 0.2369543046529117, 0.32067975359762313, 0.3055324161599416, -0.45521166179035844, -0.3154318664514292, -0.9491954917082557, 0.9702456660981807, -0.3709068939915187, 1.6121886517391046, 0.7780871541102228, -0.3765812214415385, 1.5187555259916745, -0.6839575037270931, 1.7185489633418323, 0.7117902571144697, 1.6173352067328721, 0.22003970522578195, 2.0912050087203102, 0.6425795614668609, 0.4998641090562714, 1.063684469864753, 1.2605103544398362, -0.3512712879476952, -0.08673779416453861, 1.7521892654509732, 0.015143031919426843, -0.5446053026636661, 0.8821433729421859, 0.3936499864834413, 0.7751171799279511, -0.5085099422923807, 1.7918724297275108, 0.9117203554404315, -0.15473781946205098, 1.420235233914934, -0.97701424957268, 0.7858332446304339, 0.6295432448595604, -1.4273457783050028, 0.43015066196155755, -0.11744984116554308, 0.14963630097683867, 0.8693631333650836, -0.012664189523705901, 0.4366122978121761, -0.29455561208723513, -0.09595268353069092, 1.5702975047973728, 0.4740069146926212, 1.9379420009082595]}, "info": {"pct_words_masked": 0.3, "span_length": 2, "n_perturbations": 10}, "general": {"acc_test": 0.7583333333333333, "precision_test": 0.7230769230769231, "recall_test": 0.8103448275862069, "f1_test": 0.7642276422764227, "auc_test": 0.8662402669632925}}
{"name": "GPT-sentinel", "acc": 0.6666666666666666}
{"name": "roberta-base-openai-detector", "predictions": {"test": [0.014850202016532421, 0.9993785619735718, 0.0004987397696822882, 0.5633059740066528, 0.9973618388175964, 0.04475020244717598, 0.9216263294219971, 0.010942069813609123, 0.003514868440106511, 0.7718269228935242, 0.008946750313043594, 0.17855115234851837, 0.290002703666687, 0.00019696573144756258, 0.0002950234629679471, 0.9998242259025574, 0.9362134337425232, 0.9995344877243042, 0.00017624431347940117, 0.0005273039569146931, 0.9487808346748352, 0.00019452115520834923, 0.00028029890381731093, 0.0007167752482928336, 0.9686264395713806, 0.17016395926475525, 0.0002931438502855599, 0.8749544024467468, 0.0007248132606036961, 0.0003637889167293906, 0.0009227822301909328, 0.00022599373187404126, 0.00704935472458601, 0.00020773547294083983, 0.9021351933479309, 0.00018256128532812, 0.9998224377632141, 0.0026266376953572035, 0.8812071084976196, 0.11015334725379944, 0.045086901634931564, 0.8818113803863525, 0.00017598102567717433, 0.9131792783737183, 0.0001696530671324581, 0.006242119707167149, 0.008531035855412483, 0.9998270869255066, 0.0020729100797325373, 0.00027553801191970706, 0.9064789414405823, 0.020072223618626595, 0.00016897596651688218, 0.09019272029399872, 0.10792956501245499, 0.00021614631987176836, 0.003080174792557955, 0.00033660282497294247, 0.998920202255249, 0.0014498030068352818, 0.0009023310267366469, 0.9998051524162292, 0.033585842698812485, 0.9997507929801941, 0.00017052852490451187, 0.007530811242759228, 0.01720237359404564, 0.00021586561342701316, 0.0004727253399323672, 0.12485471367835999, 0.0010468174004927278, 0.00018620482296682894, 0.00016931368736550212, 0.0008378333295695484, 0.0002555947285145521, 0.0001882967771962285, 0.00028516072779893875, 0.00024090023362077773, 0.9502606391906738, 0.00017099877004511654, 0.9913466572761536, 0.0008733539143577218, 0.001753550604917109, 0.9998154044151306, 0.0005498495884239674, 0.00017147128528449684, 0.9385502338409424, 0.9997197985649109, 0.0002003522531595081, 0.22498641908168793, 0.9732370972633362, 0.16928519308567047, 0.02964312769472599, 0.00017378656775690615, 0.9785810112953186, 0.00019542520749382675, 0.0001767855865182355, 0.0004952497547492385, 0.0005339074996300042, 0.9996267557144165, 0.00018547847867012024, 0.0031004443299025297, 0.9962279796600342, 0.0033586700446903706, 0.9486705660820007, 0.000349860085407272, 0.00017076592484954745, 0.00018139768508262932, 0.032806623727083206, 0.01184985414147377, 0.002838969463482499, 0.0001836328738136217, 0.0002388040884397924, 0.00033685757080093026, 0.9876673221588135, 0.00017885681882034987, 0.00017217856657225639, 0.0005252652917988598, 0.19391465187072754, 0.9774770140647888]}, "logits": {"test": [-2.25419020652771, 3.9529407024383545, -4.108575344085693, 0.041192710399627686, 3.1252193450927734, -1.6507824659347534, 1.2253367900848389, -2.428760290145874, -3.025399923324585, 0.6172996163368225, -2.5045979022979736, -0.8523724675178528, -0.48878011107444763, -4.625263214111328, -4.38696813583374, 4.690579414367676, 1.333305835723877, 4.126099109649658, -4.690273284912109, -4.057941436767578, 1.5247591733932495, -4.631410598754883, -4.421962261199951, -3.8886287212371826, 1.7383261919021606, -0.8630494475364685, -4.3862104415893555, 0.929086446762085, -3.9004924297332764, -4.266970634460449, -3.77575945854187, -4.545456886291504, -2.63905930519104, -4.592843055725098, 1.0991195440292358, -4.670618534088135, 4.685177326202393, -3.1740543842315674, 1.0040719509124756, -1.137615442276001, -1.6568305492401123, 0.9675441384315491, -4.693010330200195, 1.1487113237380981, -4.707267761230469, -2.67940354347229, -2.5345330238342285, 4.699373245239258, -3.3090124130249023, -4.433738708496094, 1.0896133184432983, -2.1033027172088623, -4.71262788772583, -1.2686221599578857, -1.1381075382232666, -4.569924831390381, -3.1201796531677246, -4.321432590484619, 3.62302827835083, -3.512631416320801, -3.7659082412719727, 4.625123023986816, -1.7910783290863037, 4.526554107666016, -4.704651832580566, -2.630781412124634, -2.1805810928344727, -4.573200702667236, -4.1321210861206055, -1.0584200620651245, -3.7007665634155273, -4.655312538146973, -4.708128929138184, -3.814096689224243, -4.478846549987793, -4.648239612579346, -4.42167329788208, -4.510348320007324, 1.4507153034210205, -4.708544731140137, 2.4364137649536133, -3.783569097518921, -3.377347230911255, 4.660301685333252, -4.048521041870117, -4.706318378448486, 1.353939175605774, 4.424218654632568, -4.6164469718933105, -0.699654221534729, 1.8692206144332886, -0.8717032670974731, -1.8626019954681396, -4.6926960945129395, 1.9364380836486816, -4.617069244384766, -4.683246612548828, -4.089015960693359, -4.062135219573975, 4.251723289489746, -4.653210163116455, -3.102267026901245, 2.907613515853882, -3.0640814304351807, 1.4638938903808594, -4.29054069519043, -4.705142498016357, -4.670258045196533, -1.8018198013305664, -2.3733348846435547, -3.145047903060913, -4.664371490478516, -4.5164642333984375, -4.316952705383301, 2.243929386138916, -4.678631782531738, -4.703658103942871, -4.067688465118408, -0.8100400567054749, 1.96151602268219]}, "acc_test": 0.7416666666666667, "precision_test": 0.9090909090909091, "recall_test": 0.5172413793103449, "f1_test": 0.6593406593406593, "auc_test": 0.7983870967741935, "preds": [0.5633059740066528, 0.9973618388175964, 0.04475020244717598, 0.9216263294219971, 0.010942069813609123, 0.003514868440106511, 0.7718269228935242, 0.290002703666687, 0.9998242259025574, 0.9362134337425232, 0.9995344877243042, 0.9487808346748352, 0.00019452115520834923, 0.8749544024467468, 0.0009227822301909328, 0.9021351933479309, 0.9998224377632141, 0.8812071084976196, 0.8818113803863525, 0.00017598102567717433, 0.9131792783737183, 0.0001696530671324581, 0.9998270869255066, 0.9064789414405823, 0.020072223618626595, 0.09019272029399872, 0.003080174792557955, 0.9998051524162292, 0.033585842698812485, 0.9997507929801941, 0.007530811242759228, 0.01720237359404564, 0.0004727253399323672, 0.12485471367835999, 0.0010468174004927278, 0.00028516072779893875, 0.9502606391906738, 0.9913466572761536, 0.0008733539143577218, 0.9998154044151306, 0.00017147128528449684, 0.9385502338409424, 0.9997197985649109, 0.0002003522531595081, 0.9732370972633362, 0.16928519308567047, 0.9785810112953186, 0.0004952497547492385, 0.9996267557144165, 0.0031004443299025297, 0.9962279796600342, 0.0033586700446903706, 0.9486705660820007, 0.0001836328738136217, 0.9876673221588135, 0.0005252652917988598, 0.19391465187072754, 0.9774770140647888]}
{"name": "Hello-SimpleAI/chatgpt-detector-roberta", "predictions": {"test": [0.28759223222732544, 0.8996027112007141, 0.0006289778975769877, 0.013648487627506256, 0.9656134843826294, 0.003277658950537443, 0.13711200654506683, 0.9938511848449707, 0.8934186697006226, 0.9989381432533264, 0.023442652076482773, 0.011039002798497677, 0.779973566532135, 0.0024682774674147367, 0.00337394792586565, 0.9518416523933411, 0.9992237091064453, 0.25900593400001526, 0.17856448888778687, 0.00035526094143278897, 0.01951197162270546, 0.14308105409145355, 0.00033807448926381767, 0.01756048947572708, 0.008342537097632885, 0.10419311374425888, 0.00032042013481259346, 0.2164894938468933, 0.056451570242643356, 0.004351245705038309, 0.010351319797337055, 0.00031553467852063477, 0.0010523765813559294, 0.000766962708439678, 0.9992393255233765, 0.02071869932115078, 0.9962815642356873, 0.00032375144655816257, 0.9936342239379883, 0.06694262474775314, 0.0014487787848338485, 0.8624372482299805, 0.1222415640950203, 0.7754251956939697, 0.037841059267520905, 0.001706235925666988, 0.01465125847607851, 0.9904116988182068, 0.0007125801057554781, 0.008850077167153358, 0.014217018149793148, 0.19953253865242004, 0.0004440676420927048, 0.00036917830584570765, 0.03952198103070259, 0.012481903657317162, 0.2120787352323532, 0.0092152189463377, 0.006279610097408295, 0.01103195734322071, 0.0006971333059482276, 0.9992306232452393, 0.02437124401330948, 0.999233603477478, 0.0012361278058961034, 0.031156228855252266, 0.0022796080447733402, 0.17246808111667633, 0.00028686312725767493, 0.1034686490893364, 0.038450323045253754, 0.15318091213703156, 0.0037386813201010227, 0.009066673927009106, 0.000325973640428856, 0.09003714472055435, 0.006764667574316263, 0.06972907483577728, 0.9853367209434509, 0.00043325548176653683, 0.9990566372871399, 0.011030454188585281, 0.0014072447083890438, 0.9992133378982544, 0.9021487236022949, 0.29057198762893677, 0.015347778797149658, 0.9939654469490051, 0.0015113097615540028, 0.0004003209760412574, 0.9954877495765686, 0.9951578974723816, 0.000505542557220906, 0.0007063802913762629, 0.999228835105896, 0.01145350281149149, 0.021993324160575867, 0.37400123476982117, 0.0011864021653309464, 0.9990867376327515, 0.0003082358161918819, 0.29961681365966797, 0.3673322796821594, 0.0121467811986804, 0.04175928235054016, 0.008305647410452366, 0.00048063474241644144, 0.014316904358565807, 0.00029576587257906795, 0.025714661926031113, 0.0003536116855684668, 0.00036930732312612236, 0.001175728510133922, 0.01652657985687256, 0.9979958534240723, 0.9172834753990173, 0.00040937215089797974, 0.9966223239898682, 0.9722259044647217, 0.3390679955482483]}, "logits": {"test": [-0.5902155637741089, 1.0799057483673096, -3.3719136714935303, -2.10172700881958, 1.57362961769104, -2.716146230697632, -0.7208935022354126, 2.316365957260132, 1.050547480583191, 3.0208919048309326, -1.8602311611175537, -2.1951839923858643, 0.6738866567611694, -2.8338682651519775, -2.704028844833374, 1.422303318977356, 3.1226677894592285, -0.6504684686660767, -0.8761869072914124, -3.5734243392944336, -1.9427014589309692, -0.9961457252502441, -3.5896761417388916, -1.9897938966751099, -2.3175089359283447, -1.1531524658203125, -3.6069440841674805, -0.7657734155654907, -1.455775260925293, -2.5968987941741943, -2.223407506942749, -3.6118221282958984, -3.1759653091430664, -3.2975382804870605, 3.124002695083618, -1.9158084392547607, 2.5253467559814453, -3.6036407947540283, 2.3018205165863037, -1.3748626708984375, -3.04995059967041, 0.9247227907180786, -1.0779787302017212, 0.6620181202888489, -1.6421350240707397, -2.984370470046997, -2.0703353881835938, 2.1286990642547607, -3.3252978324890137, -2.291826009750366, -2.083669424057007, -0.8139408826828003, -3.4976038932800293, -3.5606746673583984, -1.6220768690109253, -2.14115834236145, -0.7779633402824402, -2.2741997241973877, -2.4403254985809326, -2.195462942123413, -3.3335304260253906, 3.123716115951538, -1.8427234888076782, 3.123901844024658, -3.11289644241333, -1.731231451034546, -2.8665688037872314, -0.895527720451355, -3.6410791873931885, -1.1624237298965454, -1.63477623462677, -0.959882378578186, -2.660947799682617, -2.281287431716919, -3.6014485359191895, -1.23127281665802, -2.40828013420105, -1.3553366661071777, 1.9467403888702393, -3.50618314743042, 3.063255786895752, -2.1955296993255615, -3.061537742614746, 3.120110034942627, 1.0921233892440796, -0.5838104486465454, -2.0497376918792725, 2.3242220878601074, -3.033074140548706, -3.5333759784698486, 2.445420503616333, 2.4161291122436523, -3.45169734954834, -3.3285844326019287, 3.1235251426696777, -2.1789984703063965, -1.8889689445495605, -0.4105888605117798, -3.129056215286255, 3.0744452476501465, -3.6191792488098145, -0.5633428692817688, -0.42531120777130127, -2.1531665325164795, -1.5969678163528442, -2.3194339275360107, -3.4697372913360596, -2.0805790424346924, -3.631918430328369, -1.8184455633163452, -3.574965000152588, -3.5605571269989014, -3.1326065063476562, -2.016829490661621, 2.7759077548980713, 1.1721433401107788, -3.525731086730957, 2.5648117065429688, 1.6682933568954468, -0.4800904393196106]}, "acc_test": 0.7083333333333334, "precision_test": 0.896551724137931, "recall_test": 0.4482758620689655, "f1_test": 0.5977011494252874, "auc_test": 0.8359288097886541, "preds": [0.013648487627506256, 0.9656134843826294, 0.003277658950537443, 0.13711200654506683, 0.9938511848449707, 0.8934186697006226, 0.9989381432533264, 0.779973566532135, 0.9518416523933411, 0.9992237091064453, 0.25900593400001526, 0.01951197162270546, 0.14308105409145355, 0.2164894938468933, 0.010351319797337055, 0.9992393255233765, 0.9962815642356873, 0.9936342239379883, 0.8624372482299805, 0.1222415640950203, 0.7754251956939697, 0.037841059267520905, 0.9904116988182068, 0.014217018149793148, 0.19953253865242004, 0.00036917830584570765, 0.2120787352323532, 0.9992306232452393, 0.02437124401330948, 0.999233603477478, 0.031156228855252266, 0.0022796080447733402, 0.00028686312725767493, 0.1034686490893364, 0.038450323045253754, 0.006764667574316263, 0.9853367209434509, 0.9990566372871399, 0.011030454188585281, 0.9992133378982544, 0.29057198762893677, 0.015347778797149658, 0.9939654469490051, 0.0015113097615540028, 0.9954877495765686, 0.9951578974723816, 0.999228835105896, 0.37400123476982117, 0.9990867376327515, 0.29961681365966797, 0.3673322796821594, 0.0121467811986804, 0.04175928235054016, 0.00036930732312612236, 0.9979958534240723, 0.9966223239898682, 0.9722259044647217, 0.3390679955482483]}
