{"name": "likelihood_threshold", "predictions": {"test": [-3.0835392475128174, -3.546823024749756, -2.7543423175811768, -2.322615385055542, -3.085926055908203, -3.5580642223358154, -3.4115102291107178, -2.8682162761688232, -3.216627836227417, -3.1799814701080322, -3.8322391510009766, -3.4261090755462646, -3.475867748260498, -3.4147229194641113, -3.610867500305176, -3.166609525680542, -3.2867867946624756, -3.3560287952423096, -3.463139057159424, -3.284127950668335, -3.3043267726898193, -3.5455310344696045, -4.247433662414551, -3.7922980785369873, -2.862123489379883, -3.143124580383301, -4.260087966918945, -3.117938280105591, -2.851383924484253, -3.6090035438537598, -3.1121647357940674, -4.502969741821289, -3.797938346862793, -3.4384348392486572, -2.7462682723999023, -3.1256484985351562, -2.9339089393615723, -3.258265495300293, -3.522092819213867, -2.7279934883117676, -3.2380850315093994, -3.199145793914795, -3.2150981426239014, -2.573265552520752, -3.1609702110290527, -3.677682399749756, -2.9241089820861816, -2.7227957248687744, -4.115608215332031, -3.3712148666381836, -3.22430419921875, -3.687302827835083, -4.142273426055908, -3.4666967391967773, -3.0571975708007812, -4.04473352432251, -3.4110865592956543, -3.1748201847076416, -2.5303955078125, -3.3067665100097656, -3.331148386001587, -3.543703079223633, -3.3269670009613037, -2.8160316944122314, -3.417685031890869, -2.676248073577881, -3.441997528076172, -3.471332311630249, -2.955803155899048, -3.389087677001953, -3.3146965503692627, -4.095673084259033, -3.1826822757720947, -4.082169532775879, -4.0704193115234375, -3.4044270515441895, -3.2378432750701904, -3.249077558517456, -2.8644886016845703, -3.266580104827881, -3.0260720252990723, -3.034019708633423, -3.9706499576568604, -3.004260301589966, -3.3524255752563477, -3.038818359375, -3.8198537826538086, -2.774827241897583, -2.1928231716156006, -3.604675769805908, -2.9597585201263428, -3.4468648433685303, -3.460237503051758, -3.6022675037384033, -2.7686893939971924, -3.707284688949585, -3.317063331604004, -3.284665822982788, -3.236172676086426, -3.1329505443573, -4.1784515380859375, -3.7359395027160645, -3.5904476642608643, -4.0583906173706055, -3.6534788608551025, -3.408278226852417, -3.017782211303711, -3.4227569103240967, -4.115074634552002, -3.0728695392608643, -3.4960551261901855, -3.5105206966400146, -3.4940974712371826, -3.3290045261383057, -3.759638547897339, -3.3233957290649414, -3.72566556930542, -3.268289804458618, -3.4134910106658936, -3.7296223640441895]}, "acc_test": 0.6083333333333333, "precision_test": 0.6410256410256411, "recall_test": 0.43103448275862066, "f1_test": 0.5154639175257731, "auc_test": 0.6693548387096775}
{"name": "rank_threshold", "predictions": {"test": [-128.6844940185547, -126.29251098632812, -239.2484130859375, -79.21759033203125, -68.63975524902344, -121.0, -78.07691955566406, -29.528736114501953, -232.440185546875, -71.31543731689453, -272.99383544921875, -102.58580017089844, -98.54838562011719, -168.1901397705078, -218.8170623779297, -46.963233947753906, -230.97674560546875, -122.75155639648438, -455.6376037597656, -208.67567443847656, -131.89285278320312, -173.9853057861328, -312.0457458496094, -446.1446533203125, -40.42856979370117, -126.49090576171875, -445.34423828125, -48.77397155761719, -107.79267883300781, -386.5988464355469, -117.09944915771484, -337.4691467285156, -268.9140930175781, -139.0454559326172, -39.953643798828125, -94.96470642089844, -65.60509490966797, -45.21428680419922, -102.86243438720703, -157.32386779785156, -89.87574005126953, -193.9740753173828, -96.31791687011719, -47.740196228027344, -231.86932373046875, -160.28248596191406, -94.53548431396484, -46.81563949584961, -169.77706909179688, -187.7663116455078, -129.99114990234375, -168.71621704101562, -545.3707885742188, -149.9462432861328, -90.50694274902344, -425.0294189453125, -256.6336669921875, -100.55033874511719, -589.423095703125, -162.5875701904297, -192.05487060546875, -174.56643676757812, -171.12612915039062, -41.01863479614258, -213.52841186523438, -23.83333396911621, -261.1073303222656, -167.15789794921875, -56.8797492980957, -98.58192443847656, -122.07035064697266, -379.5737609863281, -235.3125, -241.49342346191406, -365.1600036621094, -154.2710723876953, -138.04412841796875, -151.30201721191406, -74.32682800292969, -161.49765014648438, -113.35176086425781, -82.09580993652344, -455.9161071777344, -120.6937484741211, -54.80864334106445, -97.76966094970703, -231.7945098876953, -42.49142837524414, -73.40865325927734, -401.20001220703125, -113.36734771728516, -264.0714416503906, -173.0994110107422, -106.70588684082031, -58.61271667480469, -164.661376953125, -251.40110778808594, -92.46111297607422, -169.356689453125, -57.68333435058594, -478.08966064453125, -211.54074096679688, -249.3562469482422, -302.04071044921875, -222.7688446044922, -157.0500030517578, -28.293785095214844, -303.8888854980469, -160.43016052246094, -66.68840789794922, -122.9464340209961, -193.39547729492188, -176.77586364746094, -227.49765014648438, -116.90625, -112.66459655761719, -243.5426788330078, -220.33334350585938, -162.43275451660156, -153.9620361328125]}, "acc_test": 0.6166666666666667, "precision_test": 0.5882352941176471, "recall_test": 0.6896551724137931, "f1_test": 0.6349206349206349, "auc_test": 0.7066184649610678}
{"name": "log_rank_threshold", "predictions": {"test": [-1.660825490951538, -1.8943952322006226, -1.3890217542648315, -1.2316975593566895, -1.6140707731246948, -1.947085976600647, -1.8751599788665771, -1.4176928997039795, -1.7630929946899414, -1.6735771894454956, -2.094250202178955, -1.944266676902771, -1.9531937837600708, -1.7774159908294678, -2.0338428020477295, -1.621471643447876, -1.7740362882614136, -1.8247419595718384, -1.9564018249511719, -1.7322646379470825, -1.7635560035705566, -1.9507637023925781, -2.3329415321350098, -2.1343908309936523, -1.4015352725982666, -1.585797667503357, -2.4273831844329834, -1.6607364416122437, -1.4064280986785889, -1.8733296394348145, -1.579415202140808, -2.6324222087860107, -2.083876371383667, -1.827990174293518, -1.42368483543396, -1.6404814720153809, -1.476707935333252, -1.6414133310317993, -1.961147665977478, -1.400146484375, -1.6887171268463135, -1.7530218362808228, -1.67704439163208, -1.3203119039535522, -1.6984590291976929, -1.9627268314361572, -1.4155938625335693, -1.3401039838790894, -2.2695960998535156, -1.8258317708969116, -1.8126728534698486, -2.050997734069824, -2.437145709991455, -1.905256986618042, -1.5572158098220825, -2.3158726692199707, -1.883815884590149, -1.665698528289795, -1.4992146492004395, -1.7712547779083252, -1.7591092586517334, -1.8818354606628418, -1.7487993240356445, -1.4456425905227661, -1.8851592540740967, -1.3477802276611328, -1.9549798965454102, -1.8051345348358154, -1.4995574951171875, -1.8234578371047974, -1.7888325452804565, -2.3834822177886963, -1.7360754013061523, -2.2725424766540527, -2.3372676372528076, -1.8414860963821411, -1.727893352508545, -1.6818459033966064, -1.4399811029434204, -1.7618743181228638, -1.5904508829116821, -1.5851185321807861, -2.2535808086395264, -1.5490444898605347, -1.754647970199585, -1.5973612070083618, -2.144124746322632, -1.4161447286605835, -1.1266634464263916, -2.0360162258148193, -1.6226420402526855, -1.9345817565917969, -1.8737186193466187, -1.8863469362258911, -1.3640432357788086, -2.0047361850738525, -1.7337061166763306, -1.730410099029541, -1.7340331077575684, -1.62529456615448, -2.3835673332214355, -2.052175998687744, -1.9383881092071533, -2.3373124599456787, -2.083235502243042, -1.830649733543396, -1.4972513914108276, -1.8367359638214111, -2.2886440753936768, -1.4117146730422974, -1.8606796264648438, -1.9051158428192139, -2.000842571258545, -1.8093308210372925, -2.0666396617889404, -1.7986598014831543, -2.027073383331299, -1.7112507820129395, -1.821924090385437, -2.081425666809082]}, "acc_test": 0.5916666666666667, "precision_test": 0.6216216216216216, "recall_test": 0.39655172413793105, "f1_test": 0.48421052631578954, "auc_test": 0.6418242491657397}
{"name": "entropy_threshold", "predictions": {"test": [3.2502710819244385, 3.7915985584259033, 3.028218984603882, 2.498521327972412, 3.3804731369018555, 3.703798532485962, 3.579289436340332, 3.0961289405822754, 3.5342369079589844, 3.122999906539917, 4.024901866912842, 3.7271888256073, 3.643233060836792, 3.67704176902771, 3.930830717086792, 3.3827340602874756, 3.4647979736328125, 3.407259225845337, 3.6818368434906006, 3.405904531478882, 3.4942104816436768, 3.5750575065612793, 4.392469882965088, 3.8323585987091064, 3.218069076538086, 3.421308994293213, 4.307387828826904, 3.4722955226898193, 3.30265212059021, 3.9914040565490723, 3.2987112998962402, 4.563106536865234, 3.8075103759765625, 3.4769880771636963, 3.05812668800354, 3.3182661533355713, 3.505861282348633, 3.4078285694122314, 3.723205089569092, 3.3206851482391357, 3.5126945972442627, 3.524651288986206, 3.435528516769409, 2.9067392349243164, 3.263939380645752, 3.8167924880981445, 3.3537216186523438, 3.1886885166168213, 4.530587673187256, 3.4474222660064697, 3.28341007232666, 3.651628017425537, 4.524822235107422, 3.2325057983398438, 3.3156983852386475, 4.041426658630371, 3.651906728744507, 3.293154239654541, 2.5864062309265137, 3.5907037258148193, 3.700350761413574, 3.615938901901245, 3.45497727394104, 2.9719526767730713, 4.0554585456848145, 2.9472036361694336, 3.512869358062744, 3.4736435413360596, 2.857316017150879, 3.239124298095703, 3.391205310821533, 4.197544574737549, 3.4145572185516357, 4.057856559753418, 4.200369834899902, 3.3409717082977295, 3.4478883743286133, 3.4479165077209473, 3.2614948749542236, 3.437238931655884, 3.3321151733398438, 3.157557725906372, 4.1034440994262695, 3.5329461097717285, 3.4852309226989746, 3.2216029167175293, 3.7980751991271973, 3.00180983543396, 2.449399948120117, 3.8219947814941406, 3.056391716003418, 3.4754693508148193, 3.7748866081237793, 3.9194822311401367, 3.1316792964935303, 3.6751010417938232, 3.3772542476654053, 3.3859879970550537, 3.461763381958008, 3.2946791648864746, 4.373363971710205, 4.147548675537109, 3.881315231323242, 3.916166305541992, 3.491929292678833, 3.619934558868408, 3.4190211296081543, 3.3327584266662598, 3.999070405960083, 3.457085132598877, 3.645556926727295, 3.589172124862671, 3.432110548019409, 3.447226047515869, 3.8270263671875, 3.7112629413604736, 3.691171169281006, 3.253324031829834, 3.170212507247925, 3.689652442932129]}, "acc_test": 0.6083333333333333, "precision_test": 0.5797101449275363, "recall_test": 0.6896551724137931, "f1_test": 0.6299212598425198, "auc_test": 0.7157953281423803}
{"name": "rank_GLTR_threshold", "predictions": {"test": [[0.7058823529411765, 0.17647058823529413, 0.09090909090909091, 0.026737967914438502], [0.6666666666666666, 0.23129251700680273, 0.061224489795918366, 0.04081632653061224], [0.7770700636942676, 0.15286624203821655, 0.05732484076433121, 0.012738853503184714], [0.7685185185185185, 0.16203703703703703, 0.05092592592592592, 0.018518518518518517], [0.7267080745341615, 0.15527950310559005, 0.09937888198757763, 0.018633540372670808], [0.6686390532544378, 0.1893491124260355, 0.11242603550295859, 0.029585798816568046], [0.6846153846153846, 0.16923076923076924, 0.13076923076923078, 0.015384615384615385], [0.7471264367816092, 0.1839080459770115, 0.06896551724137931, 0.0], [0.6842105263157895, 0.1722488038277512, 0.10047846889952153, 0.0430622009569378], [0.6577181208053692, 0.26174496644295303, 0.06711409395973154, 0.013422818791946308], [0.654320987654321, 0.19135802469135801, 0.09876543209876543, 0.05555555555555555], [0.650887573964497, 0.17751479289940827, 0.14792899408284024, 0.023668639053254437], [0.6505376344086021, 0.1774193548387097, 0.15053763440860216, 0.021505376344086023], [0.6901408450704225, 0.20422535211267606, 0.08450704225352113, 0.02112676056338028], [0.676829268292683, 0.12804878048780488, 0.1402439024390244, 0.054878048780487805], [0.7132352941176471, 0.18382352941176472, 0.09558823529411764, 0.007352941176470588], [0.6918604651162791, 0.18023255813953487, 0.09302325581395349, 0.03488372093023256], [0.6708074534161491, 0.2236024844720497, 0.08074534161490683, 0.024844720496894408], [0.6880733944954128, 0.1651376146788991, 0.0963302752293578, 0.05045871559633028], [0.75, 0.13513513513513514, 0.08783783783783784, 0.02702702702702703], [0.6726190476190477, 0.20238095238095238, 0.10119047619047619, 0.023809523809523808], [0.6715686274509803, 0.16176470588235295, 0.12745098039215685, 0.0392156862745098], [0.6209150326797386, 0.16993464052287582, 0.1503267973856209, 0.058823529411764705], [0.6226415094339622, 0.2138364779874214, 0.11320754716981132, 0.050314465408805034], [0.75, 0.20714285714285716, 0.02857142857142857, 0.014285714285714285], [0.7515151515151515, 0.13333333333333333, 0.07878787878787878, 0.03636363636363636], [0.5956284153005464, 0.18579234972677597, 0.12568306010928962, 0.09289617486338798], [0.6917808219178082, 0.22602739726027396, 0.0684931506849315, 0.0136986301369863], [0.7560975609756098, 0.15853658536585366, 0.06707317073170732, 0.018292682926829267], [0.686046511627907, 0.18604651162790697, 0.0755813953488372, 0.05232558139534884], [0.7569060773480663, 0.143646408839779, 0.0718232044198895, 0.027624309392265192], [0.5185185185185185, 0.25925925925925924, 0.14814814814814814, 0.07407407407407407], [0.6257668711656442, 0.2147239263803681, 0.10429447852760736, 0.05521472392638037], [0.6931818181818182, 0.1875, 0.08522727272727272, 0.03409090909090909], [0.7417218543046358, 0.18543046357615894, 0.06622516556291391, 0.006622516556291391], [0.7352941176470589, 0.18823529411764706, 0.058823529411764705, 0.01764705882352941], [0.732484076433121, 0.1910828025477707, 0.06369426751592357, 0.012738853503184714], [0.6928571428571428, 0.21428571428571427, 0.08571428571428572, 0.007142857142857143], [0.6455026455026455, 0.20634920634920634, 0.1164021164021164, 0.031746031746031744], [0.7613636363636364, 0.14204545454545456, 0.07954545454545454, 0.017045454545454544], [0.7337278106508875, 0.15976331360946747, 0.08284023668639054, 0.023668639053254437], [0.725925925925926, 0.16666666666666666, 0.06666666666666667, 0.040740740740740744], [0.7109826589595376, 0.1907514450867052, 0.057803468208092484, 0.04046242774566474], [0.7843137254901961, 0.12745098039215685, 0.0784313725490196, 0.00980392156862745], [0.7045454545454546, 0.1590909090909091, 0.10795454545454546, 0.028409090909090908], [0.6497175141242938, 0.21468926553672316, 0.1016949152542373, 0.03389830508474576], [0.7935483870967742, 0.14838709677419354, 0.03870967741935484, 0.01935483870967742], [0.8044692737430168, 0.11731843575418995, 0.0670391061452514, 0.0111731843575419], [0.5732484076433121, 0.24203821656050956, 0.1464968152866242, 0.03821656050955414], [0.6413043478260869, 0.2391304347826087, 0.09239130434782608, 0.02717391304347826], [0.6548672566371682, 0.20353982300884957, 0.10176991150442478, 0.03982300884955752], [0.6486486486486487, 0.18243243243243243, 0.12162162162162163, 0.0472972972972973], [0.5955056179775281, 0.19662921348314608, 0.10674157303370786, 0.10112359550561797], [0.6505376344086021, 0.22580645161290322, 0.0913978494623656, 0.03225806451612903], [0.7569444444444444, 0.1388888888888889, 0.09027777777777778, 0.013888888888888888], [0.6176470588235294, 0.18235294117647058, 0.11764705882352941, 0.08235294117647059], [0.7079207920792079, 0.14356435643564355, 0.10891089108910891, 0.039603960396039604], [0.7114093959731543, 0.1610738255033557, 0.11409395973154363, 0.013422818791946308], [0.7637362637362637, 0.09340659340659341, 0.06593406593406594, 0.07692307692307693], [0.711864406779661, 0.14689265536723164, 0.1016949152542373, 0.03954802259887006], [0.6646341463414634, 0.25, 0.06097560975609756, 0.024390243902439025], [0.6923076923076923, 0.18181818181818182, 0.08391608391608392, 0.04195804195804196], [0.7072072072072072, 0.15315315315315314, 0.10810810810810811, 0.03153153153153153], [0.7639751552795031, 0.14906832298136646, 0.07453416149068323, 0.012422360248447204], [0.6363636363636364, 0.22727272727272727, 0.08522727272727272, 0.05113636363636364], [0.753968253968254, 0.18253968253968253, 0.06349206349206349, 0.0], [0.6440677966101694, 0.1977401129943503, 0.11299435028248588, 0.04519774011299435], [0.695906432748538, 0.1695906432748538, 0.0935672514619883, 0.04093567251461988], [0.7468354430379747, 0.17088607594936708, 0.0759493670886076, 0.006329113924050633], [0.6949152542372882, 0.1864406779661017, 0.0903954802259887, 0.02824858757062147], [0.6834170854271356, 0.19597989949748743, 0.09547738693467336, 0.02512562814070352], [0.5956284153005464, 0.20218579234972678, 0.12568306010928962, 0.07650273224043716], [0.71875, 0.13020833333333334, 0.109375, 0.041666666666666664], [0.5921052631578947, 0.21052631578947367, 0.13815789473684212, 0.05921052631578947], [0.5657142857142857, 0.26857142857142857, 0.12, 0.045714285714285714], [0.6807228915662651, 0.18674698795180722, 0.10240963855421686, 0.030120481927710843], [0.6911764705882353, 0.18137254901960784, 0.09313725490196079, 0.03431372549019608], [0.738255033557047, 0.1476510067114094, 0.09395973154362416, 0.020134228187919462], [0.7463414634146341, 0.16585365853658537, 0.06829268292682927, 0.01951219512195122], [0.6901408450704225, 0.16901408450704225, 0.09389671361502347, 0.046948356807511735], [0.7386934673366834, 0.15577889447236182, 0.07537688442211055, 0.03015075376884422], [0.7125748502994012, 0.16167664670658682, 0.11377245508982035, 0.011976047904191617], [0.6258064516129033, 0.2, 0.07096774193548387, 0.1032258064516129], [0.73125, 0.19375, 0.0625, 0.0125], [0.654320987654321, 0.2654320987654321, 0.07407407407407407, 0.006172839506172839], [0.7415730337078652, 0.14606741573033707, 0.08426966292134831, 0.028089887640449437], [0.639269406392694, 0.2009132420091324, 0.1141552511415525, 0.045662100456621], [0.8, 0.12571428571428572, 0.06285714285714286, 0.011428571428571429], [0.8269230769230769, 0.09615384615384616, 0.057692307692307696, 0.019230769230769232], [0.6333333333333333, 0.21428571428571427, 0.09047619047619047, 0.06190476190476191], [0.7040816326530612, 0.18877551020408162, 0.09693877551020408, 0.01020408163265306], [0.6818181818181818, 0.18831168831168832, 0.07142857142857142, 0.05844155844155844], [0.6842105263157895, 0.17543859649122806, 0.10526315789473684, 0.03508771929824561], [0.6535947712418301, 0.23529411764705882, 0.08496732026143791, 0.026143790849673203], [0.7803468208092486, 0.13872832369942195, 0.06358381502890173, 0.017341040462427744], [0.6613756613756614, 0.1693121693121693, 0.14285714285714285, 0.026455026455026454], [0.7252747252747253, 0.14285714285714285, 0.0989010989010989, 0.03296703296703297], [0.6833333333333333, 0.21666666666666667, 0.08888888888888889, 0.011111111111111112], [0.7261146496815286, 0.1337579617834395, 0.10828025477707007, 0.03184713375796178], [0.7055555555555556, 0.19444444444444445, 0.08888888888888889, 0.011111111111111112], [0.6275862068965518, 0.15172413793103448, 0.15172413793103448, 0.06896551724137931], [0.6444444444444445, 0.2, 0.1037037037037037, 0.05185185185185185], [0.675, 0.1875, 0.10625, 0.03125], [0.6046511627906976, 0.18604651162790697, 0.13372093023255813, 0.0755813953488372], [0.6532663316582915, 0.18090452261306533, 0.12060301507537688, 0.04522613065326633], [0.6875, 0.1875, 0.09375, 0.03125], [0.751412429378531, 0.1864406779661017, 0.062146892655367235, 0.0], [0.7, 0.18333333333333332, 0.05, 0.06666666666666667], [0.5642458100558659, 0.2737430167597765, 0.11173184357541899, 0.05027932960893855], [0.782608695652174, 0.13043478260869565, 0.07971014492753623, 0.007246376811594203], [0.6964285714285714, 0.17261904761904762, 0.10119047619047619, 0.02976190476190476], [0.6610169491525424, 0.21468926553672316, 0.0903954802259887, 0.03389830508474576], [0.6781609195402298, 0.13793103448275862, 0.12643678160919541, 0.05747126436781609], [0.676056338028169, 0.2112676056338028, 0.0892018779342723, 0.023474178403755867], [0.60625, 0.23125, 0.13125, 0.03125], [0.7080745341614907, 0.15527950310559005, 0.11180124223602485, 0.024844720496894408], [0.676829268292683, 0.18902439024390244, 0.07926829268292683, 0.054878048780487805], [0.7083333333333334, 0.16666666666666666, 0.078125, 0.046875], [0.7017543859649122, 0.17543859649122806, 0.08187134502923976, 0.04093567251461988], [0.620253164556962, 0.23417721518987342, 0.10759493670886076, 0.0379746835443038]]}, "acc_test": 0.5333333333333333, "precision_test": 0.5277777777777778, "recall_test": 0.3275862068965517, "f1_test": 0.40425531914893614, "auc_test": 0.5964961067853171}
{"name": "perturbation_10_z", "predictions": {"test": [0.9438863947044721, 0.04261078630992064, 0.29705324819566814, 2.4028152159084493, -0.007477939311940514, 0.767315869090607, 0.3043518936001529, 0.5525336195729876, -0.01970961454723406, -0.7564337233318399, -0.28370181797837574, -2.042205044779323, 0.5868099808843323, 0.027139981038305398, 0.9546268621248943, -0.07817283538738212, -0.00939705263561086, 0.04247435184627087, 0.8466231538248142, 0.44371307196246573, -0.15591810100409867, -0.09005676511938611, -0.3905079532225574, 0.34752201328644455, 0.38279997065947297, 0.9665481967529748, -0.06441257940821231, 0.5943441722197739, 2.0779750218694386, -0.4987262343895959, -0.11162232936475433, -0.028505454404397904, -0.8789298214111116, -0.527526861425896, 0.6226028524185316, 0.8980327020456754, 0.6059865424281088, -0.25830378300680823, 0.6882509076812692, 0.2336922052267988, -0.32368874930732805, 0.5390051916283957, 0.34068105344001803, 0.6407257561644224, -0.024070321868735676, -1.1309943824251318, 0.4616604492826258, 0.6615008997500588, -0.6936498802555735, 0.5530999573605172, 0.08855819789980679, 0.10339701512383222, -0.6696501921779087, 0.634244920069653, 0.5315023685520988, -0.09717988586643041, 0.12992743274706425, 0.002652544898021295, -2.145939828738988, -0.3749001977665289, 0.7846976722793105, 0.7232813672845565, 0.18221715548561807, 1.6370687815814042, -0.2759606442957234, 0.20732983120787477, 1.506159267852249, -0.06589279996769214, -0.2892218526377517, 0.4139783344181353, 0.0810017365924633, -0.14317645661963557, 1.0757174250850445, -0.803351801539237, 0.0844061198226032, -0.00981590025935227, 0.9102427480075177, 0.017365472677899577, 1.4333406535368391, 1.2640284222272822, 0.8352314585661645, 0.18255142060672572, -0.6514758032433142, 0.6465918443033819, -0.17407562832162216, 0.0184288020612414, -0.6706992050565679, 0.8312077154139005, 0.8434704882236297, 0.051280708097085764, 0.28819438209111975, -0.09498902206881965, 0.3194186944209852, 0.35335517110575365, 1.096074537274838, -0.3833106339518234, -0.24574288990046048, 0.25289118786229714, 0.34149434242096066, 0.50406203492033, -1.1700954904673488, 0.5332384558866322, -0.04856364438607305, -0.00997555489323089, 0.009244420576744237, -0.573910145425515, 0.0909787557191458, 1.0806793645378063, -1.7544551195519986, 0.46476290307478285, -0.11327316105880512, 0.6429611230217285, 0.714382333105377, 0.14527357591297993, 0.5272348509582466, 0.3120572880550914, -1.110568158150931, 0.11540934893534113, -0.7202863366573506, 0.3222386398529793]}, "info": {"pct_words_masked": 0.3, "span_length": 2, "n_perturbations": 10}, "general": {"acc_test": 0.5916666666666667, "precision_test": 0.6, "recall_test": 0.46551724137931033, "f1_test": 0.5242718446601942, "auc_test": 0.6576751946607341}}
{"name": "GPT-sentinel", "acc": 0.7833333333333333}
{"name": "roberta-base-openai-detector", "predictions": {"test": [0.014850117266178131, 0.9993785619735718, 0.0004987386055290699, 0.7283665537834167, 0.00017375659081153572, 0.00017618753190618008, 0.00033066427567973733, 0.0002155686088372022, 0.00018425076268613338, 0.00020642422896344215, 0.008946701884269714, 0.17855031788349152, 0.0002306500682607293, 0.0001969655422726646, 0.0002950234629679471, 0.0034826945047825575, 0.00046571026905439794, 0.9853838086128235, 0.00017624431347940117, 0.0005273090209811926, 0.00023045529087539762, 0.0002248093660455197, 0.00028029916575178504, 0.0007167807198129594, 0.968626081943512, 0.17016372084617615, 0.0002931432973127812, 0.00865292176604271, 0.0007248094771057367, 0.0003637908084783703, 0.00018241374345961958, 0.00022599373187404126, 0.0070493887178599834, 0.0002077356621157378, 0.00021394179202616215, 0.00018256111070513725, 0.00017106971063185483, 0.0026266511995345354, 0.00016827783838380128, 0.11015498638153076, 0.04508718475699425, 0.00017273437697440386, 0.00022463451023213565, 0.00026980770053341985, 0.00019603043620008975, 0.0062424070201814175, 0.008531027473509312, 0.0001828100357670337, 0.0020729247480630875, 0.00027553830295801163, 0.023547763004899025, 0.00017184906755574048, 0.00016897614113986492, 0.0005649022059515119, 0.10792956501245499, 0.00021614631987176836, 0.003852196503430605, 0.00033660506596788764, 0.998920202255249, 0.0014497877564281225, 0.0009023379534482956, 0.00020109312026761472, 0.008081677369773388, 0.0006472949171438813, 0.00017052836483344436, 0.00024962276802398264, 0.0004784215416293591, 0.00021586583170574158, 0.00023551277990918607, 0.00018879727576859295, 0.00026952975895255804, 0.00018620498303789645, 0.00016931368736550212, 0.0008378337370231748, 0.0002555952232796699, 0.00018829712644219398, 0.00019174625049345195, 0.0002408997534075752, 0.0013561989180743694, 0.00017099877004511654, 0.00017003979883156717, 0.00017659150762483478, 0.0017535649240016937, 0.00017411929729860276, 0.0005498535465449095, 0.0003021772135980427, 0.05796688795089722, 0.0001708240743028, 0.9997898936271667, 0.22498776018619537, 0.0002988791384268552, 0.0002118277916451916, 0.02964366227388382, 0.00017378656775690615, 0.00083108339458704, 0.00019542463996913284, 0.0001767855865182355, 0.0001700654102023691, 0.0005339074996300042, 0.00018749345326796174, 0.00018547847867012024, 0.0001699172571534291, 0.10545669496059418, 0.00826545525342226, 0.00023450958542525768, 0.000349860085407272, 0.00017076592484954745, 0.00018139768508262932, 0.032806623727083206, 0.01184985414147377, 0.002838969463482499, 0.00023365457309409976, 0.00023880385560914874, 0.00033685757080093026, 0.00019711094500962645, 0.00017885681882034987, 0.00017217856657225639, 0.00017239591397810727, 0.00017242647300008684, 0.00017122211284004152]}, "logits": {"test": [-2.25419282913208, 3.9529378414154053, -4.108576774597168, 0.43374136090278625, -4.699476718902588, -4.68399715423584, -4.335616588592529, -4.56849479675293, -4.65769624710083, -4.597593784332275, -2.504600763320923, -0.8523753881454468, -4.532527923583984, -4.625263690948486, -4.38696813583374, -3.0381579399108887, -4.13339900970459, 2.1647531986236572, -4.690273284912109, -4.057936191558838, -4.535972595214844, -4.548305511474609, -4.421961784362793, -3.8886241912841797, 1.7383207082748413, -0.8630501627922058, -4.386211395263672, -2.557758331298828, -3.9004950523376465, -4.2669677734375, -4.664041519165039, -4.545456886291504, -2.639056921005249, -4.5928425788879395, -4.590850830078125, -4.670619487762451, -4.7057952880859375, -3.174051523208618, -4.711133003234863, -1.1376068592071533, -1.6568268537521362, -4.693917751312256, -4.55415153503418, -4.447210311889648, -4.627353668212891, -2.6793785095214844, -2.5345332622528076, -4.6669793128967285, -3.3090085983276367, -4.4337382316589355, -1.99959397315979, -4.703052997589111, -4.71262788772583, -4.040085315704346, -1.138107419013977, -4.569924831390381, -2.979065179824829, -4.321429252624512, 3.6230287551879883, -3.5126373767852783, -3.7659037113189697, -4.608082294464111, -2.553302526473999, -3.957934617996216, -4.704652786254883, -4.503019332885742, -4.127216339111328, -4.573200225830078, -4.514501094818115, -4.647919654846191, -4.442206382751465, -4.6553120613098145, -4.708128929138184, -3.814095973968506, -4.478845596313477, -4.648238182067871, -4.642515659332275, -4.510349273681641, -3.5657362937927246, -4.708544731140137, -4.711142539978027, -4.693122386932373, -3.377342939376831, -4.694326400756836, -4.048517227172852, -4.390228271484375, -1.4869221448898315, -4.709084987640381, 4.586201190948486, -0.6996503472328186, -4.371690273284912, -4.583717346191406, -1.8625922203063965, -4.6926960945129395, -3.821824789047241, -4.617071151733398, -4.683246612548828, -4.706396579742432, -4.062135219573975, -4.657436847686768, -4.653210163116455, -4.7083353996276855, -1.1452558040618896, -2.580278158187866, -4.52294397354126, -4.29054069519043, -4.705142498016357, -4.670258045196533, -1.8018198013305664, -2.3733348846435547, -3.145047903060913, -4.5234150886535645, -4.516464710235596, -4.316952705383301, -4.625362396240234, -4.678631782531738, -4.703658103942871, -4.69572639465332, -4.703413963317871, -4.706822395324707]}, "acc_test": 0.5166666666666667, "precision_test": 0.5, "recall_test": 0.05172413793103448, "f1_test": 0.09375, "auc_test": 0.3773637374860957, "preds": [0.7283665537834167, 0.00017375659081153572, 0.00017618753190618008, 0.00033066427567973733, 0.0002155686088372022, 0.00018425076268613338, 0.00020642422896344215, 0.0002306500682607293, 0.0034826945047825575, 0.00046571026905439794, 0.9853838086128235, 0.00023045529087539762, 0.0002248093660455197, 0.00865292176604271, 0.00018241374345961958, 0.00021394179202616215, 0.00017106971063185483, 0.00016827783838380128, 0.00017273437697440386, 0.00022463451023213565, 0.00026980770053341985, 0.00019603043620008975, 0.0001828100357670337, 0.023547763004899025, 0.00017184906755574048, 0.0005649022059515119, 0.003852196503430605, 0.00020109312026761472, 0.008081677369773388, 0.0006472949171438813, 0.00024962276802398264, 0.0004784215416293591, 0.00023551277990918607, 0.00018879727576859295, 0.00026952975895255804, 0.00019174625049345195, 0.0013561989180743694, 0.00017003979883156717, 0.00017659150762483478, 0.00017411929729860276, 0.0003021772135980427, 0.05796688795089722, 0.0001708240743028, 0.9997898936271667, 0.0002988791384268552, 0.0002118277916451916, 0.00083108339458704, 0.0001700654102023691, 0.00018749345326796174, 0.0001699172571534291, 0.10545669496059418, 0.00826545525342226, 0.00023450958542525768, 0.00023365457309409976, 0.00019711094500962645, 0.00017239591397810727, 0.00017242647300008684, 0.00017122211284004152]}
{"name": "Hello-SimpleAI/chatgpt-detector-roberta", "predictions": {"test": [0.2875921428203583, 0.899602472782135, 0.0006289787706919014, 0.044749800115823746, 0.007062146905809641, 0.0006213096203282475, 0.000525341893080622, 0.004570730496197939, 0.0239142794162035, 0.3003077507019043, 0.023442616686224937, 0.011039002798497677, 0.04285011067986488, 0.002468280028551817, 0.003373952815309167, 0.018477315083146095, 0.012300236150622368, 0.000279455678537488, 0.1785644143819809, 0.00035526094143278897, 0.021151704713702202, 0.0022934472654014826, 0.00033807448926381767, 0.017560480162501335, 0.008342524990439415, 0.10417580604553223, 0.0003204198437742889, 0.004163356963545084, 0.056451570242643356, 0.004351257812231779, 0.013076248578727245, 0.00031553467852063477, 0.0010523735545575619, 0.000766962009947747, 0.9420071840286255, 0.020718751475214958, 0.1545603722333908, 0.00032375144655816257, 0.012497671879827976, 0.06694269180297852, 0.0014487815788015723, 0.002549488563090563, 0.00990545004606247, 0.9134124517440796, 0.0017778185429051518, 0.0017062390688806772, 0.014651230536401272, 0.004387405700981617, 0.0007125801057554781, 0.008850098587572575, 0.0008012609323486686, 0.0019218422239646316, 0.0004440676420927048, 0.00048807761049829423, 0.03952203318476677, 0.0124818691983819, 0.015155882574617863, 0.00921519286930561, 0.006279660854488611, 0.011031982488930225, 0.0006971333059482276, 0.0007786690257489681, 0.0013156458735466003, 0.9985585808753967, 0.0012361259432509542, 0.0010195188224315643, 0.013108495622873306, 0.17246808111667633, 0.22954949736595154, 0.00042576485429890454, 0.06409569084644318, 0.15318074822425842, 0.0037386708427220583, 0.009066657163202763, 0.000325973640428856, 0.0900372713804245, 0.0006266320706345141, 0.06972910463809967, 0.002325537847355008, 0.00043325568549335003, 0.9814900755882263, 0.0008257459267042577, 0.001407245988957584, 0.23348252475261688, 0.9021484851837158, 0.3018401563167572, 0.21469300985336304, 0.0004930599825456738, 0.023596305400133133, 0.0004003209760412574, 0.20918585360050201, 0.3140494227409363, 0.0005055430810898542, 0.0007063802913762629, 0.039836496114730835, 0.01145350281149149, 0.021993324160575867, 0.28918659687042236, 0.0011864021653309464, 0.987648606300354, 0.0003082358161918819, 0.0004041419015266001, 0.015791289508342743, 0.0004221857525408268, 0.16035336256027222, 0.008305647410452366, 0.00048063474241644144, 0.014316904358565807, 0.00029576587257906795, 0.025714661926031113, 0.0003536116855684668, 0.0004483192751649767, 0.0011757274623960257, 0.016526587307453156, 0.03453293442726135, 0.9172837734222412, 0.000409372296417132, 0.31175699830055237, 0.2647427022457123, 0.012213620357215405]}, "logits": {"test": [-0.5902159214019775, 1.0799051523208618, -3.371913194656372, -1.564544916152954, -2.3896961212158203, -3.376457452774048, -3.4378697872161865, -2.5760304927825928, -1.8512457609176636, -0.5618984699249268, -1.8602317571640015, -2.1951839923858643, -1.584671974182129, -2.8338675498962402, -2.704028367996216, -1.9670718908309937, -2.147615909576416, -3.6487061977386475, -0.8761871457099915, -3.5734243392944336, -1.9065102338790894, -2.8640694618225098, -3.5896761417388916, -1.989794135093689, -2.317509412765503, -1.1532363891601562, -3.6069443225860596, -2.6155824661254883, -1.4557756185531616, -2.5968973636627197, -2.12065052986145, -3.6118216514587402, -3.175966262817383, -3.2975385189056396, 1.3374767303466797, -1.9158072471618652, -0.9550898671150208, -3.603640556335449, -2.1406075954437256, -1.3748618364334106, -3.049950122833252, -2.8205220699310303, -2.242652177810669, 1.150647521018982, -2.9677886962890625, -2.9843697547912598, -2.0703365802764893, -2.593397855758667, -3.3252980709075928, -2.29182505607605, -3.280931234359741, -2.936232089996338, -3.4976038932800293, -3.464273691177368, -1.6220759153366089, -2.1411595344543457, -2.0553150177001953, -2.274200916290283, -2.440322160720825, -2.1954617500305176, -3.333530902862549, -3.2917988300323486, -3.088258981704712, 2.9054512977600098, -3.1128969192504883, -3.1882994174957275, -2.119555950164795, -0.8955278396606445, -0.7312304377555847, -3.512230396270752, -1.3955943584442139, -0.9598827958106995, -2.660949230194092, -2.2812881469726562, -3.6014487743377686, -1.2312719821929932, -3.373296022415161, -1.355336308479309, -2.8583788871765137, -3.50618314743042, 1.8458980321884155, -3.269465684890747, -3.061537742614746, -0.716284990310669, 1.092122197151184, -0.5589306950569153, -0.7709956169128418, -3.460648775100708, -1.8572934865951538, -3.5333759784698486, -0.7860389351844788, -0.5327447652816772, -3.4516971111297607, -3.3285841941833496, -1.6184223890304565, -2.1789987087249756, -1.8889689445495605, -0.5864914059638977, -3.129056215286255, 2.0205233097076416, -3.6191792488098145, -3.5301318168640137, -2.0370800495147705, -3.5151472091674805, -0.9352550506591797, -2.3194339275360107, -3.4697372913360596, -2.0805790424346924, -3.631918430328369, -1.8184455633163452, -3.574965000152588, -3.4942753314971924, -3.1326067447662354, -2.016829252243042, -1.684163212776184, 1.1721445322036743, -3.525730848312378, -0.5370987057685852, -0.6431899070739746, -2.1507341861724854]}, "acc_test": 0.5333333333333333, "precision_test": 0.625, "recall_test": 0.08620689655172414, "f1_test": 0.15151515151515152, "auc_test": 0.6259733036707452, "preds": [0.044749800115823746, 0.007062146905809641, 0.0006213096203282475, 0.000525341893080622, 0.004570730496197939, 0.0239142794162035, 0.3003077507019043, 0.04285011067986488, 0.018477315083146095, 0.012300236150622368, 0.000279455678537488, 0.021151704713702202, 0.0022934472654014826, 0.004163356963545084, 0.013076248578727245, 0.9420071840286255, 0.1545603722333908, 0.012497671879827976, 0.002549488563090563, 0.00990545004606247, 0.9134124517440796, 0.0017778185429051518, 0.004387405700981617, 0.0008012609323486686, 0.0019218422239646316, 0.00048807761049829423, 0.015155882574617863, 0.0007786690257489681, 0.0013156458735466003, 0.9985585808753967, 0.0010195188224315643, 0.013108495622873306, 0.22954949736595154, 0.00042576485429890454, 0.06409569084644318, 0.0006266320706345141, 0.002325537847355008, 0.9814900755882263, 0.0008257459267042577, 0.23348252475261688, 0.3018401563167572, 0.21469300985336304, 0.0004930599825456738, 0.023596305400133133, 0.20918585360050201, 0.3140494227409363, 0.039836496114730835, 0.28918659687042236, 0.987648606300354, 0.0004041419015266001, 0.015791289508342743, 0.0004221857525408268, 0.16035336256027222, 0.0004483192751649767, 0.03453293442726135, 0.31175699830055237, 0.2647427022457123, 0.012213620357215405]}
