{"name": "likelihood_threshold", "predictions": {"test": [-3.0835392475128174, -3.546823024749756, -2.7543423175811768, -2.3162262439727783, -2.2503397464752197, -3.581312894821167, -2.8639402389526367, -2.7068352699279785, -3.2616147994995117, -2.7488489151000977, -3.8322391510009766, -3.4261090755462646, -3.2468783855438232, -3.4147229194641113, -3.610867500305176, -2.848210334777832, -3.1668882369995117, -3.5726234912872314, -3.463139057159424, -3.284127950668335, -2.6863949298858643, -3.881237745285034, -4.247433662414551, -3.7922980785369873, -2.862123489379883, -3.143124580383301, -4.260087966918945, -2.866061210632324, -2.851383924484253, -3.6090035438537598, -3.1532669067382812, -4.502969741821289, -3.797938346862793, -3.4384348392486572, -2.6825056076049805, -3.1256484985351562, -2.7462100982666016, -3.258265495300293, -3.340848684310913, -2.7279934883117676, -3.2380850315093994, -3.2566447257995605, -2.2846755981445312, -2.6107733249664307, -3.0996458530426025, -3.677682399749756, -2.9241089820861816, -3.3494980335235596, -4.115608215332031, -3.3712148666381836, -4.886944770812988, -2.5230369567871094, -4.142273426055908, -4.090903282165527, -3.0571975708007812, -4.04473352432251, -3.1297123432159424, -3.1748201847076416, -2.5303955078125, -3.3067665100097656, -3.331148386001587, -2.607211112976074, -2.8123648166656494, -2.4380080699920654, -3.417685031890869, -2.733647584915161, -2.9303362369537354, -3.471332311630249, -3.424799680709839, -3.003551483154297, -3.045975685119629, -4.095673084259033, -3.1826822757720947, -4.082169532775879, -4.0704193115234375, -3.4044270515441895, -3.018714427947998, -3.249077558517456, -2.9700052738189697, -3.266580104827881, -3.6721606254577637, -2.9267725944519043, -3.9706499576568604, -3.3397457599639893, -3.3524255752563477, -3.138460159301758, -4.4920549392700195, -2.618216037750244, -3.220582962036133, -3.604675769805908, -2.6715950965881348, -3.1561532020568848, -3.460237503051758, -3.6022675037384033, -2.4648826122283936, -3.707284688949585, -3.317063331604004, -3.017528533935547, -3.236172676086426, -2.685441732406616, -4.1784515380859375, -3.017599582672119, -3.1605467796325684, -3.738703489303589, -3.329127550125122, -3.408278226852417, -3.017782211303711, -3.4227569103240967, -4.115074634552002, -3.0728695392608643, -3.4960551261901855, -3.440061569213867, -3.4940974712371826, -3.3290045261383057, -4.037856101989746, -3.3233957290649414, -3.72566556930542, -2.968421459197998, -2.8261561393737793, -4.07016658782959]}, "acc_test": 0.7166666666666667, "precision_test": 0.7307692307692307, "recall_test": 0.6551724137931034, "f1_test": 0.6909090909090909, "auc_test": 0.7497219132369299}
{"name": "rank_threshold", "predictions": {"test": [-128.6844940185547, -126.29251098632812, -239.2484130859375, -57.2835807800293, -11.629032135009766, -117.5797119140625, -115.37879180908203, -28.9273738861084, -259.7430114746094, -60.42391586303711, -272.99383544921875, -102.58580017089844, -67.52205657958984, -168.1901397705078, -218.8170623779297, -24.076190948486328, -150.23287963867188, -368.6666564941406, -455.6376037597656, -208.67567443847656, -75.64382934570312, -228.85714721679688, -312.0457458496094, -446.1446533203125, -40.42856979370117, -126.49090576171875, -445.34423828125, -38.74045944213867, -107.79267883300781, -386.5988464355469, -230.91734313964844, -337.4691467285156, -268.9140930175781, -139.0454559326172, -41.407142639160156, -94.96470642089844, -71.68026733398438, -45.21428680419922, -126.53448486328125, -157.32386779785156, -89.87574005126953, -125.23664093017578, -23.03870964050293, -43.57143020629883, -88.73202514648438, -160.28248596191406, -94.53548431396484, -166.87179565429688, -169.77706909179688, -187.7663116455078, -335.369873046875, -42.130767822265625, -545.3707885742188, -545.5286865234375, -90.50694274902344, -425.0294189453125, -135.13873291015625, -100.55033874511719, -589.423095703125, -162.5875701904297, -192.05487060546875, -61.9083366394043, -135.4569854736328, -26.073169708251953, -213.52841186523438, -41.941749572753906, -97.32941436767578, -167.15789794921875, -216.31631469726562, -51.577232360839844, -67.08917236328125, -379.5737609863281, -235.3125, -241.49342346191406, -365.1600036621094, -154.2710723876953, -41.3863639831543, -151.30201721191406, -110.6543197631836, -161.49765014648438, -111.68539428710938, -60.685482025146484, -455.9161071777344, -119.50000762939453, -54.80864334106445, -258.3805236816406, -258.9200134277344, -20.666667938232422, -75.27722930908203, -401.20001220703125, -74.8125, -124.40441131591797, -173.0994110107422, -106.70588684082031, -38.87407302856445, -164.661376953125, -251.40110778808594, -231.25453186035156, -169.356689453125, -54.324676513671875, -478.08966064453125, -71.50349426269531, -79.5973129272461, -597.6923217773438, -219.97315979003906, -157.0500030517578, -28.293785095214844, -303.8888854980469, -160.43016052246094, -66.68840789794922, -122.9464340209961, -194.75949096679688, -176.77586364746094, -227.49765014648438, -131.23880004882812, -112.66459655761719, -243.5426788330078, -39.462684631347656, -124.81752014160156, -240.811767578125]}, "acc_test": 0.6416666666666667, "precision_test": 0.6056338028169014, "recall_test": 0.7413793103448276, "f1_test": 0.6666666666666667, "auc_test": 0.7347052280311457}
{"name": "log_rank_threshold", "predictions": {"test": [-1.660825490951538, -1.8943952322006226, -1.3890217542648315, -1.0644136667251587, -1.0258291959762573, -1.9698920249938965, -1.4708645343780518, -1.3350919485092163, -1.8018579483032227, -1.4771608114242554, -2.094250202178955, -1.944266676902771, -1.7238887548446655, -1.7774159908294678, -2.0338428020477295, -1.4727271795272827, -1.656134009361267, -1.9694486856460571, -1.9564018249511719, -1.7322646379470825, -1.3114345073699951, -2.1249189376831055, -2.3329415321350098, -2.1343908309936523, -1.4015352725982666, -1.585797667503357, -2.4273831844329834, -1.4876748323440552, -1.4064280986785889, -1.8733296394348145, -1.6863129138946533, -2.6324222087860107, -2.083876371383667, -1.827990174293518, -1.3582323789596558, -1.6404814720153809, -1.3417472839355469, -1.6414133310317993, -1.7979847192764282, -1.400146484375, -1.6887171268463135, -1.7287629842758179, -1.0225112438201904, -1.300120234489441, -1.6128969192504883, -1.9627268314361572, -1.4155938625335693, -1.6963807344436646, -2.2695960998535156, -1.8258317708969116, -3.0923261642456055, -1.1993427276611328, -2.437145709991455, -2.323187828063965, -1.5572158098220825, -2.3158726692199707, -1.6894237995147705, -1.665698528289795, -1.4992146492004395, -1.7712547779083252, -1.7591092586517334, -1.2690534591674805, -1.3999603986740112, -1.1671658754348755, -1.8851592540740967, -1.3983863592147827, -1.5419265031814575, -1.8051345348358154, -1.8122820854187012, -1.5130267143249512, -1.5791393518447876, -2.3834822177886963, -1.7360754013061523, -2.2725424766540527, -2.3372676372528076, -1.8414860963821411, -1.5667005777359009, -1.6818459033966064, -1.5399082899093628, -1.7618743181228638, -2.094792127609253, -1.4647260904312134, -2.2535808086395264, -1.8039617538452148, -1.754647970199585, -1.6582293510437012, -2.4967949390411377, -1.2933567762374878, -1.7458739280700684, -2.0360162258148193, -1.4301213026046753, -1.6629159450531006, -1.8737186193466187, -1.8863469362258911, -1.2063661813735962, -2.0047361850738525, -1.7337061166763306, -1.6504923105239868, -1.7340331077575684, -1.4063894748687744, -2.3835673332214355, -1.5755815505981445, -1.650914192199707, -2.028660297393799, -1.8569704294204712, -1.830649733543396, -1.4972513914108276, -1.8367359638214111, -2.2886440753936768, -1.4117146730422974, -1.8606796264648438, -1.8397682905197144, -2.000842571258545, -1.8093308210372925, -2.2487950325012207, -1.7986598014831543, -2.027073383331299, -1.4994556903839111, -1.4075902700424194, -2.3045685291290283]}, "acc_test": 0.7, "precision_test": 0.72, "recall_test": 0.6206896551724138, "f1_test": 0.6666666666666666, "auc_test": 0.7349833147942159}
{"name": "entropy_threshold", "predictions": {"test": [3.2502710819244385, 3.7915985584259033, 3.028218984603882, 3.154944658279419, 3.0519707202911377, 3.8137967586517334, 3.127943754196167, 3.077446937561035, 3.490983724594116, 3.001910448074341, 4.024901866912842, 3.7271888256073, 3.6798949241638184, 3.67704176902771, 3.930830717086792, 3.4685680866241455, 3.411996364593506, 3.3371570110321045, 3.6818368434906006, 3.405904531478882, 3.0843594074249268, 3.562840700149536, 4.392469882965088, 3.8323585987091064, 3.218069076538086, 3.421308994293213, 4.307387828826904, 3.471475124359131, 3.30265212059021, 3.9914040565490723, 3.087118625640869, 4.563106536865234, 3.8075103759765625, 3.4769880771636963, 3.1413068771362305, 3.3182661533355713, 3.345536231994629, 3.4078285694122314, 3.7389447689056396, 3.3206851482391357, 3.5126945972442627, 3.5893375873565674, 2.6643455028533936, 2.948328733444214, 3.5684335231781006, 3.8167924880981445, 3.3537216186523438, 3.5811619758605957, 4.530587673187256, 3.4474222660064697, 4.304591178894043, 2.9933109283447266, 4.524822235107422, 4.194500923156738, 3.3156983852386475, 4.041426658630371, 3.2237234115600586, 3.293154239654541, 2.5864062309265137, 3.5907037258148193, 3.700350761413574, 3.037498712539673, 3.164069652557373, 2.732785224914551, 4.0554585456848145, 2.879305362701416, 3.287004232406616, 3.4736435413360596, 3.3750722408294678, 3.3308424949645996, 3.35958194732666, 4.197544574737549, 3.4145572185516357, 4.057856559753418, 4.200369834899902, 3.3409717082977295, 3.2147233486175537, 3.4479165077209473, 3.442363739013672, 3.437238931655884, 3.6957061290740967, 3.362584352493286, 4.1034440994262695, 3.462521553039551, 3.4852309226989746, 3.204227924346924, 3.888458251953125, 3.191206216812134, 3.342818021774292, 3.8219947814941406, 2.857386350631714, 3.1593363285064697, 3.7748866081237793, 3.9194822311401367, 3.1605496406555176, 3.6751010417938232, 3.3772542476654053, 3.263091564178467, 3.461763381958008, 3.0567209720611572, 4.373363971710205, 3.301635980606079, 3.512753486633301, 3.9919373989105225, 3.4410924911499023, 3.619934558868408, 3.4190211296081543, 3.3327584266662598, 3.999070405960083, 3.457085132598877, 3.645556926727295, 3.5521748065948486, 3.432110548019409, 3.447226047515869, 3.686607599258423, 3.7112629413604736, 3.691171169281006, 3.315434217453003, 3.221752643585205, 3.8310482501983643]}, "acc_test": 0.6333333333333333, "precision_test": 0.5972222222222222, "recall_test": 0.7413793103448276, "f1_test": 0.6615384615384615, "auc_test": 0.7486095661846497}
{"name": "rank_GLTR_threshold", "predictions": {"test": [[0.7058823529411765, 0.17647058823529413, 0.09090909090909091, 0.026737967914438502], [0.6666666666666666, 0.23129251700680273, 0.061224489795918366, 0.04081632653061224], [0.7770700636942676, 0.15286624203821655, 0.05732484076433121, 0.012738853503184714], [0.8582089552238806, 0.08955223880597014, 0.04477611940298507, 0.007462686567164179], [0.8306451612903226, 0.13709677419354838, 0.03225806451612903, 0.0], [0.644927536231884, 0.2028985507246377, 0.10869565217391304, 0.043478260869565216], [0.7575757575757576, 0.1590909090909091, 0.06060606060606061, 0.022727272727272728], [0.7877094972067039, 0.1564245810055866, 0.0446927374301676, 0.0111731843575419], [0.7039106145251397, 0.13966480446927373, 0.10614525139664804, 0.05027932960893855], [0.7554347826086957, 0.15217391304347827, 0.07065217391304347, 0.021739130434782608], [0.654320987654321, 0.19135802469135801, 0.09876543209876543, 0.05555555555555555], [0.650887573964497, 0.17751479289940827, 0.14792899408284024, 0.023668639053254437], [0.7132352941176471, 0.14705882352941177, 0.11764705882352941, 0.022058823529411766], [0.6901408450704225, 0.20422535211267606, 0.08450704225352113, 0.02112676056338028], [0.676829268292683, 0.12804878048780488, 0.1402439024390244, 0.054878048780487805], [0.7333333333333333, 0.21904761904761905, 0.047619047619047616, 0.0], [0.726027397260274, 0.1780821917808219, 0.0547945205479452, 0.0410958904109589], [0.6464646464646465, 0.21212121212121213, 0.09090909090909091, 0.050505050505050504], [0.6880733944954128, 0.1651376146788991, 0.0963302752293578, 0.05045871559633028], [0.75, 0.13513513513513514, 0.08783783783783784, 0.02702702702702703], [0.7899543378995434, 0.1461187214611872, 0.0547945205479452, 0.0091324200913242], [0.6428571428571429, 0.2, 0.09285714285714286, 0.06428571428571428], [0.6209150326797386, 0.16993464052287582, 0.1503267973856209, 0.058823529411764705], [0.6226415094339622, 0.2138364779874214, 0.11320754716981132, 0.050314465408805034], [0.75, 0.20714285714285716, 0.02857142857142857, 0.014285714285714285], [0.7515151515151515, 0.13333333333333333, 0.07878787878787878, 0.03636363636363636], [0.5956284153005464, 0.18579234972677597, 0.12568306010928962, 0.09289617486338798], [0.7175572519083969, 0.183206106870229, 0.0916030534351145, 0.007633587786259542], [0.7560975609756098, 0.15853658536585366, 0.06707317073170732, 0.018292682926829267], [0.686046511627907, 0.18604651162790697, 0.0755813953488372, 0.05232558139534884], [0.71900826446281, 0.17355371900826447, 0.0743801652892562, 0.03305785123966942], [0.5185185185185185, 0.25925925925925924, 0.14814814814814814, 0.07407407407407407], [0.6257668711656442, 0.2147239263803681, 0.10429447852760736, 0.05521472392638037], [0.6931818181818182, 0.1875, 0.08522727272727272, 0.03409090909090909], [0.7714285714285715, 0.15, 0.07142857142857142, 0.007142857142857143], [0.7352941176470589, 0.18823529411764706, 0.058823529411764705, 0.01764705882352941], [0.8095238095238095, 0.09523809523809523, 0.07482993197278912, 0.02040816326530612], [0.6928571428571428, 0.21428571428571427, 0.08571428571428572, 0.007142857142857143], [0.6810344827586207, 0.19827586206896552, 0.07758620689655173, 0.04310344827586207], [0.7613636363636364, 0.14204545454545456, 0.07954545454545454, 0.017045454545454544], [0.7337278106508875, 0.15976331360946747, 0.08284023668639054, 0.023668639053254437], [0.7022900763358778, 0.20610687022900764, 0.08396946564885496, 0.007633587786259542], [0.8516129032258064, 0.1032258064516129, 0.03870967741935484, 0.0064516129032258064], [0.7637362637362637, 0.18681318681318682, 0.038461538461538464, 0.01098901098901099], [0.7320261437908496, 0.1830065359477124, 0.06535947712418301, 0.0196078431372549], [0.6497175141242938, 0.21468926553672316, 0.1016949152542373, 0.03389830508474576], [0.7935483870967742, 0.14838709677419354, 0.03870967741935484, 0.01935483870967742], [0.7521367521367521, 0.1452991452991453, 0.05128205128205128, 0.05128205128205128], [0.5732484076433121, 0.24203821656050956, 0.1464968152866242, 0.03821656050955414], [0.6413043478260869, 0.2391304347826087, 0.09239130434782608, 0.02717391304347826], [0.4931506849315068, 0.1506849315068493, 0.2054794520547945, 0.1506849315068493], [0.8076923076923077, 0.13846153846153847, 0.038461538461538464, 0.015384615384615385], [0.5955056179775281, 0.19662921348314608, 0.10674157303370786, 0.10112359550561797], [0.5796178343949044, 0.2611464968152866, 0.07643312101910828, 0.08280254777070063], [0.7569444444444444, 0.1388888888888889, 0.09027777777777778, 0.013888888888888888], [0.6176470588235294, 0.18235294117647058, 0.11764705882352941, 0.08235294117647059], [0.7052023121387283, 0.1907514450867052, 0.07514450867052024, 0.028901734104046242], [0.7114093959731543, 0.1610738255033557, 0.11409395973154363, 0.013422818791946308], [0.7637362637362637, 0.09340659340659341, 0.06593406593406594, 0.07692307692307693], [0.711864406779661, 0.14689265536723164, 0.1016949152542373, 0.03954802259887006], [0.6646341463414634, 0.25, 0.06097560975609756, 0.024390243902439025], [0.775, 0.15, 0.06666666666666667, 0.008333333333333333], [0.7795698924731183, 0.12903225806451613, 0.06989247311827956, 0.021505376344086023], [0.7886178861788617, 0.17073170731707318, 0.032520325203252036, 0.008130081300813009], [0.6363636363636364, 0.22727272727272727, 0.08522727272727272, 0.05113636363636364], [0.7961165048543689, 0.11650485436893204, 0.08737864077669903, 0.0], [0.7294117647058823, 0.17058823529411765, 0.07647058823529412, 0.023529411764705882], [0.695906432748538, 0.1695906432748538, 0.0935672514619883, 0.04093567251461988], [0.6836734693877551, 0.23469387755102042, 0.061224489795918366, 0.02040816326530612], [0.7398373983739838, 0.17886178861788618, 0.07317073170731707, 0.008130081300813009], [0.7197452229299363, 0.17197452229299362, 0.10191082802547771, 0.006369426751592357], [0.5956284153005464, 0.20218579234972678, 0.12568306010928962, 0.07650273224043716], [0.71875, 0.13020833333333334, 0.109375, 0.041666666666666664], [0.5921052631578947, 0.21052631578947367, 0.13815789473684212, 0.05921052631578947], [0.5657142857142857, 0.26857142857142857, 0.12, 0.045714285714285714], [0.6807228915662651, 0.18674698795180722, 0.10240963855421686, 0.030120481927710843], [0.696969696969697, 0.22727272727272727, 0.06818181818181818, 0.007575757575757576], [0.738255033557047, 0.1476510067114094, 0.09395973154362416, 0.020134228187919462], [0.7469135802469136, 0.18518518518518517, 0.04938271604938271, 0.018518518518518517], [0.6901408450704225, 0.16901408450704225, 0.09389671361502347, 0.046948356807511735], [0.6067415730337079, 0.2247191011235955, 0.15730337078651685, 0.011235955056179775], [0.75, 0.13709677419354838, 0.0967741935483871, 0.016129032258064516], [0.6258064516129033, 0.2, 0.07096774193548387, 0.1032258064516129], [0.7166666666666667, 0.16666666666666666, 0.08333333333333333, 0.03333333333333333], [0.654320987654321, 0.2654320987654321, 0.07407407407407407, 0.006172839506172839], [0.7433628318584071, 0.1415929203539823, 0.07079646017699115, 0.04424778761061947], [0.584, 0.224, 0.104, 0.088], [0.8111111111111111, 0.15555555555555556, 0.03333333333333333, 0.0], [0.6732673267326733, 0.1782178217821782, 0.13861386138613863, 0.009900990099009901], [0.6333333333333333, 0.21428571428571427, 0.09047619047619047, 0.06190476190476191], [0.7625, 0.16875, 0.05625, 0.0125], [0.6911764705882353, 0.20588235294117646, 0.058823529411764705, 0.04411764705882353], [0.6842105263157895, 0.17543859649122806, 0.10526315789473684, 0.03508771929824561], [0.6535947712418301, 0.23529411764705882, 0.08496732026143791, 0.026143790849673203], [0.7925925925925926, 0.15555555555555556, 0.037037037037037035, 0.014814814814814815], [0.6613756613756614, 0.1693121693121693, 0.14285714285714285, 0.026455026455026454], [0.7252747252747253, 0.14285714285714285, 0.0989010989010989, 0.03296703296703297], [0.6909090909090909, 0.19090909090909092, 0.09090909090909091, 0.02727272727272727], [0.7261146496815286, 0.1337579617834395, 0.10828025477707007, 0.03184713375796178], [0.7922077922077922, 0.12987012987012986, 0.05194805194805195, 0.025974025974025976], [0.6275862068965518, 0.15172413793103448, 0.15172413793103448, 0.06896551724137931], [0.6993006993006993, 0.2097902097902098, 0.08391608391608392, 0.006993006993006993], [0.7315436241610739, 0.15436241610738255, 0.087248322147651, 0.026845637583892617], [0.6923076923076923, 0.11965811965811966, 0.09401709401709402, 0.09401709401709402], [0.6912751677852349, 0.18791946308724833, 0.06711409395973154, 0.053691275167785234], [0.6875, 0.1875, 0.09375, 0.03125], [0.751412429378531, 0.1864406779661017, 0.062146892655367235, 0.0], [0.7, 0.18333333333333332, 0.05, 0.06666666666666667], [0.5642458100558659, 0.2737430167597765, 0.11173184357541899, 0.05027932960893855], [0.782608695652174, 0.13043478260869565, 0.07971014492753623, 0.007246376811594203], [0.6964285714285714, 0.17261904761904762, 0.10119047619047619, 0.02976190476190476], [0.7215189873417721, 0.16455696202531644, 0.06962025316455696, 0.04430379746835443], [0.6781609195402298, 0.13793103448275862, 0.12643678160919541, 0.05747126436781609], [0.676056338028169, 0.2112676056338028, 0.0892018779342723, 0.023474178403755867], [0.5522388059701493, 0.27611940298507465, 0.13432835820895522, 0.03731343283582089], [0.7080745341614907, 0.15527950310559005, 0.11180124223602485, 0.024844720496894408], [0.676829268292683, 0.18902439024390244, 0.07926829268292683, 0.054878048780487805], [0.7313432835820896, 0.1865671641791045, 0.06716417910447761, 0.014925373134328358], [0.7956204379562044, 0.10948905109489052, 0.072992700729927, 0.021897810218978103], [0.611764705882353, 0.21176470588235294, 0.11764705882352941, 0.058823529411764705]]}, "acc_test": 0.65, "precision_test": 0.66, "recall_test": 0.5689655172413793, "f1_test": 0.6111111111111112, "auc_test": 0.6946607341490545}
{"name": "perturbation_10_z", "predictions": {"test": [0.9438863947044721, 0.04261078630992064, 0.29705324819566814, 1.0101785094606917, 1.568813736415112, -0.010525488554861554, 0.442907812047967, 0.2738335844672164, 0.46833460160304824, 0.4439200978546662, -0.08405084119356485, -0.7125564836390789, 0.7245551965755642, -0.291037979265121, 1.345543451995472, 0.7574996758329253, 0.2531702261008497, -0.2161354292740063, 0.3141150841443244, -0.07232990326953964, 0.6356853584377787, -0.09702615360069822, -0.7060926296749794, 1.6250245845171665, -0.14996440047695436, 0.6098578869971135, 0.22149301043262123, 0.6014717723415551, 1.3132259041554246, -1.0353204318632168, -0.04283339277701333, -0.6486822658522903, -0.10957085718143443, -0.009649303259943271, 0.49715306637698814, 0.5401951280757817, 0.9123392495663768, 0.04920872170212113, 1.2684828712897949, 0.46235995128041185, -1.060714136293013, -0.11015304633654363, 1.4319989766711105, 0.7425024277050266, 1.4311988678040786, -0.1095767301669918, 0.3552852061428941, 0.17557114011259461, -0.3074031145902707, 0.8814096831282882, -0.5599521820145007, 1.2372815405297675, -0.2737857447123398, 0.22146069383698724, 0.15799903168709464, 0.12488350670716204, 0.8658902156035848, 0.40009668221205197, -0.7860158110569447, -0.22701380652112146, 0.1520875896270038, 0.9104778047468128, 0.48667255893665595, 1.0399027297495171, 0.28183448650667337, 1.2384495165403677, 1.3011487063109306, -0.5606712137692138, -0.9334522122965401, 1.4224572927709842, 0.636829367296269, -0.8717827470237737, 0.5889372744606051, -0.8291039392202072, 0.13744107527516694, 0.048933511904386995, 0.8729657642228913, 0.6264514265241793, 1.6353136835582252, 0.5420505809129853, 0.1338525598450629, 0.5691523334186717, -0.4164747297886854, 0.013222682561859395, -0.5667131739104797, 0.9891168300011273, -1.163962332284645, 0.7975466671957561, 1.2119950929915606, 0.4446451673227221, 1.0886256569370174, 0.10678167070132143, 0.08934614398830659, -0.8879079805634684, 1.4264078630003756, 0.10792032224614508, 0.27359155590756506, -0.2535834121381492, -0.2193303017239425, 0.2537435356534699, 1.145439038455351, 0.2903714202876806, 0.8949342452677693, -0.24614728777717249, 0.8561959302561529, -1.2561388955538109, 0.44701813089666914, 0.698010207237221, -0.5717754574663358, -0.21131490842980438, 0.07670762382495766, 0.4052962004298662, 0.5200773526935908, -0.2345599271592969, -0.438823182524185, 0.21298786328180452, -0.540356633514534, 1.7431398874488102, 0.871055505825576, -0.5913397782384296]}, "info": {"pct_words_masked": 0.3, "span_length": 2, "n_perturbations": 10}, "general": {"acc_test": 0.675, "precision_test": 0.6727272727272727, "recall_test": 0.6379310344827587, "f1_test": 0.6548672566371682, "auc_test": 0.7260845383759733}}
{"name": "GPT-sentinel", "acc": 0.825}
{"name": "roberta-base-openai-detector", "predictions": {"test": [0.014850117266178131, 0.9993785619735718, 0.0004987373831681907, 0.9998236298561096, 0.005864821374416351, 0.00017005584959406406, 0.00028340256540104747, 0.00017991439381148666, 0.0003014423418790102, 0.00030265640816651285, 0.008946766145527363, 0.1785501092672348, 0.05138440802693367, 0.0001969655422726646, 0.00029502404504455626, 0.5531332492828369, 0.00018319880473427474, 0.0004737639974337071, 0.00017624431347940117, 0.0005273090209811926, 0.00017915022908709943, 0.00024315586779266596, 0.00028029916575178504, 0.0007167807198129594, 0.968626081943512, 0.17016372084617615, 0.0002931432973127812, 0.9984443783760071, 0.0007248094771057367, 0.0003637908084783703, 0.0014316460583359003, 0.00022599373187404126, 0.007049310952425003, 0.00020773547294083983, 0.003190988441929221, 0.00018256128532812, 0.0013944355305284262, 0.0026266600470989943, 0.0029920139349997044, 0.11015339195728302, 0.04508712515234947, 0.8205317854881287, 0.003051688428968191, 0.6890616416931152, 0.005902858916670084, 0.006242163944989443, 0.00853105541318655, 0.014230316504836082, 0.0020729247480630875, 0.00027553830295801163, 0.9550423622131348, 0.006078141741454601, 0.00016897614113986492, 0.09423992782831192, 0.10792956501245499, 0.00021614631987176836, 0.0002070303598884493, 0.00033660506596788764, 0.998920202255249, 0.0014497877564281225, 0.0009023379534482956, 0.9398283362388611, 0.0012415749952197075, 0.35934537649154663, 0.00017052836483344436, 0.0009942111792042851, 0.36175107955932617, 0.00021586583170574158, 0.013326063752174377, 0.03358841314911842, 0.7377073168754578, 0.00018620498303789645, 0.00016931368736550212, 0.0008378337370231748, 0.0002555952232796699, 0.00018829712644219398, 0.00024270330322906375, 0.0002408997534075752, 0.0005734455189667642, 0.00017099877004511654, 0.00027257477631792426, 0.0002652785915415734, 0.0017535649240016937, 0.00016975922335404903, 0.0005498535465449095, 0.0001940413931151852, 0.9650906920433044, 0.00037043317570351064, 0.010622761212289333, 0.22498776018619537, 0.0008747935062274337, 0.00428911205381155, 0.02964366227388382, 0.00017378656775690615, 0.9958855509757996, 0.00019542463996913284, 0.0001767855865182355, 0.7591018080711365, 0.0005339074996300042, 0.021814480423927307, 0.00018547847867012024, 0.9127365946769714, 0.2724202871322632, 0.0005558223929256201, 0.00020923888951074332, 0.000349860085407272, 0.00017076592484954745, 0.00018139768508262932, 0.032806623727083206, 0.01184985414147377, 0.002838969463482499, 0.00017699845193419605, 0.00023880385560914874, 0.00033685757080093026, 0.0002206093049608171, 0.00017885681882034987, 0.00017217856657225639, 0.0001739087310852483, 0.000790339196100831, 0.021034130826592445]}, "logits": {"test": [-2.254193067550659, 3.952935218811035, -4.108578205108643, 4.685695171356201, -2.7624378204345703, -4.710400581359863, -4.429771423339844, -4.676601886749268, -4.376939296722412, -4.375520706176758, -2.5045969486236572, -0.8523761630058289, -1.5665611028671265, -4.625263690948486, -4.386967182159424, 0.035268574953079224, -4.669682025909424, -4.144808292388916, -4.690273284912109, -4.057936191558838, -4.683838844299316, -4.5055131912231445, -4.421961784362793, -3.8886241912841797, 1.7383207082748413, -0.8630501627922058, -4.386211395263672, 3.418588638305664, -3.9004950523376465, -4.2669677734375, -3.5207700729370117, -4.545456886291504, -2.6390626430511475, -4.592843055725098, -3.101465940475464, -4.670619010925293, -3.5435948371887207, -3.1740496158599854, -3.115795850753784, -1.1376153230667114, -1.6568278074264526, 0.7204476594924927, -3.1252400875091553, 0.34723153710365295, -2.7591419219970703, -2.6793994903564453, -2.534531831741333, -2.279850482940674, -3.3090085983276367, -4.4337382316589355, 1.522850751876831, -2.76071834564209, -4.71262788772583, -1.2322688102722168, -1.138107419013977, -4.569924831390381, -4.597057342529297, -4.321429252624512, 3.6230287551879883, -3.5126373767852783, -3.7659037113189697, 1.351237416267395, -3.5940473079681396, -0.3866328299045563, -4.704652786254883, -3.743255615234375, -0.37213781476020813, -4.573200225830078, -2.3033134937286377, -1.8213157653808594, 0.4620012640953064, -4.6553120613098145, -4.708128929138184, -3.814095973968506, -4.478845596313477, -4.648238182067871, -4.512154579162598, -4.510349273681641, -4.038670063018799, -4.708544731140137, -4.450377941131592, -4.463234901428223, -3.377342939376831, -4.711192607879639, -4.048517227172852, -4.640000820159912, 1.6545157432556152, -4.278320789337158, -2.4433557987213135, -0.6996503472328186, -3.7942399978637695, -2.935722827911377, -1.8625922203063965, -4.6926960945129395, 2.860062599182129, -4.617071151733398, -4.683246612548828, 0.5090163946151733, -4.062135219573975, -2.064096212387085, -4.653210163116455, 1.1488550901412964, -0.5612820982933044, -4.045698165893555, -4.585392475128174, -4.29054069519043, -4.705142498016357, -4.670258045196533, -1.8018198013305664, -2.3733348846435547, -3.145047903060913, -4.687704086303711, -4.516464710235596, -4.316952705383301, -4.564274311065674, -4.678631782531738, -4.703658103942871, -4.693918228149414, -3.8619132041931152, -2.0727624893188477]}, "acc_test": 0.5916666666666667, "precision_test": 0.8, "recall_test": 0.20689655172413793, "f1_test": 0.3287671232876712, "auc_test": 0.6362625139043382, "preds": [0.9998236298561096, 0.005864821374416351, 0.00017005584959406406, 0.00028340256540104747, 0.00017991439381148666, 0.0003014423418790102, 0.00030265640816651285, 0.05138440802693367, 0.5531332492828369, 0.00018319880473427474, 0.0004737639974337071, 0.00017915022908709943, 0.00024315586779266596, 0.9984443783760071, 0.0014316460583359003, 0.003190988441929221, 0.0013944355305284262, 0.0029920139349997044, 0.8205317854881287, 0.003051688428968191, 0.6890616416931152, 0.005902858916670084, 0.014230316504836082, 0.9550423622131348, 0.006078141741454601, 0.09423992782831192, 0.0002070303598884493, 0.9398283362388611, 0.0012415749952197075, 0.35934537649154663, 0.0009942111792042851, 0.36175107955932617, 0.013326063752174377, 0.03358841314911842, 0.7377073168754578, 0.00024270330322906375, 0.0005734455189667642, 0.00027257477631792426, 0.0002652785915415734, 0.00016975922335404903, 0.0001940413931151852, 0.9650906920433044, 0.00037043317570351064, 0.010622761212289333, 0.0008747935062274337, 0.00428911205381155, 0.9958855509757996, 0.7591018080711365, 0.021814480423927307, 0.9127365946769714, 0.2724202871322632, 0.0005558223929256201, 0.00020923888951074332, 0.00017699845193419605, 0.0002206093049608171, 0.0001739087310852483, 0.000790339196100831, 0.021034130826592445]}
{"name": "Hello-SimpleAI/chatgpt-detector-roberta", "predictions": {"test": [0.2875921428203583, 0.899602472782135, 0.0006289773155003786, 0.9984446167945862, 0.9586011171340942, 0.0006361791165545583, 0.05563350394368172, 0.9336456060409546, 0.3243820071220398, 0.9925576448440552, 0.023442603647708893, 0.011039013974368572, 0.9930738210678101, 0.002468280028551817, 0.0033739462960511446, 0.2553119659423828, 0.027143491432070732, 0.00042371382005512714, 0.1785644143819809, 0.00035526094143278897, 0.22512008249759674, 0.003777277423068881, 0.00033807448926381767, 0.017560480162501335, 0.008342524990439415, 0.10417580604553223, 0.0003204198437742889, 0.2564692199230194, 0.056451570242643356, 0.004351257812231779, 0.25206300616264343, 0.00031553467852063477, 0.0010523770470172167, 0.000766962009947747, 0.9765757322311401, 0.02071872353553772, 0.9977943897247314, 0.00032375144655816257, 0.28436344861984253, 0.06694263219833374, 0.0014487787848338485, 0.20968468487262726, 0.8885964155197144, 0.9798745512962341, 0.0629647821187973, 0.0017062342958524823, 0.01465125847607851, 0.012738662771880627, 0.0007125801057554781, 0.008850098587572575, 0.012396744452416897, 0.9547173976898193, 0.0004440676420927048, 0.0003355234512127936, 0.03952203318476677, 0.0124818691983819, 0.05137248337268829, 0.00921519286930561, 0.006279660854488611, 0.011031982488930225, 0.0006971333059482276, 0.9436437487602234, 0.0035978411324322224, 0.9910441637039185, 0.0012361259432509542, 0.0012306980788707733, 0.9833037853240967, 0.17246808111667633, 0.0029239237774163485, 0.037686776369810104, 0.980240523815155, 0.15318074822425842, 0.0037386708427220583, 0.009066657163202763, 0.000325973640428856, 0.0900372713804245, 0.11927231401205063, 0.06972910463809967, 0.003350289538502693, 0.00043325568549335003, 0.1924583613872528, 0.23127537965774536, 0.001407245988957584, 0.8994866609573364, 0.9021484851837158, 0.14457514882087708, 0.0126925865188241, 0.03772301971912384, 0.33312538266181946, 0.0004003209760412574, 0.8180464506149292, 0.9971303343772888, 0.0005055430810898542, 0.0007063802913762629, 0.9265247583389282, 0.01145350281149149, 0.021993324160575867, 0.998537540435791, 0.0011864021653309464, 0.9989570379257202, 0.0003082358161918819, 0.03470654785633087, 0.30473628640174866, 0.0026912945322692394, 0.9940981864929199, 0.008305647410452366, 0.00048063474241644144, 0.014316904358565807, 0.00029576587257906795, 0.025714661926031113, 0.0003536116855684668, 0.12943705916404724, 0.0011757274623960257, 0.016526587307453156, 0.020797772333025932, 0.9172837734222412, 0.000409372296417132, 0.7771185636520386, 0.009598883800208569, 0.27469581365585327]}, "logits": {"test": [-0.5902159214019775, 1.0799049139022827, -3.3719139099121094, 2.8758959770202637, 1.490627646446228, -3.3676846027374268, -1.4626561403274536, 1.275460124015808, -0.5105352997779846, 2.236046552658081, -1.8602321147918701, -2.195183515548706, 2.2663462162017822, -2.8338677883148193, -2.7040293216705322, -0.6657440662384033, -1.7939449548721313, -3.5138962268829346, -0.8761871457099915, -3.5734243392944336, -0.7428946495056152, -2.6566267013549805, -3.5896761417388916, -1.989794135093689, -2.317509412765503, -1.1532363891601562, -3.6069443225860596, -0.6628928184509277, -1.4557756185531616, -2.5968973636627197, -0.6736132502555847, -3.6118216514587402, -3.1759650707244873, -3.297538995742798, 1.7431503534317017, -1.915807843208313, 2.737635850906372, -3.603640556335449, -0.5975672602653503, -1.374862551689148, -3.0499508380889893, -0.7848904132843018, 1.029420018196106, 1.8094842433929443, -1.404071569442749, -2.9843709468841553, -2.0703353881835938, -2.1321892738342285, -3.3252980709075928, -2.29182505607605, -2.144167900085449, 1.450210690498352, -3.4976038932800293, -3.592137336730957, -1.6220759153366089, -2.1411595344543457, -1.5001089572906494, -2.274200916290283, -2.440322160720825, -2.1954617500305176, -3.333530902862549, 1.3507126569747925, -2.6771013736724854, 2.1576929092407227, -3.1128969192504883, -3.1146292686462402, 1.890633225440979, -0.8955278396606445, -2.7637617588043213, -1.644002079963684, 1.8174821138381958, -0.9598827958106995, -2.660949230194092, -2.2812881469726562, -3.6014487743377686, -1.2312719821929932, -1.0905450582504272, -1.355336308479309, -2.706981897354126, -3.50618314743042, -0.8340342044830322, -0.7265053987503052, -3.061537742614746, 1.0793570280075073, 1.092122197151184, -0.9906656742095947, -2.1337809562683105, -1.6435649394989014, -0.4920015335083008, -3.5333759784698486, 0.7790549993515015, 2.6313469409942627, -3.4516971111297607, -3.3285841941833496, 1.2280092239379883, -2.1789987087249756, -1.8889689445495605, 2.899847984313965, -3.129056215286255, 3.0274298191070557, -3.6191792488098145, -1.68186616897583, -0.5521480441093445, -2.798144578933716, 2.33354115486145, -2.3194339275360107, -3.4697372913360596, -2.0805790424346924, -3.631918430328369, -1.8184455633163452, -3.574965000152588, -1.0485161542892456, -3.1326067447662354, -2.016829252243042, -1.9140852689743042, 1.1721445322036743, -3.525730848312378, 0.6664156317710876, -2.2564005851745605, -0.6200782060623169]}, "acc_test": 0.675, "precision_test": 0.88, "recall_test": 0.3793103448275862, "f1_test": 0.5301204819277108, "auc_test": 0.825083426028921, "preds": [0.9984446167945862, 0.9586011171340942, 0.0006361791165545583, 0.05563350394368172, 0.9336456060409546, 0.3243820071220398, 0.9925576448440552, 0.9930738210678101, 0.2553119659423828, 0.027143491432070732, 0.00042371382005512714, 0.22512008249759674, 0.003777277423068881, 0.2564692199230194, 0.25206300616264343, 0.9765757322311401, 0.9977943897247314, 0.28436344861984253, 0.20968468487262726, 0.8885964155197144, 0.9798745512962341, 0.0629647821187973, 0.012738662771880627, 0.012396744452416897, 0.9547173976898193, 0.0003355234512127936, 0.05137248337268829, 0.9436437487602234, 0.0035978411324322224, 0.9910441637039185, 0.0012306980788707733, 0.9833037853240967, 0.0029239237774163485, 0.037686776369810104, 0.980240523815155, 0.11927231401205063, 0.003350289538502693, 0.1924583613872528, 0.23127537965774536, 0.8994866609573364, 0.14457514882087708, 0.0126925865188241, 0.03772301971912384, 0.33312538266181946, 0.8180464506149292, 0.9971303343772888, 0.9265247583389282, 0.998537540435791, 0.9989570379257202, 0.03470654785633087, 0.30473628640174866, 0.0026912945322692394, 0.9940981864929199, 0.12943705916404724, 0.020797772333025932, 0.7771185636520386, 0.009598883800208569, 0.27469581365585327]}
