{"name": "likelihood_threshold", "predictions": {"test": [-2.583090305328369, -2.3201797008514404, -3.2546916007995605, -2.2005600929260254, -1.5315288305282593, -3.6571483612060547, -2.340799570083618, -1.9984594583511353, -2.918565511703491, -1.9042048454284668, -2.936091899871826, -3.0462682247161865, -2.11303448677063, -2.732393503189087, -2.901235580444336, -2.038163185119629, -2.0686233043670654, -1.907870888710022, -2.8729288578033447, -2.862887382507324, -3.1174371242523193, -2.3205809593200684, -3.5492143630981445, -2.532226800918579, -4.461986541748047, -4.089223861694336, -2.6304433345794678, -3.4951350688934326, -3.461000919342041, -2.9962809085845947, -3.4751455783843994, -2.5975170135498047, -2.7010509967803955, -2.657015323638916, -3.315427303314209, -2.920642375946045, -2.5815036296844482, -2.958695650100708, -3.6407597064971924, -2.5882599353790283, -3.5178568363189697, -2.2880828380584717, -3.9170782566070557, -1.680576205253601, -2.8042361736297607, -2.8521523475646973, -2.768282890319824, -2.8367342948913574, -4.651256084442139, -2.54830002784729, -2.175523042678833, -4.027877330780029, -3.439519166946411, -2.670038938522339, -2.7376999855041504, -3.042710304260254, -1.893556833267212, -3.4589507579803467, -3.1119730472564697, -2.4982521533966064, -2.2599058151245117, -2.6140170097351074, -2.8038928508758545, -2.1521596908569336, -3.133983850479126, -2.255605697631836, -2.7986769676208496, -3.2314908504486084, -3.176069498062134, -1.9024311304092407, -2.5604779720306396, -2.8033666610717773, -3.4256863594055176, -3.2162296772003174, -4.1907429695129395, -2.825338363647461, -1.8208880424499512, -3.3024888038635254, -2.911843776702881, -2.525686740875244, -1.898343801498413, -1.8404045104980469, -2.7483530044555664, -2.775808811187744, -2.472611904144287, -1.906654715538025, -0.8567579388618469, -2.833184242248535, -2.009434461593628, -3.1782500743865967, -2.2793309688568115, -2.637336254119873, -2.546499013900757, -2.9649860858917236, -2.4788217544555664, -3.0471913814544678, -3.429306983947754, -2.3299615383148193, -2.8777997493743896, -3.052415609359741, -5.311939716339111, -4.006113529205322, -3.640765428543091, -2.427722692489624, -2.1553287506103516, -3.423076629638672, -3.623289108276367, -2.9537031650543213, -2.732356309890747, -2.873490333557129, -5.18145751953125, -3.048764944076538, -2.535982131958008, -5.666046619415283, -1.937738299369812, -3.479688882827759, -2.9067559242248535, -3.3457062244415283, -2.7070109844207764, -2.649806261062622]}, "acc_test": 0.575, "precision_test": 0.5393258426966292, "recall_test": 0.8275862068965517, "f1_test": 0.653061224489796, "auc_test": 0.7330367074527252}
{"name": "rank_threshold", "predictions": {"test": [-31.74444580078125, -18.14803695678711, -327.0860900878906, -57.569766998291016, -9.580644607543945, -472.7404479980469, -9.953703880310059, -34.72549057006836, -40.215911865234375, -15.86805534362793, -74.59428405761719, -66.61827850341797, -12.34375, -92.63636779785156, -47.913978576660156, -5.289473533630371, -15.520833969116211, -27.056074142456055, -120.9207534790039, -67.14838409423828, -75.2800064086914, -43.47101593017578, -132.81761169433594, -30.095237731933594, -312.0573425292969, -465.8531799316406, -50.98591613769531, -292.76800537109375, -116.8933334350586, -80.57850646972656, -121.5182876586914, -126.412841796875, -61.35483932495117, -53.01612854003906, -85.10400390625, -32.717105865478516, -188.77484130859375, -97.36054229736328, -401.06317138671875, -51.57965850830078, -265.5403747558594, -58.047245025634766, -307.56817626953125, -195.05796813964844, -198.53846740722656, -74.09574127197266, -174.340576171875, -115.01526641845703, -438.72906494140625, -52.57143020629883, -15.710742950439453, -364.9545593261719, -213.59503173828125, -181.85897827148438, -51.66956329345703, -128.3798828125, -5.7876105308532715, -291.6500244140625, -62.24083709716797, -35.0442008972168, -58.63461685180664, -38.1889762878418, -194.5983428955078, -33.13103485107422, -265.8348388671875, -273.6031799316406, -51.4972038269043, -185.76287841796875, -216.4347686767578, -50.10236358642578, -82.76744079589844, -145.93768310546875, -91.06000518798828, -125.97468566894531, -166.40359497070312, -27.26424789428711, -27.731544494628906, -202.3729705810547, -254.56715393066406, -122.27810668945312, -9.528735160827637, -7.3828125, -153.0, -53.41732406616211, -118.671875, -10.241379737854004, -1.8780486583709717, -221.16542053222656, -9.086956024169922, -65.36752319335938, -9.449541091918945, -36.832000732421875, -28.680002212524414, -104.375, -58.35877990722656, -48.2835807800293, -50.82353210449219, -27.15853500366211, -89.76654815673828, -111.6220474243164, -483.9273681640625, -362.0873107910156, -247.15789794921875, -45.79824447631836, -38.091739654541016, -133.97979736328125, -97.00775146484375, -104.45255279541016, -82.70238494873047, -80.45394897460938, -394.10858154296875, -226.20455932617188, -48.2108268737793, -670.4981079101562, -14.575949668884277, -66.5941162109375, -61.11940002441406, -251.33929443359375, -32.71794891357422, -14.453333854675293]}, "acc_test": 0.45, "precision_test": 0.45454545454545453, "recall_test": 0.6896551724137931, "f1_test": 0.547945205479452, "auc_test": 0.6379310344827587}
{"name": "log_rank_threshold", "predictions": {"test": [-1.296743631362915, -1.0978387594223022, -1.7407994270324707, -1.0593621730804443, -0.5516535639762878, -2.0724198818206787, -1.00446355342865, -0.9059077501296997, -1.4478453397750854, -0.935314416885376, -1.5185508728027344, -1.5612428188323975, -0.8347820043563843, -1.4592459201812744, -1.463025689125061, -0.715990424156189, -0.904650092124939, -0.7972075343132019, -1.5144877433776855, -1.4839733839035034, -1.6421173810958862, -1.0628529787063599, -1.9118140935897827, -1.2612801790237427, -2.5749573707580566, -2.3041694164276123, -1.281396746635437, -1.9643460512161255, -1.8873132467269897, -1.4897642135620117, -1.9004179239273071, -1.3077194690704346, -1.3978185653686523, -1.3904502391815186, -1.75788414478302, -1.4366642236709595, -1.2809017896652222, -1.4676220417022705, -2.0374255180358887, -1.3705151081085205, -1.875511646270752, -0.9817687273025513, -2.222212791442871, -0.6490651965141296, -1.3044062852859497, -1.4472436904907227, -1.3477532863616943, -1.48248291015625, -2.6807186603546143, -1.2403082847595215, -0.9230865836143494, -2.2510197162628174, -1.8284056186676025, -1.2471489906311035, -1.3749983310699463, -1.4927316904067993, -0.8249202370643616, -1.8622934818267822, -1.6693894863128662, -1.2080777883529663, -1.058966875076294, -1.2603745460510254, -1.4130436182022095, -0.918689489364624, -1.58403480052948, -0.9363034963607788, -1.4604252576828003, -1.6805258989334106, -1.7244635820388794, -0.7574555277824402, -1.1983046531677246, -1.4299386739730835, -1.8706636428833008, -1.6690928936004639, -2.434131383895874, -1.3845055103302002, -0.7885475754737854, -1.7406330108642578, -1.5175286531448364, -1.2221578359603882, -0.839891254901886, -0.7231109738349915, -1.382470965385437, -1.356515645980835, -1.145146131515503, -0.813476026058197, -0.2529357075691223, -1.4030263423919678, -0.8540113568305969, -1.670646071434021, -1.0185686349868774, -1.193672776222229, -1.2326487302780151, -1.4451841115951538, -1.1981384754180908, -1.5957741737365723, -1.8601396083831787, -1.104854702949524, -1.48658287525177, -1.560400128364563, -3.179142951965332, -2.269550323486328, -1.987441062927246, -1.161312460899353, -1.027629017829895, -1.8886994123458862, -1.9187688827514648, -1.499106526374817, -1.36806058883667, -1.4962049722671509, -3.220193862915039, -1.5493967533111572, -1.234871745109558, -3.560030221939087, -0.8365864753723145, -1.8406577110290527, -1.4822787046432495, -1.883727788925171, -1.3044297695159912, -1.3430825471878052]}, "acc_test": 0.5833333333333334, "precision_test": 0.5465116279069767, "recall_test": 0.8103448275862069, "f1_test": 0.6527777777777777, "auc_test": 0.7419354838709677}
{"name": "entropy_threshold", "predictions": {"test": [3.251132011413574, 3.143423318862915, 3.6328771114349365, 3.0694899559020996, 2.5213241577148438, 3.920661687850952, 2.929871082305908, 2.689974069595337, 3.302049160003662, 2.2245635986328125, 3.4420883655548096, 3.319594621658325, 2.9576926231384277, 3.3457210063934326, 2.941471815109253, 3.3328182697296143, 2.8727550506591797, 2.6858553886413574, 3.172858715057373, 3.35395884513855, 3.296881675720215, 2.854351758956909, 3.684640884399414, 2.83076810836792, 4.440823078155518, 4.049739360809326, 3.3445804119110107, 3.4901320934295654, 3.719271421432495, 3.3434345722198486, 3.783348798751831, 3.21482515335083, 3.2786169052124023, 3.054872512817383, 3.387704849243164, 3.2274062633514404, 3.307826042175293, 3.5105273723602295, 4.14647912979126, 2.9154229164123535, 3.485990047454834, 3.6305243968963623, 4.181530475616455, 2.822838544845581, 3.201392412185669, 3.391911268234253, 3.0680832862854004, 3.1361308097839355, 5.076692581176758, 3.107374429702759, 3.167259454727173, 4.0091776847839355, 3.827829360961914, 3.1561532020568848, 3.3489067554473877, 3.3787875175476074, 2.428100109100342, 3.6703832149505615, 3.261854648590088, 2.8576552867889404, 2.879883289337158, 3.2759451866149902, 3.2041263580322266, 3.1564040184020996, 3.7896041870117188, 3.120577335357666, 2.9347097873687744, 3.6271588802337646, 3.929048538208008, 2.9043467044830322, 3.5840630531311035, 3.1660938262939453, 3.5452373027801514, 3.472970724105835, 4.349033832550049, 3.287907600402832, 2.4067652225494385, 3.4525060653686523, 3.2927613258361816, 3.112112522125244, 2.7671473026275635, 2.9603896141052246, 3.2663440704345703, 3.5265495777130127, 3.3466453552246094, 2.776569366455078, 1.5795029401779175, 3.2906734943389893, 2.9375672340393066, 3.369016647338867, 3.263500690460205, 3.5118727684020996, 3.1969122886657715, 3.2887678146362305, 3.294902801513672, 3.301260471343994, 3.435570240020752, 3.0552048683166504, 3.0822558403015137, 2.9693410396575928, 5.831386566162109, 3.9352166652679443, 3.7018911838531494, 3.5089728832244873, 2.7962915897369385, 3.9286677837371826, 3.6216471195220947, 3.212555170059204, 3.1285400390625, 3.219080686569214, 5.185488224029541, 3.755952835083008, 3.1029722690582275, 5.858282089233398, 2.514741897583008, 3.522304058074951, 3.1460893154144287, 3.8586742877960205, 2.8146474361419678, 3.1153721809387207]}, "acc_test": 0.525, "precision_test": 0.5056179775280899, "recall_test": 0.7758620689655172, "f1_test": 0.6122448979591837, "auc_test": 0.6543381535038931}
{"name": "rank_GLTR_threshold", "predictions": {"test": [[0.7666666666666667, 0.17777777777777778, 0.05555555555555555, 0.0], [0.8187311178247734, 0.14501510574018128, 0.03323262839879154, 0.0030211480362537764], [0.6821192052980133, 0.2185430463576159, 0.052980132450331126, 0.046357615894039736], [0.8546511627906976, 0.11046511627906977, 0.01744186046511628, 0.01744186046511628], [0.9290322580645162, 0.05161290322580645, 0.01935483870967742, 0.0], [0.6793893129770993, 0.1297709923664122, 0.12213740458015267, 0.06870229007633588], [0.8611111111111112, 0.12037037037037036, 0.018518518518518517, 0.0], [0.8823529411764706, 0.08823529411764706, 0.0196078431372549, 0.00980392156862745], [0.7329545454545454, 0.19886363636363635, 0.0625, 0.005681818181818182], [0.8333333333333334, 0.1111111111111111, 0.05555555555555555, 0.0], [0.7485714285714286, 0.15428571428571428, 0.06857142857142857, 0.02857142857142857], [0.7311827956989247, 0.1774193548387097, 0.07526881720430108, 0.016129032258064516], [0.8671875, 0.109375, 0.0234375, 0.0], [0.7381818181818182, 0.16, 0.08, 0.02181818181818182], [0.7526881720430108, 0.15591397849462366, 0.08064516129032258, 0.010752688172043012], [0.9210526315789473, 0.06140350877192982, 0.017543859649122806, 0.0], [0.8854166666666666, 0.08333333333333333, 0.03125, 0.0], [0.897196261682243, 0.07476635514018691, 0.018691588785046728, 0.009345794392523364], [0.7358490566037735, 0.15849056603773584, 0.07169811320754717, 0.033962264150943396], [0.7451612903225806, 0.17419354838709677, 0.06774193548387097, 0.012903225806451613], [0.696, 0.208, 0.08, 0.016], [0.8768115942028986, 0.07246376811594203, 0.043478260869565216, 0.007246376811594203], [0.6918238993710691, 0.15723270440251572, 0.1069182389937107, 0.0440251572327044], [0.7619047619047619, 0.15476190476190477, 0.07738095238095238, 0.005952380952380952], [0.5605095541401274, 0.20382165605095542, 0.17197452229299362, 0.06369426751592357], [0.6146788990825688, 0.1834862385321101, 0.12844036697247707, 0.07339449541284404], [0.7934272300469484, 0.15492957746478872, 0.04225352112676056, 0.009389671361502348], [0.632, 0.216, 0.104, 0.048], [0.6666666666666666, 0.19333333333333333, 0.12666666666666668, 0.013333333333333334], [0.7520661157024794, 0.1487603305785124, 0.08264462809917356, 0.01652892561983471], [0.6829268292682927, 0.18902439024390244, 0.09146341463414634, 0.036585365853658534], [0.7752293577981652, 0.1559633027522936, 0.045871559633027525, 0.022935779816513763], [0.7580645161290323, 0.14516129032258066, 0.08064516129032258, 0.016129032258064516], [0.7473118279569892, 0.1827956989247312, 0.053763440860215055, 0.016129032258064516], [0.68, 0.224, 0.072, 0.024], [0.7302631578947368, 0.18421052631578946, 0.08552631578947369, 0.0], [0.8013245033112583, 0.15894039735099338, 0.019867549668874173, 0.019867549668874173], [0.7346938775510204, 0.1836734693877551, 0.05442176870748299, 0.027210884353741496], [0.6789473684210526, 0.15789473684210525, 0.08421052631578947, 0.07894736842105263], [0.7762711864406779, 0.13559322033898305, 0.08135593220338982, 0.006779661016949152], [0.6832298136645962, 0.18012422360248448, 0.06832298136645963, 0.06832298136645963], [0.8582677165354331, 0.07874015748031496, 0.05511811023622047, 0.007874015748031496], [0.6439393939393939, 0.14393939393939395, 0.14393939393939395, 0.06818181818181818], [0.9420289855072463, 0.043478260869565216, 0.007246376811594203, 0.007246376811594203], [0.7846153846153846, 0.19230769230769232, 0.015384615384615385, 0.007692307692307693], [0.7393617021276596, 0.18617021276595744, 0.05851063829787234, 0.015957446808510637], [0.7898550724637681, 0.13768115942028986, 0.043478260869565216, 0.028985507246376812], [0.7557251908396947, 0.16030534351145037, 0.04580152671755725, 0.03816793893129771], [0.5467980295566502, 0.18719211822660098, 0.19704433497536947, 0.06896551724137931], [0.8142857142857143, 0.12142857142857143, 0.05, 0.014285714285714285], [0.8760330578512396, 0.10743801652892562, 0.008264462809917356, 0.008264462809917356], [0.6212121212121212, 0.18181818181818182, 0.14393939393939395, 0.05303030303030303], [0.7107438016528925, 0.15702479338842976, 0.0743801652892562, 0.05785123966942149], [0.8205128205128205, 0.1282051282051282, 0.02564102564102564, 0.02564102564102564], [0.7739130434782608, 0.14782608695652175, 0.06086956521739131, 0.017391304347826087], [0.7430167597765364, 0.20670391061452514, 0.0446927374301676, 0.00558659217877095], [0.8672566371681416, 0.12389380530973451, 0.008849557522123894, 0.0], [0.6916666666666667, 0.15833333333333333, 0.11666666666666667, 0.03333333333333333], [0.680628272251309, 0.2094240837696335, 0.09424083769633508, 0.015706806282722512], [0.8066298342541437, 0.14917127071823205, 0.03867403314917127, 0.0055248618784530384], [0.8296703296703297, 0.12637362637362637, 0.03021978021978022, 0.013736263736263736], [0.8188976377952756, 0.13385826771653545, 0.031496062992125984, 0.015748031496062992], [0.7622950819672131, 0.1557377049180328, 0.05737704918032787, 0.02459016393442623], [0.8827586206896552, 0.10344827586206896, 0.006896551724137931, 0.006896551724137931], [0.7410714285714286, 0.16964285714285715, 0.049107142857142856, 0.04017857142857143], [0.873015873015873, 0.1111111111111111, 0.007936507936507936, 0.007936507936507936], [0.7374301675977654, 0.18435754189944134, 0.061452513966480445, 0.01675977653631285], [0.7422680412371134, 0.13402061855670103, 0.08247422680412371, 0.041237113402061855], [0.7043478260869566, 0.14782608695652175, 0.10434782608695652, 0.043478260869565216], [0.905511811023622, 0.07874015748031496, 0.007874015748031496, 0.007874015748031496], [0.8062015503875969, 0.12403100775193798, 0.046511627906976744, 0.023255813953488372], [0.7881619937694704, 0.12461059190031153, 0.056074766355140186, 0.03115264797507788], [0.6466666666666666, 0.23333333333333334, 0.1, 0.02], [0.7215189873417721, 0.189873417721519, 0.056962025316455694, 0.03164556962025317], [0.5515695067264574, 0.21524663677130046, 0.19282511210762332, 0.04035874439461883], [0.7409326424870466, 0.19689119170984457, 0.06217616580310881, 0.0], [0.8791946308724832, 0.087248322147651, 0.026845637583892617, 0.006711409395973154], [0.6972972972972973, 0.17297297297297298, 0.10810810810810811, 0.021621621621621623], [0.7686567164179104, 0.1044776119402985, 0.06716417910447761, 0.05970149253731343], [0.7869822485207101, 0.15976331360946747, 0.029585798816568046, 0.023668639053254437], [0.9080459770114943, 0.07471264367816093, 0.017241379310344827, 0.0], [0.8984375, 0.0859375, 0.015625, 0.0], [0.7756653992395437, 0.14068441064638784, 0.060836501901140684, 0.022813688212927757], [0.7874015748031497, 0.14173228346456693, 0.05511811023622047, 0.015748031496062992], [0.7864583333333334, 0.17708333333333334, 0.026041666666666668, 0.010416666666666666], [0.8896551724137931, 0.0896551724137931, 0.020689655172413793, 0.0], [0.975609756097561, 0.024390243902439025, 0.0, 0.0], [0.7894736842105263, 0.12781954887218044, 0.06015037593984962, 0.022556390977443608], [0.8347826086956521, 0.14782608695652175, 0.017391304347826087, 0.0], [0.6752136752136753, 0.23076923076923078, 0.07692307692307693, 0.017094017094017096], [0.8715596330275229, 0.11009174311926606, 0.01834862385321101, 0.0], [0.84, 0.104, 0.048, 0.008], [0.784, 0.16, 0.048, 0.008], [0.7738095238095238, 0.125, 0.06547619047619048, 0.03571428571428571], [0.816793893129771, 0.09923664122137404, 0.06870229007633588, 0.015267175572519083], [0.7388059701492538, 0.1791044776119403, 0.07462686567164178, 0.007462686567164179], [0.6470588235294118, 0.18487394957983194, 0.16806722689075632, 0.0], [0.8353658536585366, 0.12195121951219512, 0.036585365853658534, 0.006097560975609756], [0.7665505226480837, 0.13937282229965156, 0.07317073170731707, 0.020905923344947737], [0.7244094488188977, 0.16535433070866143, 0.06299212598425197, 0.047244094488188976], [0.42735042735042733, 0.28205128205128205, 0.20085470085470086, 0.08974358974358974], [0.6111111111111112, 0.2222222222222222, 0.09523809523809523, 0.07142857142857142], [0.6842105263157895, 0.17293233082706766, 0.08270676691729323, 0.06015037593984962], [0.8333333333333334, 0.12280701754385964, 0.03508771929824561, 0.008771929824561403], [0.8715596330275229, 0.08256880733944955, 0.03669724770642202, 0.009174311926605505], [0.6717171717171717, 0.17676767676767677, 0.10606060606060606, 0.045454545454545456], [0.6589147286821705, 0.20930232558139536, 0.10852713178294573, 0.023255813953488372], [0.7445255474452555, 0.1678832116788321, 0.06569343065693431, 0.021897810218978103], [0.7738095238095238, 0.17261904761904762, 0.03571428571428571, 0.017857142857142856], [0.756578947368421, 0.1513157894736842, 0.06578947368421052, 0.02631578947368421], [0.4, 0.2914285714285714, 0.21142857142857144, 0.09714285714285714], [0.7575757575757576, 0.11363636363636363, 0.09848484848484848, 0.030303030303030304], [0.8091168091168092, 0.11396011396011396, 0.06837606837606838, 0.008547008547008548], [0.3940520446096654, 0.22676579925650558, 0.2342007434944238, 0.1449814126394052], [0.8670886075949367, 0.10126582278481013, 0.03164556962025317, 0.0], [0.6882352941176471, 0.2, 0.1, 0.011764705882352941], [0.753731343283582, 0.14925373134328357, 0.08208955223880597, 0.014925373134328358], [0.6964285714285714, 0.125, 0.11607142857142858, 0.0625], [0.7606837606837606, 0.15384615384615385, 0.08547008547008547, 0.0], [0.7466666666666667, 0.22666666666666666, 0.02666666666666667, 0.0]]}, "acc_test": 0.5666666666666667, "precision_test": 0.5348837209302325, "recall_test": 0.7931034482758621, "f1_test": 0.6388888888888888, "auc_test": 0.7569521690767519}
{"name": "perturbation_10_z", "predictions": {"test": [0.9504510524469153, 1.6686254313946605, 0.8217263878686478, 1.7337717232560075, 1.1752755694746075, 0.5884860479407905, 0.8315115303123192, 0.9115545734672308, 0.11558816182343712, 0.40158846981347723, 0.8820627947787836, 0.6625552857673361, 1.0424519344345056, 1.026540064929201, 0.5367083268964036, 0.7727701369760931, 0.5157772188934368, 0.9926872556318552, 0.5479920915057526, 1.5212731122572694, 0.2815502189230597, 0.5264568336562993, -0.11930027596713329, 1.5452066072633246, -0.2024526153207026, 0.05137394646476413, 2.1459901607862437, -0.11925941588532321, 0.9569849676338302, 1.0312525042056269, 0.3560394932301996, 1.9490538004397606, 1.5566539611509869, 2.022586751218066, -0.6115214412810938, 0.29420917016916154, -0.27869753841280775, 0.8184695860861619, 0.1888929157476389, 1.202553348996185, 0.21398544829915098, 0.8383938881222514, 0.01878053322652659, 1.7373669432051722, 0.4854874186558518, 1.1035063894751194, 0.48342711659313115, 0.3056178910679774, -0.4183108302682006, 0.7877956145374846, 2.497410683360791, -0.3822893807701862, -0.20576842298942538, 0.3821572217650451, 1.2161522603948551, 2.0336657960852857, 0.8960156920011767, 0.5019483635059929, 0.3251484959257325, 0.8602064633166737, 1.8814615049557752, 0.3364922239967097, -0.170679354391949, 1.5265770361775823, 1.8371415987447304, 0.906177019457019, 0.4207409482597881, 0.4875795305092153, 0.9189991299771744, 0.7294869863640435, 2.024092033330832, 1.622828932434549, 0.452251476655157, 1.2866922050414915, 0.21151421196390005, 2.1003324752190284, 1.8334103237512036, 0.9485737339500118, 0.3823339044653307, 1.0287152479865291, 1.0847938346605352, 2.251473119530323, 1.0948133655771155, 0.7937521751147761, 1.2156450160842307, 1.2662865276518138, 1.1229450669292949, 0.5065235213947948, 1.6636114566544153, 2.04045066516628, 1.3275702682264636, 0.39754838092981987, 0.5268277954289272, 0.5914717784092206, 1.3234091862636845, 0.3389840311648326, 0.2516940257827075, 0.7914308142449821, 0.54057148108255, 0.2398880887710854, 0.10885970278209081, -0.24701541581260067, -0.01798455869338694, 0.5738771189317886, 1.34597276543818, 0.9512078049860851, -0.18707633787822156, 0.9512057879726677, 0.640878073440937, 0.6450386138212442, 0.004878925887048663, 0.2523217875631789, 2.3867606261124217, 0.25458997074913914, 1.1028150798391312, 0.2719109119448276, 1.0730702481912773, 0.22460384472412542, -0.4039303428343794, 0.2593128329080192]}, "info": {"pct_words_masked": 0.3, "span_length": 2, "n_perturbations": 10}, "general": {"acc_test": 0.4666666666666667, "precision_test": 0.46511627906976744, "recall_test": 0.6896551724137931, "f1_test": 0.5555555555555556, "auc_test": 0.4276974416017798}}
{"name": "GPT-sentinel", "acc": 0.9583333333333334}
{"name": "roberta-base-openai-detector", "predictions": {"test": [0.00018980697495862842, 0.0021054488606750965, 0.00019618714577518404, 0.999798595905304, 0.999795138835907, 0.00018279904907103628, 0.0030300584621727467, 0.9932671785354614, 0.579068660736084, 0.9234814643859863, 0.00024070756626315415, 0.0011497675441205502, 0.9584070444107056, 0.000179635506356135, 0.00025350513169541955, 0.9998264908790588, 0.9997705817222595, 0.9963207244873047, 0.00034165053511969745, 0.00030280303326435387, 0.001962514128535986, 0.004669724032282829, 0.00017075745563488454, 0.00017663833568803966, 0.00019796851847786456, 0.00018127942166756839, 0.0001922946103150025, 0.06807521730661392, 0.00020930473692715168, 0.0013270836789160967, 0.0005428256699815392, 0.06624623388051987, 0.0017812210135161877, 0.00017694459529593587, 0.5414083003997803, 0.0015491239028051496, 0.12625187635421753, 0.00025535482564009726, 0.001885190955363214, 0.00017684644262772053, 0.0002541728608775884, 0.9998282194137573, 0.01914360374212265, 0.9998181462287903, 0.1445535272359848, 0.0001932835584739223, 0.00020956953812856227, 0.0005239712190814316, 0.00025955488672479987, 0.00017398119962308556, 0.9972726702690125, 0.000264486123342067, 0.00023968526511453092, 0.8983730673789978, 0.00027788415900431573, 0.00026396213797852397, 0.9919832348823547, 0.00026430387515574694, 0.00030281892395578325, 0.00017233593098353595, 0.9994743466377258, 0.9994276165962219, 0.8176108598709106, 0.9998216032981873, 0.0004832567647099495, 0.9997702240943909, 0.00017532914353068918, 0.0003670196747407317, 0.9615198969841003, 0.9998248219490051, 0.9997908473014832, 0.0003626645775511861, 0.0001812685077311471, 0.00018931030353996903, 0.0003510020032990724, 0.00023451450397260487, 0.9628617763519287, 0.00022272510977927595, 0.0031071763951331377, 0.04353535920381546, 0.7774075269699097, 0.9998267292976379, 0.000415819842601195, 0.20841629803180695, 0.00037968289689160883, 0.9996922016143799, 0.9998270869255066, 0.022175241261720657, 0.9984331727027893, 0.0003029445360880345, 0.999810516834259, 0.9951270818710327, 0.05089900642633438, 0.00023320787295233458, 0.8894667625427246, 0.00017349980771541595, 0.00039428722811862826, 0.9995858073234558, 0.0004070239083375782, 0.0004467357066459954, 0.0001718593848636374, 0.0001987401774385944, 0.0001843618374550715, 0.9998168349266052, 0.9934914708137512, 0.0002418497606413439, 0.00017039994418155402, 0.0002022487751673907, 0.00018714729230850935, 0.0001744341861922294, 0.00018029683269560337, 0.0028340087737888098, 0.00034142061485908926, 0.00021907221525907516, 0.9998248219490051, 0.0001704921160126105, 0.00016810446686577052, 0.8600992560386658, 0.009785761125385761, 0.9574215412139893]}, "logits": {"test": [-4.6475725173950195, -3.3044304847717285, -4.627474784851074, 4.62907075881958, 4.6261091232299805, -4.657269477844238, -3.133474826812744, 2.57497239112854, 0.10390765964984894, 1.2328805923461914, -4.508660316467285, -3.6631357669830322, 1.5533990859985352, -4.679868221282959, -4.4801177978515625, 4.700377941131592, 4.527851581573486, 2.916560173034668, -4.308252334594727, -4.3755927085876465, -3.3536739349365234, -2.898169755935669, -4.70198917388916, -4.689434051513672, -4.624162197113037, -4.670734405517578, -4.640387058258057, -1.4238650798797607, -4.591031551361084, -3.556244373321533, -4.061001300811768, -1.427749752998352, -3.4141194820404053, -4.680263519287109, 0.018900303170084953, -3.4717116355895996, -1.0621869564056396, -4.48581600189209, -3.3456785678863525, -4.683216571807861, -4.479185104370117, 4.709439754486084, -2.1029982566833496, 4.682286739349365, -0.9756844639778137, -4.636707305908203, -4.592402458190918, -4.078212738037109, -4.468166351318359, -4.69860315322876, 3.0859925746917725, -4.463184356689453, -4.514346599578857, 1.0520288944244385, -4.428109645843506, -4.456071853637695, 2.473963975906372, -4.4588623046875, -4.383527755737305, -4.707026958465576, 4.070499897003174, 3.985640048980713, 0.7057486772537231, 4.691503047943115, -4.112626552581787, 4.525841236114502, -4.692946910858154, -4.269063472747803, 1.6071451902389526, 4.695960521697998, 4.580646514892578, -4.277658939361572, -4.672345161437988, -4.643106460571289, -4.298647403717041, -4.521596908569336, 1.6194947957992554, -4.559056758880615, -3.0910284519195557, -1.6683692932128906, 0.5846942067146301, 4.704310894012451, -4.171360492706299, -0.7587357759475708, -4.251623153686523, 4.349489212036133, 4.703902244567871, -2.0333592891693115, 3.4009811878204346, -4.397104740142822, 4.661077499389648, 2.759981632232666, -1.5760498046875, -4.527630805969238, 1.013211965560913, -4.699680328369141, -4.239095211029053, 4.188809871673584, -4.208948612213135, -4.1511149406433105, -4.704041957855225, -4.6183857917785645, -4.660510540008545, 4.66111421585083, 2.5992186069488525, -4.507462501525879, -4.70480489730835, -4.611148834228516, -4.653374671936035, -4.697751045227051, -4.676706314086914, -3.1292927265167236, -4.30926513671875, -4.567665100097656, 4.691956996917725, -4.704958915710449, -4.718221664428711, 0.8670720458030701, -2.4781956672668457, 1.5591883659362793]}, "acc_test": 0.8166666666666667, "precision_test": 0.9736842105263158, "recall_test": 0.6379310344827587, "f1_test": 0.7708333333333335, "auc_test": 0.9174082313681869, "preds": [0.999798595905304, 0.999795138835907, 0.00018279904907103628, 0.0030300584621727467, 0.9932671785354614, 0.579068660736084, 0.9234814643859863, 0.9584070444107056, 0.9998264908790588, 0.9997705817222595, 0.9963207244873047, 0.001962514128535986, 0.004669724032282829, 0.06807521730661392, 0.0005428256699815392, 0.5414083003997803, 0.12625187635421753, 0.001885190955363214, 0.9998282194137573, 0.01914360374212265, 0.9998181462287903, 0.1445535272359848, 0.0005239712190814316, 0.9972726702690125, 0.000264486123342067, 0.8983730673789978, 0.9919832348823547, 0.9994276165962219, 0.8176108598709106, 0.9998216032981873, 0.9997702240943909, 0.00017532914353068918, 0.9615198969841003, 0.9998248219490051, 0.9997908473014832, 0.9628617763519287, 0.0031071763951331377, 0.7774075269699097, 0.9998267292976379, 0.20841629803180695, 0.9996922016143799, 0.9998270869255066, 0.022175241261720657, 0.9984331727027893, 0.999810516834259, 0.9951270818710327, 0.8894667625427246, 0.9995858073234558, 0.0004467357066459954, 0.0001987401774385944, 0.0001843618374550715, 0.9998168349266052, 0.9934914708137512, 0.0028340087737888098, 0.9998248219490051, 0.8600992560386658, 0.009785761125385761, 0.9574215412139893]}
{"name": "Hello-SimpleAI/chatgpt-detector-roberta", "predictions": {"test": [0.006124772131443024, 0.9878011345863342, 0.2912502586841583, 0.9992351531982422, 0.9992332458496094, 0.008385615423321724, 0.9992245435714722, 0.9992377758026123, 0.007985486648976803, 0.9991926550865173, 0.09927047789096832, 0.031181730329990387, 0.9991457462310791, 0.29003170132637024, 0.2281932532787323, 0.9992417097091675, 0.9992467164993286, 0.9992426633834839, 0.0049881478771567345, 0.9990423321723938, 0.13956615328788757, 0.9992425441741943, 0.012096994556486607, 0.7417589426040649, 0.00031060699257068336, 0.00044567405711859465, 0.1653355360031128, 0.022984445095062256, 0.15507248044013977, 0.9823165535926819, 0.0535661019384861, 0.9936416745185852, 0.28423836827278137, 0.988820493221283, 0.0028985580429434776, 0.9984122514724731, 0.9990832805633545, 0.9991577863693237, 0.9405084252357483, 0.004082365892827511, 0.0004902735236100852, 0.9992293119430542, 0.002956083510071039, 0.9991633892059326, 0.9990242719650269, 0.9969747066497803, 0.010865510441362858, 0.9842654466629028, 0.0006846872274763882, 0.5902524590492249, 0.9992425441741943, 0.0009530807146802545, 0.993461012840271, 0.9992280006408691, 0.999184787273407, 0.9884705543518066, 0.9974756836891174, 0.9932703375816345, 0.9897595643997192, 0.99517422914505, 0.2942829132080078, 0.3056666851043701, 0.7608937621116638, 0.9992331266403198, 0.9595288634300232, 0.9990092515945435, 0.864311695098877, 0.003742352593690157, 0.9989516735076904, 0.9992297887802124, 0.9589047431945801, 0.9353995323181152, 0.0010905140079557896, 0.010614205151796341, 0.0002656207652762532, 0.9974644184112549, 0.9992454051971436, 0.9170020222663879, 0.001339223119430244, 0.9883682131767273, 0.9992339611053467, 0.999241828918457, 0.02833964116871357, 0.9973147511482239, 0.9945270419120789, 0.9991686344146729, 0.9992450475692749, 0.9684440493583679, 0.9990136623382568, 0.9991312623023987, 0.9992357492446899, 0.06800121068954468, 0.9983695149421692, 0.9865021705627441, 0.9992339611053467, 0.002850862219929695, 0.2803858816623688, 0.9992319345474243, 0.9987335801124573, 0.13113069534301758, 0.0003212667943444103, 0.0005104003939777613, 0.166625514626503, 0.9992142915725708, 0.999146580696106, 0.9362821578979492, 0.9199919700622559, 0.9877836108207703, 0.9946984052658081, 0.942135214805603, 0.0002771491417661309, 0.952599048614502, 0.9990648627281189, 0.0002987284096889198, 0.999237060546875, 0.9989888072013855, 0.1847025454044342, 0.321321040391922, 0.997043788433075, 0.7440856695175171]}, "logits": {"test": [-2.4510538578033447, 2.025864839553833, -0.581929624080658, 3.1239116191864014, 3.1238901615142822, -2.3152830600738525, 3.1228299140930176, 3.123952865600586, -2.3365018367767334, 3.1135823726654053, -1.1829955577850342, -1.7308615446090698, 3.0966079235076904, -0.5851263999938965, -0.7345368266105652, 3.1241674423217773, 3.1246426105499268, 3.124293804168701, -2.5388734340667725, 3.0579910278320312, -1.0092421770095825, 3.124345064163208, -2.1549715995788574, 0.580640435218811, -3.6167774200439453, -3.496344566345215, -0.9186009168624878, -1.8691377639770508, -0.9533208012580872, 1.8657236099243164, -1.4804836511611938, 2.302304267883301, -0.5977155566215515, 2.0632102489471436, -2.7673838138580322, 2.8678536415100098, 3.0731799602508545, 3.1010591983795166, 1.3258613348007202, -2.62388014793396, -3.4626712799072266, 3.1235761642456055, -2.7592148780822754, 3.1031301021575928, 3.051403760910034, 2.6098501682281494, -2.2021374702453613, 1.9162962436676025, -3.3402817249298096, 0.26863494515419006, 3.1243464946746826, -3.214404582977295, 2.2905399799346924, 3.1234071254730225, 3.1108696460723877, 2.0500335693359375, 2.683326244354248, 2.2784571647644043, 2.1006710529327393, 2.4175209999084473, -0.5753075480461121, -0.5501093864440918, 0.6254763007164001, 3.123879909515381, 1.5007914304733276, 3.0459628105163574, 0.9317306280136108, -2.6605417728424072, 3.025587558746338, 3.1236391067504883, 1.4939212799072266, 1.2878336906433105, -3.162076950073242, -2.212415933609009, -3.6625771522521973, 2.6815409660339355, 3.124811887741089, 1.1707290410995483, -3.0812222957611084, 2.0462493896484375, 3.1239173412323, 3.124329090118408, -1.7743767499923706, 2.658322811126709, 2.365084648132324, 3.105081558227539, 3.1246936321258545, 1.611807942390442, 3.0475528240203857, 3.091165542602539, 3.1239235401153564, -1.3673732280731201, 2.8574678897857666, 1.9824057817459106, 3.123896360397339, -2.7742714881896973, -0.6066514253616333, 3.1238346099853516, 2.955090045928955, -0.7453180551528931, -3.606096029281616, -3.4482624530792236, -0.9143493175506592, 3.1203854084014893, 3.0969202518463135, 1.294221043586731, 1.1879870891571045, 2.0252318382263184, 2.3783700466156006, 1.3385951519012451, -3.651057720184326, 1.4295156002044678, 3.0663094520568848, -3.628871202468872, 3.123903512954712, 3.0386242866516113, -0.8572461605072021, -0.5166603326797485, 2.6192691326141357, 0.5850390791893005]}, "acc_test": 0.6, "precision_test": 0.5657894736842105, "recall_test": 0.7413793103448276, "f1_test": 0.6417910447761195, "auc_test": 0.732202447163515, "preds": [0.9992351531982422, 0.9992332458496094, 0.008385615423321724, 0.9992245435714722, 0.9992377758026123, 0.007985486648976803, 0.9991926550865173, 0.9991457462310791, 0.9992417097091675, 0.9992467164993286, 0.9992426633834839, 0.13956615328788757, 0.9992425441741943, 0.022984445095062256, 0.0535661019384861, 0.0028985580429434776, 0.9990832805633545, 0.9405084252357483, 0.9992293119430542, 0.002956083510071039, 0.9991633892059326, 0.9990242719650269, 0.9842654466629028, 0.9992425441741943, 0.0009530807146802545, 0.9992280006408691, 0.9974756836891174, 0.3056666851043701, 0.7608937621116638, 0.9992331266403198, 0.9990092515945435, 0.864311695098877, 0.9989516735076904, 0.9992297887802124, 0.9589047431945801, 0.9992454051971436, 0.001339223119430244, 0.9992339611053467, 0.999241828918457, 0.9973147511482239, 0.9991686344146729, 0.9992450475692749, 0.9684440493583679, 0.9990136623382568, 0.9992357492446899, 0.06800121068954468, 0.9992339611053467, 0.9992319345474243, 0.13113069534301758, 0.0005104003939777613, 0.166625514626503, 0.9992142915725708, 0.999146580696106, 0.952599048614502, 0.999237060546875, 0.321321040391922, 0.997043788433075, 0.7440856695175171]}
