{"name": "likelihood_threshold", "predictions": {"test": [-3.331131935119629, -3.610867500305176, -3.4766416549682617, -3.1826822757720947, -3.6032302379608154, -4.18841028213501, -3.2643301486968994, -2.9638540744781494, -3.3393824100494385, -3.8995652198791504, -2.842109203338623, -2.9435160160064697, -3.027982711791992, -3.2292540073394775, -3.5329830646514893, -3.8047640323638916, -3.169212818145752, -3.4378421306610107, -2.878429412841797, -2.7279934883117676, -3.7375590801239014, -3.197319507598877, -3.6177451610565186, -3.1106767654418945, -3.180211067199707, -3.483752965927124, -2.929892063140869, -2.559431552886963, -3.2105116844177246, -2.9220380783081055, -3.7347378730773926, -3.627936363220215, -3.3274638652801514, -3.0835392475128174, -2.7448976039886475, -2.7186949253082275, -3.0039114952087402, -3.143124580383301, -3.2107489109039307, -3.1511900424957275, -3.3447937965393066, -3.4227569103240967, -2.7003750801086426, -2.7879393100738525, -3.094359874725342, -3.2498979568481445, -2.934906482696533, -3.3101418018341064, -3.443922758102417, -3.249077558517456, -2.7462682723999023, -3.022451877593994, -3.408198833465576, -3.3524255752563477, -3.347658634185791, -3.685779333114624, -2.6615355014801025, -2.7686758041381836, -3.1006019115448, -4.1127190589904785, -3.152865409851074, -3.3229737281799316, -3.446341037750244, -3.1848037242889404, -2.8390016555786133, -2.851383924484253, -3.3996570110321045, -3.340991497039795, -2.676248073577881, -2.8097174167633057, -3.085926055908203, -3.100554943084717, -3.0074398517608643, -2.92744517326355, -3.049240827560425, -2.865732192993164, -3.4468648433685303, -3.4191689491271973, -3.1544241905212402, -3.3712148666381836, -3.0948898792266846, -2.7507050037384033, -3.034019708633423, -3.2380850315093994, -3.3483941555023193, -3.81430721282959, -3.090190887451172, -3.0289437770843506, -3.2240614891052246, -3.1127688884735107, -2.6158838272094727, -2.4685521125793457, -3.2371721267700195, -3.1748201847076416, -2.8246772289276123, -2.653822422027588, -3.560460329055786, -3.721132755279541, -2.9515390396118164, -3.29359769821167, -3.3146064281463623, -3.064150333404541, -2.873366355895996, -3.155567169189453, -3.4134910106658936, -3.1256484985351562, -3.2894179821014404, -3.324493885040283, -3.3560287952423096, -3.236172676086426, -2.6789000034332275, -3.0556509494781494, -2.9502196311950684, -2.9755966663360596, -3.0406699180603027, -3.028151273727417, -3.515631675720215, -3.8252036571502686, -3.399864912033081, -3.477696180343628]}, "general": {"acc_test": 0.48333333333333334, "precision_test": 0.484375, "recall_test": 0.5166666666666667, "f1_test": 0.5000000000000001, "auc_test": 0.5169444444444444}}
{"name": "rank_threshold", "predictions": {"test": [-171.24026489257812, -218.8170623779297, -152.11627197265625, -235.3125, -145.69354248046875, -550.5865478515625, -82.2303695678711, -100.91802978515625, -104.44318389892578, -223.46112060546875, -120.54087829589844, -147.67721557617188, -76.85507202148438, -75.45205688476562, -175.14474487304688, -163.87661743164062, -172.46237182617188, -428.89031982421875, -57.84000015258789, -157.32386779785156, -231.32778930664062, -344.90740966796875, -81.71929931640625, -131.81118774414062, -127.5666732788086, -279.8344421386719, -146.39474487304688, -88.89115142822266, -89.66666412353516, -139.446533203125, -188.31333923339844, -382.59478759765625, -135.94085693359375, -128.6844940185547, -32.05042266845703, -143.3913116455078, -61.26250076293945, -126.49090576171875, -46.39999771118164, -245.87820434570312, -106.45890045166016, -303.8888854980469, -79.77018737792969, -123.97468566894531, -96.95172119140625, -215.74545288085938, -33.917293548583984, -342.2605895996094, -53.36566925048828, -151.30201721191406, -39.953643798828125, -84.07142639160156, -83.51111602783203, -54.80864334106445, -76.49056243896484, -185.1234588623047, -91.20455169677734, -59.90860366821289, -114.5936050415039, -353.5856628417969, -94.79679107666016, -338.190185546875, -161.20834350585938, -127.00609588623047, -61.2011833190918, -107.79267883300781, -119.76505279541016, -134.1241912841797, -23.83333396911621, -254.44586181640625, -68.63975524902344, -122.47333526611328, -29.855173110961914, -167.76087951660156, -122.72831726074219, -205.20730590820312, -264.0714416503906, -257.59375, -89.48295593261719, -187.7663116455078, -95.72093200683594, -39.546051025390625, -82.09580993652344, -89.87574005126953, -65.75325012207031, -306.87249755859375, -130.0361328125, -164.5, -111.76582336425781, -89.24285888671875, -74.02542114257812, -148.44927978515625, -111.4723892211914, -100.55033874511719, -86.17609405517578, -139.7385711669922, -104.36453247070312, -261.664794921875, -50.51829147338867, -309.1190490722656, -69.5089340209961, -62.050724029541016, -40.312103271484375, -92.05594635009766, -162.43275451660156, -94.96470642089844, -97.06857299804688, -147.56082153320312, -122.75155639648438, -169.356689453125, -61.540374755859375, -61.53845977783203, -54.21875, -71.43225860595703, -84.44720458984375, -121.60588836669922, -269.8036804199219, -575.9876098632812, -63.71519088745117, -205.77438354492188]}, "general": {"acc_test": 0.65, "precision_test": 0.6022727272727273, "recall_test": 0.8833333333333333, "f1_test": 0.7162162162162162, "auc_test": 0.7630555555555556}}
{"name": "log_rank_threshold", "predictions": {"test": [-1.9397127628326416, -2.0338428020477295, -1.951207160949707, -1.7360754013061523, -2.035043716430664, -2.412243604660034, -1.7487390041351318, -1.6024430990219116, -1.867757797241211, -2.213407278060913, -1.511696457862854, -1.556084394454956, -1.5793179273605347, -1.7607510089874268, -2.0570201873779297, -2.2551426887512207, -1.7177376747131348, -1.821833848953247, -1.5143959522247314, -1.400146484375, -2.0851798057556152, -1.6615945100784302, -1.9521756172180176, -1.620785117149353, -1.7123881578445435, -1.8776754140853882, -1.5075879096984863, -1.2129688262939453, -1.6951130628585815, -1.5587868690490723, -2.208148241043091, -2.0641634464263916, -1.7787182331085205, -1.660825490951538, -1.420660376548767, -1.2980594635009766, -1.560211420059204, -1.585797667503357, -1.7575386762619019, -1.6418120861053467, -1.8685603141784668, -1.8367359638214111, -1.4087070226669312, -1.3715580701828003, -1.6497554779052734, -1.7334626913070679, -1.5235086679458618, -1.7484071254730225, -1.9060349464416504, -1.6818459033966064, -1.42368483543396, -1.5107784271240234, -1.828304648399353, -1.754647970199585, -1.874150037765503, -2.0148439407348633, -1.3517645597457886, -1.388899564743042, -1.6717172861099243, -2.307927370071411, -1.702779769897461, -1.6993448734283447, -1.9868556261062622, -1.6749334335327148, -1.4599387645721436, -1.4064280986785889, -1.9365215301513672, -1.726657509803772, -1.3477802276611328, -1.4103633165359497, -1.6140707731246948, -1.636112093925476, -1.517203688621521, -1.4486064910888672, -1.633971095085144, -1.462693691253662, -1.9345817565917969, -1.8737419843673706, -1.6719331741333008, -1.8258317708969116, -1.6005115509033203, -1.3430064916610718, -1.5851185321807861, -1.6887171268463135, -1.8202296495437622, -2.155956506729126, -1.5002855062484741, -1.5106306076049805, -1.7529984712600708, -1.6423453092575073, -1.2863144874572754, -1.137257695198059, -1.686296820640564, -1.665698528289795, -1.4760912656784058, -1.3393255472183228, -2.0300991535186768, -2.09210467338562, -1.5677556991577148, -1.7925723791122437, -1.8356796503067017, -1.5216152667999268, -1.4798192977905273, -1.6085350513458252, -1.821924090385437, -1.6404814720153809, -1.7321791648864746, -1.7917579412460327, -1.8247419595718384, -1.7340331077575684, -1.3484050035476685, -1.5653327703475952, -1.5041933059692383, -1.5030066967010498, -1.6202478408813477, -1.6020511388778687, -1.9016698598861694, -2.2126431465148926, -1.8597412109375, -1.8349379301071167]}, "general": {"acc_test": 0.4666666666666667, "precision_test": 0.4666666666666667, "recall_test": 0.4666666666666667, "f1_test": 0.4666666666666667, "auc_test": 0.4752777777777778}}
{"name": "entropy_threshold", "predictions": {"test": [3.619772434234619, 3.930830717086792, 3.4415223598480225, 3.4145572185516357, 3.7373716831207275, 3.8890273571014404, 3.4746336936950684, 3.2291765213012695, 3.56170392036438, 3.839531898498535, 3.241156816482544, 3.31546688079834, 3.2533469200134277, 3.359699249267578, 3.5427370071411133, 3.85227108001709, 3.465620756149292, 3.807250499725342, 3.203244209289551, 3.3206851482391357, 3.8429477214813232, 3.946267604827881, 3.5431530475616455, 3.2134385108947754, 3.0246028900146484, 3.528266668319702, 3.228750228881836, 2.9968161582946777, 3.458876609802246, 3.2061307430267334, 3.767665386199951, 3.791299819946289, 3.3608667850494385, 3.2502710819244385, 3.055298328399658, 3.197566032409668, 3.2733101844787598, 3.421308994293213, 3.398106098175049, 3.4592230319976807, 3.351184844970703, 3.3327584266662598, 2.819838285446167, 2.802168130874634, 3.4855847358703613, 3.696507453918457, 3.1469075679779053, 3.569157838821411, 3.587538957595825, 3.4479165077209473, 3.05812668800354, 3.3963258266448975, 3.5673916339874268, 3.4852309226989746, 3.5856902599334717, 3.6460540294647217, 2.4788742065429688, 2.887233257293701, 3.41207218170166, 4.229419708251953, 3.161883592605591, 3.4590277671813965, 3.624173164367676, 3.5271694660186768, 3.0691518783569336, 3.30265212059021, 3.3308887481689453, 3.3219499588012695, 2.9472036361694336, 3.178894281387329, 3.3804731369018555, 3.523080348968506, 3.311567544937134, 3.2134454250335693, 3.039377212524414, 3.1708760261535645, 3.4754693508148193, 3.6047165393829346, 3.5022664070129395, 3.4474222660064697, 2.96686053276062, 3.2342169284820557, 3.157557725906372, 3.5126945972442627, 3.3979294300079346, 3.7993786334991455, 2.9080166816711426, 2.912135601043701, 3.332270860671997, 3.406130790710449, 2.919785261154175, 2.7599544525146484, 3.092348098754883, 3.293154239654541, 2.7805511951446533, 2.7151429653167725, 3.6199264526367188, 3.722368001937866, 3.281614303588867, 3.5750014781951904, 3.540431499481201, 3.2250869274139404, 3.2071993350982666, 3.6716833114624023, 3.170212507247925, 3.3182661533355713, 3.3938252925872803, 3.5578505992889404, 3.407259225845337, 3.461763381958008, 3.0953543186187744, 3.292348861694336, 3.422508955001831, 3.2560622692108154, 3.3295063972473145, 3.2721877098083496, 3.521292209625244, 3.973037004470825, 3.7054312229156494, 3.587005853652954]}, "general": {"acc_test": 0.5416666666666666, "precision_test": 0.5287356321839081, "recall_test": 0.7666666666666667, "f1_test": 0.6258503401360546, "auc_test": 0.595}}
{"name": "rank_GLTR_threshold", "predictions": {"test": [[0.7012987012987013, 0.12987012987012986, 0.11038961038961038, 0.05844155844155844], [0.676829268292683, 0.12804878048780488, 0.1402439024390244, 0.054878048780487805], [0.6569767441860465, 0.1744186046511628, 0.11627906976744186, 0.05232558139534884], [0.71875, 0.13020833333333334, 0.109375, 0.041666666666666664], [0.6505376344086021, 0.1827956989247312, 0.12365591397849462, 0.043010752688172046], [0.5810055865921788, 0.22905027932960895, 0.10614525139664804, 0.08379888268156424], [0.6963350785340314, 0.17277486910994763, 0.10471204188481675, 0.02617801047120419], [0.726775956284153, 0.14207650273224043, 0.09289617486338798, 0.03825136612021858], [0.6590909090909091, 0.22727272727272727, 0.09659090909090909, 0.017045454545454544], [0.5833333333333334, 0.25555555555555554, 0.12777777777777777, 0.03333333333333333], [0.7421383647798742, 0.16352201257861634, 0.08176100628930817, 0.012578616352201259], [0.7088607594936709, 0.18354430379746836, 0.0759493670886076, 0.03164556962025317], [0.717391304347826, 0.16666666666666666, 0.10144927536231885, 0.014492753623188406], [0.6712328767123288, 0.22602739726027396, 0.0821917808219178, 0.02054794520547945], [0.6447368421052632, 0.1513157894736842, 0.14473684210526316, 0.05921052631578947], [0.6103896103896104, 0.19480519480519481, 0.15584415584415584, 0.03896103896103896], [0.6989247311827957, 0.1935483870967742, 0.08064516129032258, 0.026881720430107527], [0.6838709677419355, 0.1870967741935484, 0.0967741935483871, 0.03225806451612903], [0.7371428571428571, 0.17142857142857143, 0.06857142857142857, 0.022857142857142857], [0.7613636363636364, 0.14204545454545456, 0.07954545454545454, 0.017045454545454544], [0.6277777777777778, 0.20555555555555555, 0.12222222222222222, 0.044444444444444446], [0.7222222222222222, 0.14814814814814814, 0.08641975308641975, 0.043209876543209874], [0.6754385964912281, 0.19298245614035087, 0.12280701754385964, 0.008771929824561403], [0.7622377622377622, 0.15384615384615385, 0.055944055944055944, 0.027972027972027972], [0.6733333333333333, 0.24666666666666667, 0.05333333333333334, 0.02666666666666667], [0.695364238410596, 0.19205298013245034, 0.059602649006622516, 0.052980132450331126], [0.75, 0.14473684210526316, 0.07236842105263158, 0.03289473684210526], [0.8435374149659864, 0.08843537414965986, 0.047619047619047616, 0.02040816326530612], [0.7090909090909091, 0.2, 0.06666666666666667, 0.024242424242424242], [0.7672955974842768, 0.12578616352201258, 0.06289308176100629, 0.0440251572327044], [0.5733333333333334, 0.21333333333333335, 0.14666666666666667, 0.06666666666666667], [0.6666666666666666, 0.13725490196078433, 0.13725490196078433, 0.058823529411764705], [0.6774193548387096, 0.21505376344086022, 0.07526881720430108, 0.03225806451612903], [0.7058823529411765, 0.17647058823529413, 0.09090909090909091, 0.026737967914438502], [0.7310924369747899, 0.20168067226890757, 0.058823529411764705, 0.008403361344537815], [0.8115942028985508, 0.12318840579710146, 0.036231884057971016, 0.028985507246376812], [0.75625, 0.125, 0.10625, 0.0125], [0.7515151515151515, 0.13333333333333333, 0.07878787878787878, 0.03636363636363636], [0.6814814814814815, 0.1925925925925926, 0.11851851851851852, 0.007407407407407408], [0.6987179487179487, 0.23076923076923078, 0.04487179487179487, 0.02564102564102564], [0.6643835616438356, 0.1643835616438356, 0.14383561643835616, 0.0273972602739726], [0.7, 0.18333333333333332, 0.05, 0.06666666666666667], [0.7577639751552795, 0.17391304347826086, 0.049689440993788817, 0.018633540372670808], [0.7721518987341772, 0.13924050632911392, 0.06962025316455696, 0.0189873417721519], [0.6896551724137931, 0.21379310344827587, 0.08275862068965517, 0.013793103448275862], [0.7212121212121212, 0.15151515151515152, 0.09090909090909091, 0.03636363636363636], [0.7142857142857143, 0.21052631578947367, 0.07518796992481203, 0.0], [0.6909090909090909, 0.18787878787878787, 0.07878787878787878, 0.04242424242424243], [0.6268656716417911, 0.2537313432835821, 0.1044776119402985, 0.014925373134328358], [0.738255033557047, 0.1476510067114094, 0.09395973154362416, 0.020134228187919462], [0.7417218543046358, 0.18543046357615894, 0.06622516556291391, 0.006622516556291391], [0.7272727272727273, 0.17532467532467533, 0.08441558441558442, 0.012987012987012988], [0.6611111111111111, 0.2388888888888889, 0.07777777777777778, 0.022222222222222223], [0.654320987654321, 0.2654320987654321, 0.07407407407407407, 0.006172839506172839], [0.6792452830188679, 0.16352201257861634, 0.14465408805031446, 0.012578616352201259], [0.6296296296296297, 0.24074074074074073, 0.09876543209876543, 0.030864197530864196], [0.7784090909090909, 0.11931818181818182, 0.06818181818181818, 0.03409090909090909], [0.7634408602150538, 0.15591397849462366, 0.06989247311827956, 0.010752688172043012], [0.6940639269406392, 0.1872146118721461, 0.1004566210045662, 0.0182648401826484], [0.6022099447513812, 0.2154696132596685, 0.13812154696132597, 0.04419889502762431], [0.7058823529411765, 0.17647058823529413, 0.09090909090909091, 0.026737967914438502], [0.7423312883435583, 0.15950920245398773, 0.06748466257668712, 0.03067484662576687], [0.6547619047619048, 0.18452380952380953, 0.1130952380952381, 0.047619047619047616], [0.7195121951219512, 0.15853658536585366, 0.0975609756097561, 0.024390243902439025], [0.7337278106508875, 0.1834319526627219, 0.07100591715976332, 0.011834319526627219], [0.7560975609756098, 0.15853658536585366, 0.06707317073170732, 0.018292682926829267], [0.6566265060240963, 0.19879518072289157, 0.10843373493975904, 0.03614457831325301], [0.6862745098039216, 0.19607843137254902, 0.08496732026143791, 0.032679738562091505], [0.753968253968254, 0.18253968253968253, 0.06349206349206349, 0.0], [0.7770700636942676, 0.1337579617834395, 0.07643312101910828, 0.012738853503184714], [0.7267080745341615, 0.15527950310559005, 0.09937888198757763, 0.018633540372670808], [0.7533333333333333, 0.15333333333333332, 0.06, 0.03333333333333333], [0.7241379310344828, 0.19310344827586207, 0.08275862068965517, 0.0], [0.782608695652174, 0.13768115942028986, 0.057971014492753624, 0.021739130434782608], [0.7398843930635838, 0.14450867052023122, 0.09248554913294797, 0.023121387283236993], [0.7378048780487805, 0.1951219512195122, 0.036585365853658534, 0.03048780487804878], [0.6818181818181818, 0.18831168831168832, 0.07142857142857142, 0.05844155844155844], [0.7, 0.1625, 0.075, 0.0625], [0.7045454545454546, 0.1875, 0.08522727272727272, 0.022727272727272728], [0.6413043478260869, 0.2391304347826087, 0.09239130434782608, 0.02717391304347826], [0.7325581395348837, 0.1511627906976744, 0.08139534883720931, 0.03488372093023256], [0.7828947368421053, 0.17105263157894737, 0.03289473684210526, 0.013157894736842105], [0.7125748502994012, 0.16167664670658682, 0.11377245508982035, 0.011976047904191617], [0.7337278106508875, 0.15976331360946747, 0.08284023668639054, 0.023668639053254437], [0.6623376623376623, 0.24025974025974026, 0.07792207792207792, 0.01948051948051948], [0.610738255033557, 0.2550335570469799, 0.0738255033557047, 0.06040268456375839], [0.7289156626506024, 0.21686746987951808, 0.030120481927710843, 0.024096385542168676], [0.7642857142857142, 0.15714285714285714, 0.05, 0.02857142857142857], [0.7025316455696202, 0.18354430379746836, 0.08227848101265822, 0.03164556962025317], [0.7357142857142858, 0.15, 0.1, 0.014285714285714285], [0.7711864406779662, 0.1694915254237288, 0.0423728813559322, 0.01694915254237288], [0.8260869565217391, 0.12318840579710146, 0.043478260869565216, 0.007246376811594203], [0.7116564417177914, 0.17791411042944785, 0.09815950920245399, 0.012269938650306749], [0.7114093959731543, 0.1610738255033557, 0.11409395973154363, 0.013422818791946308], [0.7295597484276729, 0.1949685534591195, 0.050314465408805034, 0.025157232704402517], [0.7777777777777778, 0.17647058823529413, 0.013071895424836602, 0.032679738562091505], [0.6206896551724138, 0.21674876847290642, 0.1477832512315271, 0.014778325123152709], [0.6368715083798883, 0.21787709497206703, 0.09497206703910614, 0.05027932960893855], [0.7195121951219512, 0.2073170731707317, 0.054878048780487805, 0.018292682926829267], [0.7321428571428571, 0.13095238095238096, 0.08928571428571429, 0.047619047619047616], [0.6339285714285714, 0.25, 0.10714285714285714, 0.008928571428571428], [0.782608695652174, 0.13768115942028986, 0.06521739130434782, 0.014492753623188406], [0.732484076433121, 0.19745222929936307, 0.05732484076433121, 0.012738853503184714], [0.7482517482517482, 0.17482517482517482, 0.04895104895104895, 0.027972027972027972], [0.7017543859649122, 0.17543859649122806, 0.08187134502923976, 0.04093567251461988], [0.7352941176470589, 0.18823529411764706, 0.058823529411764705, 0.01764705882352941], [0.7028571428571428, 0.18285714285714286, 0.09142857142857143, 0.022857142857142857], [0.6891891891891891, 0.20945945945945946, 0.06756756756756757, 0.033783783783783786], [0.6708074534161491, 0.2236024844720497, 0.08074534161490683, 0.024844720496894408], [0.7261146496815286, 0.1337579617834395, 0.10828025477707007, 0.03184713375796178], [0.7763975155279503, 0.14285714285714285, 0.062111801242236024, 0.018633540372670808], [0.7412587412587412, 0.16783216783216784, 0.07692307692307693, 0.013986013986013986], [0.71875, 0.2, 0.06875, 0.0125], [0.7161290322580646, 0.2, 0.07741935483870968, 0.0064516129032258064], [0.7204968944099379, 0.17391304347826086, 0.08074534161490683, 0.024844720496894408], [0.7470588235294118, 0.1411764705882353, 0.08235294117647059, 0.029411764705882353], [0.6932515337423313, 0.147239263803681, 0.1165644171779141, 0.04294478527607362], [0.6521739130434783, 0.14285714285714285, 0.12422360248447205, 0.08074534161490683], [0.6455696202531646, 0.22784810126582278, 0.11392405063291139, 0.012658227848101266], [0.7012195121951219, 0.21951219512195122, 0.036585365853658534, 0.042682926829268296]]}, "general": {"acc_test": 0.38333333333333336, "precision_test": 0.37037037037037035, "recall_test": 0.3333333333333333, "f1_test": 0.3508771929824561, "auc_test": 0.3759722222222222}}
{"name": "perturbation_10_z", "predictions": {"test": [-0.19294052756915464, 0.11537293922855661, 0.07030955009131647, 0.9970137067866066, 0.27357862882991635, -0.011687228535917887, 0.32511717542789803, 0.9659127007215714, 0.22315115110300696, -0.42780466375302856, 2.3746271466933164, 1.235221234048589, 0.2548803186005913, 0.5907531150393606, 0.2926163547827634, -0.36370374763558216, 0.9089474959919875, 0.3904610093764748, -0.009112691459987414, 1.4612362540296873, 0.4585853603700289, -0.27420006672453123, 0.23763646632925484, 0.7839845826412186, 0.9286023239855957, 0.03922543372189504, 1.0927564249773758, 0.7953352079749373, 0.691331111375421, -0.002101084522540218, -0.20161733966866802, 0.7205311474487247, 0.22723915288787552, 1.4732270637593514, -0.0055616801302293874, 0.7273231013103295, 1.4823096661721813, 0.3269174080013499, 0.38182609959817015, 0.2933499842877639, 0.24326669692255307, 0.1626303588594876, 0.8251946113627633, 1.1838859688388617, 0.5140739880818583, 0.3558988499348186, 1.1901438558077222, 0.3133906131196734, 0.5693506806502582, 0.1978017006327074, 2.033351074798631, 0.1404555345889621, 0.7454807438454617, 0.28278855301340755, 0.44461469317587876, 0.08855156968759459, 0.3280331771822114, 1.1327894926637159, 0.30838973750482523, -0.04431289138458906, 0.03150003755325724, 0.6412603816790332, 0.7485096052797363, 0.7012191613101929, 0.7350298554141804, 0.36143535444870667, 0.256615733979923, 0.12556964591488062, 0.33515020138772844, 0.3139232279374477, 0.08093474856939134, 0.25480057868633416, 0.517714795402632, 0.7670876450214099, 0.9709789316163007, 0.9378722866195289, -0.3309477049097966, 0.4420226685408225, 0.6779985096889075, 0.19767003297520896, 0.045715291066986914, 0.2573937706158198, 0.825294677825544, 0.2560725742629664, 0.08800506894568402, -0.3482050901128563, -0.046581804229389, 0.0319829898798437, 0.5609694488741853, -0.030910923939666043, 0.324164501101861, 0.5365690961682101, 0.04898306369320687, 0.4618846093868991, 0.41409488400683964, 0.7685108954019724, 0.28247890970348083, 0.03392760988382637, 1.0779420849718755, 0.5382854653562361, 0.916157296994414, 0.6034990304153028, 1.4578734061040712, -0.367484243601184, -1.0689376120429108, 0.8862620873542973, 0.25341909014933117, 0.7816118699305398, -0.14807510998918785, 0.3859972605909821, 0.6010388984070709, 0.5225158743154312, 1.2626058806059324, -0.25356463985021144, 1.9788007048455085, 2.564423804839677, 0.2694886845583295, 0.22493116957146625, 0.8752211167950478, 0.6619306805481181]}, "info": {"pct_words_masked": 0.3, "span_length": 2, "n_perturbations": 10}, "general": {"acc_test": 0.49166666666666664, "precision_test": 0.4918032786885246, "recall_test": 0.5, "f1_test": 0.49586776859504134, "auc_test": 0.5313888888888889}}
{"Name": "GPT-sentinel", "acc": 0.8333333333333334}
{"name": "roberta-base-openai-detector", "predictions": {"test": [0.0008752578869462013, 0.0002950234629679471, 0.00019842377514578402, 0.00016931368736550212, 0.00023640364815946668, 0.0005042623379267752, 0.00017462472897022963, 0.00017396642942912877, 0.000426144921220839, 0.0005232709227129817, 0.0003512351249810308, 0.009387609548866749, 0.009204251691699028, 0.7839425802230835, 0.0002291009295731783, 0.005238021723926067, 0.00020422125817276537, 0.00017164844030048698, 0.011059131473302841, 0.11015339195728302, 0.00017298343300353736, 0.001285659265704453, 0.0008152941591106355, 0.00016897404566407204, 0.00017551497148815542, 0.00017197791021317244, 0.00017191954248119146, 0.0009459447464905679, 0.46351805329322815, 0.10202263295650482, 0.0001740731531754136, 0.00017135620873887092, 0.029599474743008614, 0.014850117266178131, 0.8748588562011719, 0.006233598571270704, 0.00822439044713974, 0.17016460001468658, 0.0004652651841752231, 0.04987223073840141, 0.00022627270664088428, 0.00018139768508262932, 0.0001723834138829261, 0.00024352014588657767, 0.00019167880236636847, 0.00017666746862232685, 0.0008039013482630253, 0.002129994099959731, 0.00117508415132761, 0.0002408997534075752, 0.00021394201030489057, 0.0026887180283665657, 0.00017550776829011738, 0.0005498535465449095, 0.013053499162197113, 0.6149560213088989, 0.0001791902323020622, 0.00016929273260757327, 0.00017433291941415519, 0.020309247076511383, 0.6185781955718994, 0.00017821317305788398, 0.0001816704752855003, 0.00018483794701751322, 0.00018930525402538478, 0.0007248105248436332, 0.00018710536824073642, 0.026018371805548668, 0.0002496230008546263, 0.0007172587211243808, 0.00017375641618855298, 0.0019131946610286832, 0.00018159288447350264, 0.0006019151187501848, 0.00046954635763540864, 0.0004839498142246157, 0.0002118277916451916, 0.00017221731832250953, 0.00023893959587439895, 0.00027553830295801163, 0.00022283874568529427, 0.0008293126011267304, 0.00017659150762483478, 0.04508712515234947, 0.0006745924474671483, 0.00017955296789295971, 0.0023686455097049475, 0.00018198619363829494, 0.005156735889613628, 0.00017854552424978465, 0.0003129318938590586, 0.02135397307574749, 0.00022159991203807294, 0.00033660506596788764, 0.0001798915909603238, 0.0002189807710237801, 0.00017248172662220895, 0.0004684352898038924, 0.001960715977475047, 0.00017054268391802907, 0.893687903881073, 0.3960545063018799, 0.7459876537322998, 0.846278965473175, 0.00017242647300008684, 0.00018256128532812, 0.0022268423344939947, 0.002227288205176592, 0.9853838086128235, 0.0005339074996300042, 0.47051316499710083, 0.12674760818481445, 0.0008486939477734268, 0.000439759052824229, 0.00017628935165703297, 0.00023540007532574236, 0.0005013828631490469, 0.00016789733490440995, 0.014766373671591282, 0.00026578822871670127]}, "logits": {"test": [-3.788361072540283, -4.38696813583374, -4.616556644439697, -4.708128929138184, -4.5191731452941895, -4.0815043449401855, -4.689555644989014, -4.695644378662109, -4.199470043182373, -4.077611923217773, -4.29852819442749, -2.501373291015625, -2.5164999961853027, 0.6067016124725342, -4.531843185424805, -2.8039097785949707, -4.611141204833984, -4.709725856781006, -2.4110703468322754, -1.1376153230667114, -4.693903923034668, -3.5890989303588867, -3.838207960128784, -4.714416980743408, -4.696310997009277, -4.705385208129883, -4.705626964569092, -3.750912666320801, -0.13647840917110443, -1.1979446411132812, -4.697443008422852, -4.703958988189697, -1.8788046836853027, -2.254193067550659, 0.9291222095489502, -2.729247570037842, -2.5862741470336914, -0.8630470037460327, -4.143519401550293, -1.5980216264724731, -4.546308994293213, -4.670258045196533, -4.706598281860352, -4.5046706199646, -4.637390613555908, -4.680461406707764, -3.8485565185546875, -3.302039384841919, -3.64121150970459, -4.510349273681641, -4.590850353240967, -3.186537981033325, -4.6937360763549805, -4.048517227172852, -2.3093013763427734, 0.18401360511779785, -4.678815841674805, -4.715237140655518, -4.6965813636779785, -2.058319091796875, 0.1966838389635086, -4.682336807250977, -4.672257900238037, -4.662384986877441, -4.653406620025635, -3.900494337081909, -4.6557817459106445, -1.9483014345169067, -4.503019332885742, -3.908032178878784, -4.699477195739746, -3.3663856983184814, -4.677690505981445, -4.008166313171387, -4.134883403778076, -4.1210174560546875, -4.583717346191406, -4.7010273933410645, -4.515981197357178, -4.4337382316589355, -4.5573835372924805, -3.821125030517578, -4.693122386932373, -1.6568278074264526, -3.928368330001831, -4.678645610809326, -3.2614896297454834, -4.668490409851074, -2.8076412677764893, -4.677560806274414, -4.362139701843262, -2.0527307987213135, -4.560262203216553, -4.321429252624512, -4.6824517250061035, -4.5668721199035645, -4.706335067749023, -4.143941402435303, -3.3697104454040527, -4.710608005523682, 1.0327144861221313, -0.27711355686187744, 0.4988346993923187, 0.8156725764274597, -4.703413963317871, -4.670619010925293, -3.2803468704223633, -3.2914905548095703, 2.1647543907165527, -4.062135219573975, -0.11973287165164948, -1.0481609106063843, -3.8217012882232666, -4.182378768920898, -4.6919264793396, -4.516098499298096, -4.102531909942627, -4.717751502990723, -2.2658004760742188, -4.455366611480713]}, "general": {"acc_test": 0.5166666666666667, "precision_test": 0.625, "recall_test": 0.08333333333333333, "f1_test": 0.14705882352941174, "auc_test": 0.4655555555555556, "preds": [0.0008752578869462013, 0.00019842377514578402, 0.00023640364815946668, 0.00017462472897022963, 0.000426144921220839, 0.0003512351249810308, 0.009204251691699028, 0.0002291009295731783, 0.00020422125817276537, 0.011059131473302841, 0.00017298343300353736, 0.0008152941591106355, 0.00017551497148815542, 0.00017191954248119146, 0.46351805329322815, 0.0001740731531754136, 0.029599474743008614, 0.8748588562011719, 0.00822439044713974, 0.0004652651841752231, 0.00022627270664088428, 0.0001723834138829261, 0.00019167880236636847, 0.0008039013482630253, 0.00117508415132761, 0.00021394201030489057, 0.00017550776829011738, 0.013053499162197113, 0.0001791902323020622, 0.00017433291941415519, 0.6185781955718994, 0.0001816704752855003, 0.00018930525402538478, 0.00018710536824073642, 0.0002496230008546263, 0.00017375641618855298, 0.00018159288447350264, 0.00046954635763540864, 0.0002118277916451916, 0.00023893959587439895, 0.00022283874568529427, 0.00017659150762483478, 0.0006745924474671483, 0.0023686455097049475, 0.005156735889613628, 0.0003129318938590586, 0.00022159991203807294, 0.0001798915909603238, 0.00017248172662220895, 0.001960715977475047, 0.893687903881073, 0.7459876537322998, 0.00017242647300008684, 0.0022268423344939947, 0.9853838086128235, 0.47051316499710083, 0.0008486939477734268, 0.00017628935165703297, 0.0005013828631490469, 0.014766373671591282]}}
{"name": "Hello-SimpleAI/chatgpt-detector-roberta", "predictions": {"test": [0.015266993083059788, 0.003373952815309167, 0.0004049174312967807, 0.0037386708427220583, 0.0008968512993305922, 0.0013197577791288495, 0.006175751332193613, 0.3147823214530945, 0.002219465561211109, 0.00031857125577516854, 0.884179949760437, 0.017998497933149338, 0.24808672070503235, 0.048677992075681686, 0.0007643678109161556, 0.0003942338516935706, 0.11985433101654053, 0.14354203641414642, 0.0032160943374037743, 0.06694263219833374, 0.0011249224189668894, 0.2961009442806244, 0.00788765400648117, 0.990143895149231, 0.0005238992744125426, 0.0006805001758038998, 0.002407900057733059, 0.051089461892843246, 0.15953008830547333, 0.44955307245254517, 0.00041062867967411876, 0.04754111170768738, 0.00191521889064461, 0.2875921428203583, 0.27127179503440857, 0.11745363473892212, 0.036314234137535095, 0.10417945683002472, 0.048137493431568146, 0.9898180365562439, 0.01824021525681019, 0.014316904358565807, 0.030661089345812798, 0.059577733278274536, 0.1308232992887497, 0.014593689702451229, 0.9331257343292236, 0.9390746355056763, 0.0004672946233768016, 0.06972910463809967, 0.9420075416564941, 0.9930712580680847, 0.3083582818508148, 0.9021484851837158, 0.039116647094488144, 0.07030929625034332, 0.003446814836934209, 0.138352632522583, 0.022913238033652306, 0.0007813582778908312, 0.8442433476448059, 0.00027802909607999027, 0.0004956535412929952, 0.04525647684931755, 0.0006843963637948036, 0.05645149573683739, 0.04002368077635765, 0.8642202019691467, 0.001019520335830748, 0.05228765681385994, 0.007062146905809641, 0.0035048688296228647, 0.015448887832462788, 0.2961519956588745, 0.17938445508480072, 0.968285322189331, 0.31404879689216614, 0.006709489040076733, 0.0017872218741104007, 0.008850098587572575, 0.016534749418497086, 0.12297175824642181, 0.0008257471490651369, 0.0014487787848338485, 0.0019914337899535894, 0.0010870543774217367, 0.29887813329696655, 0.8943161964416504, 0.15855778753757477, 0.3027280867099762, 0.0005732558784075081, 0.0010770880617201328, 0.009119663387537003, 0.00921519286930561, 0.04076090455055237, 0.9052544236183167, 0.0003494084521662444, 0.30640289187431335, 0.0004224466683808714, 0.0003310573229100555, 0.0014490154571831226, 0.29011255502700806, 0.3404221534729004, 0.9519271850585938, 0.2647426128387451, 0.02071872353553772, 0.25461557507514954, 0.04842656850814819, 0.000279455678537488, 0.0011864021653309464, 0.001972112338989973, 0.00034094968577846885, 0.33486297726631165, 0.9841984510421753, 0.0044587645679712296, 0.32731714844703674, 0.0003701331152115017, 0.0009185900562442839, 0.21749909222126007, 0.014104441739618778]}, "logits": {"test": [-2.0520718097686768, -2.704028367996216, -3.5294761657714844, -2.660949230194092, -3.2378320693969727, -3.087015151977539, -2.447474956512451, -0.53045654296875, -2.8775084018707275, -3.6087806224823, 1.0103555917739868, -1.9787936210632324, -0.684057354927063, -1.525321364402771, -3.298820734024048, -3.5385782718658447, -1.0880602598190308, -0.9944543838500977, -2.7240707874298096, -1.374862551689148, -3.149928092956543, -0.5712088942527771, -2.341850996017456, 2.116960287094116, -3.4388606548309326, -3.3425793647766113, -2.844064474105835, -1.5027137994766235, -0.9380483031272888, 0.0128928292542696, -3.524686336517334, -1.5363585948944092, -2.937640905380249, -0.5902159214019775, -0.6279672384262085, -1.0983805656433105, -1.6610809564590454, -1.1532186269760132, -1.530539631843567, 2.10310435295105, -1.9728424549102783, -2.0805790424346924, -1.7385385036468506, -1.4303265810012817, -1.0429927110671997, -2.0720789432525635, 1.2718335390090942, 1.314887285232544, -3.479707717895508, -1.355336308479309, 1.3374788761138916, 2.26619291305542, -0.5443766117095947, 1.092122197151184, -1.6268361806869507, -1.351373553276062, -2.6950860023498535, -1.013831615447998, -1.870535135269165, -3.2904882431030273, 0.8610379695892334, -3.650161027908325, -3.458773374557495, -1.5593072175979614, -3.3404407501220703, -1.4557760953903198, -1.6162545680999756, 0.9312838315963745, -3.1882987022399902, -1.491845726966858, -2.389695882797241, -2.6880853176116943, -2.046823024749756, -0.5711274147033691, -0.8737021088600159, 1.6095895767211914, -0.5327461361885071, -2.411797523498535, -2.9656600952148438, -2.29182505607605, -2.016622543334961, -1.0749266147613525, -3.2694649696350098, -3.0499508380889893, -2.92177414894104, -3.1633167266845703, -0.5649945735931396, 1.0550471544265747, -0.9413529634475708, -0.5568530559539795, -3.4061076641082764, -3.166914701461792, -2.2787556648254395, -2.274200916290283, -1.6078336238861084, 1.1077593564987183, -3.5789010524749756, -0.5485316514968872, -3.5149312019348145, -3.596468687057495, -3.0498850345611572, -0.5846738815307617, -0.4774334728717804, 1.4231514930725098, -0.6431901454925537, -1.915807843208313, -0.6675240397453308, -1.5277470350265503, -3.6487057209014893, -3.129056215286255, -2.9257383346557617, -3.5869195461273193, -0.4888482689857483, 1.9144550561904907, -2.5865607261657715, -0.5041486024856567, -3.5598151683807373, -3.228624105453491, -0.7632651329040527, -2.0871822834014893]}, "general": {"acc_test": 0.44166666666666665, "precision_test": 0.26666666666666666, "recall_test": 0.06666666666666667, "f1_test": 0.10666666666666667, "auc_test": 0.38388888888888884, "preds": [0.015266993083059788, 0.0004049174312967807, 0.0008968512993305922, 0.006175751332193613, 0.002219465561211109, 0.884179949760437, 0.24808672070503235, 0.0007643678109161556, 0.11985433101654053, 0.0032160943374037743, 0.0011249224189668894, 0.00788765400648117, 0.0005238992744125426, 0.002407900057733059, 0.15953008830547333, 0.00041062867967411876, 0.00191521889064461, 0.27127179503440857, 0.036314234137535095, 0.048137493431568146, 0.01824021525681019, 0.030661089345812798, 0.1308232992887497, 0.9331257343292236, 0.0004672946233768016, 0.9420075416564941, 0.3083582818508148, 0.039116647094488144, 0.003446814836934209, 0.022913238033652306, 0.8442433476448059, 0.0004956535412929952, 0.0006843963637948036, 0.04002368077635765, 0.001019520335830748, 0.007062146905809641, 0.015448887832462788, 0.17938445508480072, 0.31404879689216614, 0.0017872218741104007, 0.016534749418497086, 0.0008257471490651369, 0.0019914337899535894, 0.29887813329696655, 0.15855778753757477, 0.0005732558784075081, 0.009119663387537003, 0.04076090455055237, 0.0003494084521662444, 0.0004224466683808714, 0.0014490154571831226, 0.3404221534729004, 0.2647426128387451, 0.25461557507514954, 0.000279455678537488, 0.001972112338989973, 0.33486297726631165, 0.0044587645679712296, 0.0003701331152115017, 0.21749909222126007]}}
