{"name": "likelihood_threshold", "predictions": {"test": [-2.040914535522461, -2.901235580444336, -2.5058610439300537, -3.4256863594055176, -2.5007431507110596, -2.6946871280670166, -3.1841890811920166, -3.0872323513031006, -1.9147295951843262, -3.266475200653076, -1.8767043352127075, -2.4213778972625732, -2.339132308959961, -3.241570234298706, -2.3519887924194336, -2.9959707260131836, -2.027639389038086, -3.162978410720825, -2.125450372695923, -2.5882599353790283, -2.88389253616333, -2.7059621810913086, -0.8623782396316528, -2.5462939739227295, -3.590430974960327, -3.2057912349700928, -2.2651727199554443, -2.4503414630889893, -2.432988405227661, -2.499350070953369, -3.345688819885254, -3.1216723918914795, -2.022440195083618, -2.583090305328369, -2.091463327407837, -2.5504798889160156, -2.4522876739501953, -4.089223861694336, -2.276989698410034, -2.871389150619507, -1.9201587438583374, -2.9537031650543213, -1.814741611480713, -3.6202027797698975, -2.39117431640625, -2.73970627784729, -1.855143427848816, -2.9089183807373047, -2.914802312850952, -3.3024888038635254, -3.315427303314209, -2.9560577869415283, -2.1137187480926514, -2.472611904144287, -2.81020188331604, -3.234663486480713, -1.4411365985870361, -2.5240719318389893, -2.5095691680908203, -2.744154214859009, -2.7371997833251953, -3.5177793502807617, -3.496633768081665, -3.4235894680023193, -3.632734537124634, -3.461000919342041, -1.505628228187561, -2.3941195011138916, -2.255605697631836, -2.732883930206299, -1.5315288305282593, -2.693214178085327, -1.6339218616485596, -2.282691240310669, -2.142117977142334, -2.990454912185669, -2.637336254119873, -2.310181140899658, -1.9386329650878906, -2.54830002784729, -2.382077217102051, -3.2268483638763428, -1.8404045104980469, -3.5178568363189697, -2.5247840881347656, -3.0663585662841797, -2.4868810176849365, -2.5573008060455322, -2.3539912700653076, -3.3523075580596924, -1.7800616025924683, -2.754309892654419, -3.5268824100494385, -3.4589507579803467, -1.8072290420532227, -3.037794351577759, -2.3226945400238037, -3.0779058933258057, -2.9631266593933105, -4.363192081451416, -2.834228992462158, -2.737388849258423, -2.014176845550537, -3.2481281757354736, -2.7070109844207764, -2.920642375946045, -3.5880627632141113, -4.330782890319824, -1.907870888710022, -2.8777997493743896, -2.8738512992858887, -2.7845382690429688, -1.8318519592285156, -5.5628557205200195, -2.3296871185302734, -2.9170119762420654, -2.6773014068603516, -2.6096575260162354, -3.401209592819214, -3.065021276473999]}, "general": {"acc_test": 0.5833333333333334, "precision_test": 0.5531914893617021, "recall_test": 0.8666666666666667, "f1_test": 0.6753246753246753, "auc_test": 0.7933333333333332}}
{"name": "rank_threshold", "predictions": {"test": [-25.98000144958496, -47.913978576660156, -37.40876007080078, -91.06000518798828, -104.38805389404297, -55.38888931274414, -51.08064270019531, -109.29007720947266, -12.243590354919434, -86.7874984741211, -8.333333969116211, -89.51851654052734, -400.2644348144531, -374.2069091796875, -67.113037109375, -142.17391967773438, -84.81879425048828, -118.64788818359375, -61.598541259765625, -51.57965850830078, -87.36666870117188, -63.62010955810547, -80.96000671386719, -86.32994842529297, -332.4810791015625, -312.9085998535156, -61.03007507324219, -57.49895095825195, -87.817138671875, -72.15681457519531, -259.32000732421875, -98.46012115478516, -9.67391300201416, -31.74444580078125, -22.891088485717773, -30.11640167236328, -19.428571701049805, -465.8531799316406, -168.6732635498047, -36.1298713684082, -45.051612854003906, -104.45255279541016, -36.19047546386719, -327.4659729003906, -132.24346923828125, -67.76729583740234, -6.776397705078125, -91.52984619140625, -88.20635223388672, -202.3729705810547, -85.10400390625, -62.47019958496094, -25.632001876831055, -118.671875, -96.33333587646484, -89.09916687011719, -59.50819396972656, -57.24561309814453, -221.92086791992188, -91.8058853149414, -86.4380111694336, -104.24832153320312, -158.51266479492188, -238.4514617919922, -174.05426025390625, -116.8933334350586, -3.238410711288452, -22.51369857788086, -273.6031799316406, -44.53741455078125, -9.580644607543945, -41.006134033203125, -13.744000434875488, -46.123077392578125, -40.49580001831055, -42.64462661743164, -36.832000732421875, -17.10714340209961, -33.344085693359375, -52.57143020629883, -16.94444465637207, -145.08209228515625, -7.3828125, -265.5403747558594, -31.24761962890625, -55.54255294799805, -82.99275207519531, -128.77256774902344, -25.59503936767578, -53.363014221191406, -21.270000457763672, -46.855072021484375, -115.67256927490234, -291.6500244140625, -99.6021499633789, -269.244873046875, -160.90476989746094, -77.34269714355469, -50.529415130615234, -298.7364196777344, -88.04838562011719, -162.0449981689453, -9.631579399108887, -49.178951263427734, -32.71794891357422, -32.717105865478516, -288.2291564941406, -415.8465881347656, -27.056074142456055, -89.76654815673828, -83.5314712524414, -73.01087188720703, -12.064516067504883, -390.33544921875, -383.1969909667969, -71.84000396728516, -110.3277359008789, -58.151634216308594, -264.0243835449219, -132.36666870117188]}, "general": {"acc_test": 0.525, "precision_test": 0.5151515151515151, "recall_test": 0.85, "f1_test": 0.6415094339622641, "auc_test": 0.6366666666666666}}
{"name": "log_rank_threshold", "predictions": {"test": [-0.9484389424324036, -1.463025689125061, -1.2235525846481323, -1.8706636428833008, -1.2008092403411865, -1.274878740310669, -1.6682775020599365, -1.5481672286987305, -0.7473580241203308, -1.6332000494003296, -0.7634127736091614, -1.1135995388031006, -1.2421640157699585, -1.8383595943450928, -1.0774520635604858, -1.5744869709014893, -0.9294605851173401, -1.6665130853652954, -1.133331537246704, -1.3705151081085205, -1.4823721647262573, -1.3515924215316772, -0.3927241563796997, -1.2682832479476929, -1.9391921758651733, -1.6508833169937134, -1.1187974214553833, -1.2082209587097168, -1.121699333190918, -1.1969159841537476, -1.8100539445877075, -1.6557778120040894, -0.8313326239585876, -1.296743631362915, -0.8880733847618103, -1.2071385383605957, -1.1843894720077515, -2.3041694164276123, -1.0323612689971924, -1.4323909282684326, -0.8051332831382751, -1.499106526374817, -0.8361642956733704, -2.0646584033966064, -1.1235138177871704, -1.331017255783081, -0.7574282288551331, -1.488997459411621, -1.4795160293579102, -1.7406330108642578, -1.75788414478302, -1.4493024349212646, -0.8924294710159302, -1.145146131515503, -1.3860501050949097, -1.7000844478607178, -0.543388843536377, -1.1894018650054932, -1.227563738822937, -1.374381422996521, -1.3405286073684692, -2.025010824203491, -1.9957427978515625, -1.9151585102081299, -1.962188720703125, -1.8873132467269897, -0.5298862457275391, -1.1010271310806274, -0.9363034963607788, -1.4173043966293335, -0.5516535639762878, -1.3166651725769043, -0.7225778698921204, -1.0678359270095825, -0.9136475324630737, -1.5355198383331299, -1.193672776222229, -1.0632284879684448, -0.7752448320388794, -1.2403082847595215, -1.0468207597732544, -1.7140480279922485, -0.7231109738349915, -1.875511646270752, -1.1188490390777588, -1.5578182935714722, -1.2704534530639648, -1.2504314184188843, -1.056881070137024, -1.7690818309783936, -0.7151866555213928, -1.346914291381836, -1.9158298969268799, -1.8622934818267822, -0.8177006244659424, -1.6104519367218018, -1.0479940176010132, -1.5899118185043335, -1.577429175376892, -2.5038697719573975, -1.4076323509216309, -1.3605296611785889, -0.8079723715782166, -1.690517783164978, -1.3044297695159912, -1.4366642236709595, -1.973430871963501, -2.430169105529785, -0.7972075343132019, -1.48658287525177, -1.3669919967651367, -1.446891188621521, -0.6980440020561218, -3.3446741104125977, -1.2470009326934814, -1.5024865865707397, -1.2998424768447876, -1.3105398416519165, -1.8231929540634155, -1.5726048946380615]}, "general": {"acc_test": 0.575, "precision_test": 0.5473684210526316, "recall_test": 0.8666666666666667, "f1_test": 0.6709677419354839, "auc_test": 0.7922222222222224}}
{"name": "entropy_threshold", "predictions": {"test": [2.7070858478546143, 2.941471815109253, 3.0237555503845215, 3.5452373027801514, 3.098104238510132, 3.4336929321289062, 3.549593925476074, 3.2404143810272217, 3.046172618865967, 3.7703278064727783, 2.9622459411621094, 3.1068782806396484, 2.9495015144348145, 4.09326171875, 3.3122646808624268, 3.796841621398926, 2.874880313873291, 3.253284215927124, 2.22326397895813, 2.9154229164123535, 2.992021322250366, 3.3323042392730713, 1.2726342678070068, 3.202305555343628, 3.6062235832214355, 3.351210117340088, 2.9028403759002686, 3.0952322483062744, 3.2989861965179443, 3.166870355606079, 3.329655170440674, 3.3724827766418457, 3.0899765491485596, 3.251132011413574, 2.92232084274292, 2.966627359390259, 2.707843542098999, 4.049739360809326, 3.1355412006378174, 3.2293448448181152, 2.923715114593506, 3.212555170059204, 2.45078706741333, 3.9882447719573975, 3.2522099018096924, 3.314486026763916, 2.8254952430725098, 3.3389832973480225, 3.168339729309082, 3.4525060653686523, 3.387704849243164, 3.282322406768799, 3.088594913482666, 3.3466453552246094, 3.4057891368865967, 3.316046953201294, 2.106257915496826, 2.9492249488830566, 2.9511117935180664, 2.98569655418396, 3.5158851146698, 3.5348896980285645, 3.716883897781372, 3.7492570877075195, 3.390637159347534, 3.719271421432495, 2.4221861362457275, 2.8591597080230713, 3.120577335357666, 3.040252923965454, 2.5213241577148438, 3.3995344638824463, 2.180030584335327, 2.6057610511779785, 2.907682180404663, 3.0876543521881104, 3.5118727684020996, 3.0382325649261475, 3.0455098152160645, 3.107374429702759, 3.2046282291412354, 3.4384241104125977, 2.9603896141052246, 3.485990047454834, 3.4177308082580566, 3.5908772945404053, 2.920469045639038, 2.974473237991333, 3.199099540710449, 3.8565080165863037, 2.855668783187866, 2.9966182708740234, 3.651003837585449, 3.6703832149505615, 2.4068126678466797, 3.136831760406494, 3.0560519695281982, 3.3323676586151123, 3.3998451232910156, 4.573663711547852, 3.462455987930298, 3.37375545501709, 3.0358004570007324, 3.318808078765869, 2.8146474361419678, 3.2274062633514404, 3.565342903137207, 4.326934814453125, 2.6858553886413574, 3.0822558403015137, 3.5537471771240234, 3.226473569869995, 2.9092936515808105, 4.69887113571167, 3.2039542198181152, 3.3282008171081543, 3.261028528213501, 3.101083517074585, 3.5362329483032227, 3.3715903759002686]}, "general": {"acc_test": 0.5666666666666667, "precision_test": 0.5408163265306123, "recall_test": 0.8833333333333333, "f1_test": 0.6708860759493671, "auc_test": 0.7044444444444444}}
{"name": "rank_GLTR_threshold", "predictions": {"test": [[0.86, 0.12, 0.013333333333333334, 0.006666666666666667], [0.7526881720430108, 0.15591397849462366, 0.08064516129032258, 0.010752688172043012], [0.8175182481751825, 0.11678832116788321, 0.051094890510948905, 0.014598540145985401], [0.6466666666666666, 0.23333333333333334, 0.1, 0.02], [0.8134328358208955, 0.11940298507462686, 0.04477611940298507, 0.022388059701492536], [0.7638888888888888, 0.1875, 0.034722222222222224, 0.013888888888888888], [0.7258064516129032, 0.18548387096774194, 0.07258064516129033, 0.016129032258064516], [0.7633587786259542, 0.1450381679389313, 0.06870229007633588, 0.022900763358778626], [0.9230769230769231, 0.0641025641025641, 0.00641025641025641, 0.00641025641025641], [0.725, 0.18125, 0.05625, 0.0375], [0.8888888888888888, 0.07936507936507936, 0.031746031746031744, 0.0], [0.8333333333333334, 0.12037037037037036, 0.032407407407407406, 0.013888888888888888], [0.7768595041322314, 0.15702479338842976, 0.024793388429752067, 0.04132231404958678], [0.6982758620689655, 0.10344827586206896, 0.13793103448275862, 0.0603448275862069], [0.8173913043478261, 0.14782608695652175, 0.02608695652173913, 0.008695652173913044], [0.7453416149068323, 0.15527950310559005, 0.07453416149068323, 0.024844720496894408], [0.8791946308724832, 0.09395973154362416, 0.020134228187919462, 0.006711409395973154], [0.704225352112676, 0.19718309859154928, 0.06572769953051644, 0.03286384976525822], [0.8248175182481752, 0.08759124087591241, 0.08029197080291971, 0.0072992700729927005], [0.7762711864406779, 0.13559322033898305, 0.08135593220338982, 0.006779661016949152], [0.75, 0.14166666666666666, 0.08333333333333333, 0.025], [0.7653631284916201, 0.1340782122905028, 0.08379888268156424, 0.01675977653631285], [0.944, 0.024, 0.016, 0.016], [0.8223350253807107, 0.1116751269035533, 0.05583756345177665, 0.01015228426395939], [0.6810810810810811, 0.16216216216216217, 0.11351351351351352, 0.043243243243243246], [0.7258064516129032, 0.15053763440860216, 0.08064516129032258, 0.043010752688172046], [0.8195488721804511, 0.11278195488721804, 0.05263157894736842, 0.015037593984962405], [0.7840670859538784, 0.1509433962264151, 0.05241090146750524, 0.012578616352201259], [0.8342857142857143, 0.10285714285714286, 0.045714285714285714, 0.017142857142857144], [0.7969151670951157, 0.15938303341902313, 0.02570694087403599, 0.017994858611825194], [0.688, 0.176, 0.112, 0.024], [0.7361963190184049, 0.1656441717791411, 0.07975460122699386, 0.018404907975460124], [0.8840579710144928, 0.08695652173913043, 0.028985507246376812, 0.0], [0.7666666666666667, 0.17777777777777778, 0.05555555555555555, 0.0], [0.8514851485148515, 0.12871287128712872, 0.019801980198019802, 0.0], [0.8042328042328042, 0.14285714285714285, 0.042328042328042326, 0.010582010582010581], [0.8214285714285714, 0.13392857142857142, 0.044642857142857144, 0.0], [0.6146788990825688, 0.1834862385321101, 0.12844036697247707, 0.07339449541284404], [0.8217821782178217, 0.13861386138613863, 0.0297029702970297, 0.009900990099009901], [0.7662337662337663, 0.16233766233766234, 0.06493506493506493, 0.006493506493506494], [0.8838709677419355, 0.10967741935483871, 0.0, 0.0064516129032258064], [0.7445255474452555, 0.1678832116788321, 0.06569343065693431, 0.021897810218978103], [0.8809523809523809, 0.08928571428571429, 0.023809523809523808, 0.005952380952380952], [0.6230366492146597, 0.18848167539267016, 0.13612565445026178, 0.05235602094240838], [0.8608695652173913, 0.09565217391304348, 0.017391304347826087, 0.02608695652173913], [0.7861635220125787, 0.1509433962264151, 0.0440251572327044, 0.018867924528301886], [0.8819875776397516, 0.11180124223602485, 0.006211180124223602, 0.0], [0.746268656716418, 0.17164179104477612, 0.06716417910447761, 0.014925373134328358], [0.746031746031746, 0.16666666666666666, 0.05555555555555555, 0.031746031746031744], [0.6972972972972973, 0.17297297297297298, 0.10810810810810811, 0.021621621621621623], [0.68, 0.224, 0.072, 0.024], [0.7748344370860927, 0.152317880794702, 0.059602649006622516, 0.013245033112582781], [0.896, 0.072, 0.024, 0.008], [0.7864583333333334, 0.17708333333333334, 0.026041666666666668, 0.010416666666666666], [0.7575757575757576, 0.18181818181818182, 0.030303030303030304, 0.030303030303030304], [0.7024793388429752, 0.2231404958677686, 0.049586776859504134, 0.024793388429752067], [0.9426229508196722, 0.02459016393442623, 0.02459016393442623, 0.00819672131147541], [0.8245614035087719, 0.10526315789473684, 0.04678362573099415, 0.023391812865497075], [0.7985611510791367, 0.14388489208633093, 0.050359712230215826, 0.007194244604316547], [0.7823529411764706, 0.13529411764705881, 0.07058823529411765, 0.011764705882352941], [0.7851239669421488, 0.1487603305785124, 0.04132231404958678, 0.024793388429752067], [0.6442953020134228, 0.2080536912751678, 0.11409395973154363, 0.03355704697986577], [0.6645569620253164, 0.14556962025316456, 0.13924050632911392, 0.05063291139240506], [0.6708860759493671, 0.16033755274261605, 0.10970464135021098, 0.05907172995780591], [0.6666666666666666, 0.20930232558139536, 0.10852713178294573, 0.015503875968992248], [0.6666666666666666, 0.19333333333333333, 0.12666666666666668, 0.013333333333333334], [0.9337748344370861, 0.06622516556291391, 0.0, 0.0], [0.8013698630136986, 0.15753424657534246, 0.03424657534246575, 0.00684931506849315], [0.873015873015873, 0.1111111111111111, 0.007936507936507936, 0.007936507936507936], [0.7551020408163265, 0.16326530612244897, 0.06802721088435375, 0.013605442176870748], [0.9290322580645162, 0.05161290322580645, 0.01935483870967742, 0.0], [0.7975460122699386, 0.12883435582822086, 0.06748466257668712, 0.006134969325153374], [0.92, 0.048, 0.032, 0.0], [0.8384615384615385, 0.11538461538461539, 0.038461538461538464, 0.007692307692307693], [0.8907563025210085, 0.06722689075630252, 0.025210084033613446, 0.01680672268907563], [0.7603305785123967, 0.15702479338842976, 0.0743801652892562, 0.008264462809917356], [0.84, 0.104, 0.048, 0.008], [0.7916666666666666, 0.17857142857142858, 0.02976190476190476, 0.0], [0.9139784946236559, 0.053763440860215055, 0.021505376344086023, 0.010752688172043012], [0.8142857142857143, 0.12142857142857143, 0.05, 0.014285714285714285], [0.8333333333333334, 0.12698412698412698, 0.03968253968253968, 0.0], [0.7238805970149254, 0.16417910447761194, 0.08208955223880597, 0.029850746268656716], [0.8984375, 0.0859375, 0.015625, 0.0], [0.6832298136645962, 0.18012422360248448, 0.06832298136645963, 0.06832298136645963], [0.8380952380952381, 0.12380952380952381, 0.02857142857142857, 0.009523809523809525], [0.723404255319149, 0.2127659574468085, 0.05319148936170213, 0.010638297872340425], [0.7753623188405797, 0.15217391304347827, 0.06521739130434782, 0.007246376811594203], [0.7725631768953068, 0.1624548736462094, 0.05054151624548736, 0.01444043321299639], [0.859504132231405, 0.09090909090909091, 0.04132231404958678, 0.008264462809917356], [0.6986301369863014, 0.15753424657534246, 0.136986301369863, 0.00684931506849315], [0.92, 0.07, 0.0, 0.01], [0.7536231884057971, 0.15217391304347827, 0.08695652173913043, 0.007246376811594203], [0.6548672566371682, 0.22123893805309736, 0.09734513274336283, 0.02654867256637168], [0.6916666666666667, 0.15833333333333333, 0.11666666666666667, 0.03333333333333333], [0.8548387096774194, 0.11827956989247312, 0.016129032258064516, 0.010752688172043012], [0.7142857142857143, 0.1836734693877551, 0.06938775510204082, 0.0326530612244898], [0.9047619047619048, 0.07142857142857142, 0.007936507936507936, 0.015873015873015872], [0.7303370786516854, 0.15168539325842698, 0.09550561797752809, 0.02247191011235955], [0.7226890756302521, 0.18487394957983194, 0.08403361344537816, 0.008403361344537815], [0.5813953488372093, 0.20155038759689922, 0.14728682170542637, 0.06976744186046512], [0.7419354838709677, 0.1693548387096774, 0.06451612903225806, 0.024193548387096774], [0.795, 0.14, 0.045, 0.02], [0.9385964912280702, 0.043859649122807015, 0.017543859649122806, 0.0], [0.7052631578947368, 0.21052631578947367, 0.07368421052631578, 0.010526315789473684], [0.7606837606837606, 0.15384615384615385, 0.08547008547008547, 0.0], [0.7302631578947368, 0.18421052631578946, 0.08552631578947369, 0.0], [0.6736111111111112, 0.1597222222222222, 0.125, 0.041666666666666664], [0.5681818181818182, 0.24431818181818182, 0.11931818181818182, 0.06818181818181818], [0.897196261682243, 0.07476635514018691, 0.018691588785046728, 0.009345794392523364], [0.7665505226480837, 0.13937282229965156, 0.07317073170731707, 0.020905923344947737], [0.7692307692307693, 0.17482517482517482, 0.04195804195804196, 0.013986013986013986], [0.7717391304347826, 0.14130434782608695, 0.07608695652173914, 0.010869565217391304], [0.946236559139785, 0.043010752688172046, 0.010752688172043012, 0.0], [0.3924050632911392, 0.24050632911392406, 0.27848101265822783, 0.08860759493670886], [0.8106060606060606, 0.07575757575757576, 0.07575757575757576, 0.03787878787878788], [0.7466666666666667, 0.14666666666666667, 0.08, 0.02666666666666667], [0.7899159663865546, 0.13445378151260504, 0.05042016806722689, 0.025210084033613446], [0.7909836065573771, 0.14344262295081966, 0.05737704918032787, 0.00819672131147541], [0.6910569105691057, 0.16260162601626016, 0.0975609756097561, 0.04878048780487805], [0.719047619047619, 0.16666666666666666, 0.08095238095238096, 0.03333333333333333]]}, "general": {"acc_test": 0.5916666666666667, "precision_test": 0.5591397849462365, "recall_test": 0.8666666666666667, "f1_test": 0.6797385620915032, "auc_test": 0.7869444444444446}}
{"name": "perturbation_10_z", "predictions": {"test": [1.4816989412791612, 0.6696814045186207, 0.6151140992272695, 0.4233418701138344, 0.7462630627988367, 1.1221010732019463, 0.5669539437498692, 1.0136529204254587, 1.8979272464753638, -0.2977142817114964, 0.8673056921441911, 1.9976458548604215, -0.49668809843804185, 0.7241259706792051, 1.7994984905836575, 0.3947525392406509, 0.8599958583954581, 1.0138782557749626, 1.199241011453566, 2.0478618075963184, 1.4617983170947932, 0.3302370395700836, -0.06364300764383458, 1.751974366893484, -0.075643766534288, 0.8000857019226622, 0.7394465663104236, 2.392630538639144, 2.2648164790167167, 1.4018072914424367, -0.02061045370470425, 0.4868467772086681, 1.4447790643942642, 1.222067515295281, 1.4148246255984587, 2.1505858950218486, 1.0283842197233681, 0.066031568358175, 1.1855253523062959, 0.5035643223113164, 1.2486455893747506, 0.2107084649212543, 1.3576705404126874, 0.0931038363163136, 1.134570680546359, 0.9077683124621329, 1.927665782324628, 0.4048407014588631, 0.6834661499894575, 0.5903025326100201, -0.7963074635220552, 0.10889367729070165, 1.2325511828208242, 1.3382428873628345, 0.879609997208658, 1.123086772635331, 0.5405268090150692, 0.6439882122699463, 1.0319060293261872, 0.5807750550713837, 1.1670039785349797, 0.9880820262351582, 0.05657883579706475, 0.23222236244759636, -0.5351229066331651, -0.00557736600981355, 1.8602478676795435, 1.4826823273857042, 0.4203971665697353, 1.1572218616200645, 1.2490902120048217, 0.8978355975231099, 1.0665859996016676, 0.78979568110628, 1.7065865509917633, 0.6163437974009321, 1.0345580895458448, 1.3297353460606733, 1.017259535939966, 1.3386607159891553, 1.8405967799151652, 0.10740337130636585, 1.1389493976047147, -0.14801139250690962, 1.171322017885405, 0.6016071298334632, 0.9337994030303853, 1.1851325351043636, 1.9973631089230928, 0.5395898105036623, 1.1075630473405687, 0.43276959585665475, 0.38528679682400757, 0.8722764889086171, 1.4707386570879695, 1.6255394638345038, 1.4062351545393146, 0.6879872223286585, 0.6832995216519586, 1.307421071060532, 0.4695204516881764, 1.4948682318161215, 0.6200904275845085, 0.9390753184261819, -0.5368522494046465, -0.13518848218912477, 0.3961777682913141, 0.5634038589366044, 1.018654871156635, 0.633233698267634, 0.3513025800255825, 1.2711898889254682, 1.7362252061037702, -0.6471028314059174, 0.6938463462763367, 1.925398269098556, -0.07499013344245826, 1.0003405992819907, 0.07507711020025001, 0.7746345479109683]}, "info": {"pct_words_masked": 0.3, "span_length": 2, "n_perturbations": 10}, "general": {"acc_test": 0.5166666666666667, "precision_test": 0.5102040816326531, "recall_test": 0.8333333333333334, "f1_test": 0.6329113924050633, "auc_test": 0.5508333333333333}}
{"Name": "GPT-sentinel", "acc": 0.9333333333333333}
{"name": "roberta-base-openai-detector", "predictions": {"test": [0.9998279809951782, 0.0002535048988647759, 0.144386887550354, 0.0001812685077311471, 0.981826663017273, 0.00019657457596622407, 0.1724851429462433, 0.00022659311071038246, 0.9997993111610413, 0.00029927006107755005, 0.9997912049293518, 0.000271844444796443, 0.9997658133506775, 0.0021197088062763214, 0.9993359446525574, 0.00019058243196923286, 0.8627091646194458, 0.00039706038660369813, 0.0008271674741990864, 0.00017684644262772053, 0.006536620203405619, 0.00024377775844186544, 0.9974907636642456, 0.052770648151636124, 0.0030508865602314472, 0.00019139608775731176, 0.9881882071495056, 0.0002164751203963533, 0.00043380592251196504, 0.0002494434011168778, 0.0068406956270337105, 0.00016909603436943144, 0.9998262524604797, 0.00018980697495862842, 0.9998181462287903, 0.00022981545771472156, 0.9912095069885254, 0.00018127942166756839, 0.9656394124031067, 0.00018099823500961065, 0.9998177886009216, 0.0002022487751673907, 0.9995265007019043, 0.0002344671229366213, 0.8529990315437317, 0.00020435174519661814, 0.9998247027397156, 0.0007836602162569761, 0.07165483385324478, 0.00022272510977927595, 0.5414075255393982, 0.43277817964553833, 0.9998212456703186, 0.00037968161632306874, 0.9378952980041504, 0.0001739666040521115, 0.9995137453079224, 0.00018398198881186545, 0.0036975927650928497, 0.0003106673830188811, 0.9997444748878479, 0.00017789789126254618, 0.0002609558287076652, 0.00033336839987896383, 0.005689506884664297, 0.00020930473692715168, 0.9997946619987488, 0.9965648055076599, 0.9997702240943909, 0.0013291017385199666, 0.999795138835907, 0.00020900779054500163, 0.9962970614433289, 0.00022217493096832186, 0.5007665753364563, 0.0002837088250089437, 0.9951270818710327, 0.92988520860672, 0.9993368983268738, 0.00017398119962308556, 0.9998190999031067, 0.0001721235748846084, 0.9998267292976379, 0.0002541728608775884, 0.9994833469390869, 0.21318477392196655, 0.5769599676132202, 0.0002493718347977847, 0.9582017660140991, 0.0001912100415211171, 0.9998145699501038, 0.0001898609334602952, 0.0019272648496553302, 0.0002643043699208647, 0.9998192191123962, 0.0001692681689746678, 0.9998183846473694, 0.00027750502340495586, 0.47972115874290466, 0.0002517257526051253, 0.9240918159484863, 0.00017048089648596942, 0.9403395056724548, 0.000172698957612738, 0.009785747155547142, 0.0015491313533857465, 0.00016784612671472132, 0.00020367346587590873, 0.9963208436965942, 0.0004070239083375782, 0.532524049282074, 0.0001835568982642144, 0.999825656414032, 0.00018696769257076085, 0.0009392880601808429, 0.0005972508224658668, 0.9633318781852722, 0.00019479289767332375, 0.0003069238446187228, 0.00022882041230332106]}, "logits": {"test": [4.703356742858887, -4.4801177978515625, -0.9791637063026428, -4.672345161437988, 2.0336050987243652, -4.626894474029541, -0.8846635818481445, -4.556832313537598, 4.614152908325195, -4.387330055236816, 4.587179660797119, -4.442361354827881, 4.5185017585754395, -3.307919502258301, 3.904792070388794, -4.6420979499816895, 0.8820363283157349, -4.222563743591309, -3.8320934772491455, -4.683216571807861, -2.7012314796447754, -4.514410018920898, 3.143829822540283, -1.5736221075057983, -3.093670129776001, -4.643648624420166, 2.26035213470459, -4.570655345916748, -4.176971435546875, -4.491739273071289, -2.678696870803833, -4.710299968719482, 4.699390411376953, -4.6475725173950195, 4.665229320526123, -4.536322116851807, 2.425281047821045, -4.670734405517578, 1.6752028465270996, -4.673144817352295, 4.680624008178711, -4.611148834228516, 4.1001505851745605, -4.529070854187012, 0.837949812412262, -4.6018967628479, 4.695990562438965, -3.838805675506592, -1.4082231521606445, -4.559057235717773, 0.018898850306868553, -0.20350033044815063, 4.687295913696289, -4.251625061035156, 1.3417381048202515, -4.702882289886475, 4.086246490478516, -4.666348457336426, -3.0293047428131104, -4.364127159118652, 4.461322784423828, -4.682512283325195, -4.460755348205566, -4.320786476135254, -2.7724480628967285, -4.591031551361084, 4.628896236419678, 2.98380970954895, 4.525841236114502, -3.575488328933716, 4.6261091232299805, -4.5896148681640625, 2.913273334503174, -4.565043926239014, -0.0845986157655716, -4.439825057983398, 2.7599856853485107, 1.2971266508102417, 3.8952832221984863, -4.69860315322876, 4.6692094802856445, -4.700573921203613, 4.704310894012451, -4.479185104370117, 4.047177791595459, -0.743603527545929, 0.0918339192867279, -4.4941487312316895, 1.5604608058929443, -4.644110202789307, 4.652621269226074, -4.644314765930176, -3.37729811668396, -4.458861351013184, 4.67038631439209, -4.709615707397461, 4.68033504486084, -4.42836332321167, -0.11503122746944427, -4.482996940612793, 1.2295042276382446, -4.710495948791504, 1.3615665435791016, -4.699159145355225, -2.478196859359741, -3.4717092514038086, -4.720663547515869, -4.610924243927002, 2.9165639877319336, -4.208948612213135, 0.001241317018866539, -4.667633533477783, 4.698371887207031, -4.658744812011719, -3.7427783012390137, -4.015170097351074, 1.646000862121582, -4.627310276031494, -4.367840766906738, -4.539762496948242]}, "general": {"acc_test": 0.8416666666666667, "precision_test": 0.9555555555555556, "recall_test": 0.7166666666666667, "f1_test": 0.8190476190476191, "auc_test": 0.9455555555555555, "preds": [0.9998279809951782, 0.144386887550354, 0.981826663017273, 0.1724851429462433, 0.9997993111610413, 0.9997912049293518, 0.9997658133506775, 0.9993359446525574, 0.8627091646194458, 0.0008271674741990864, 0.006536620203405619, 0.9974907636642456, 0.0030508865602314472, 0.9881882071495056, 0.00043380592251196504, 0.0068406956270337105, 0.9998262524604797, 0.9998181462287903, 0.9912095069885254, 0.9656394124031067, 0.9998177886009216, 0.9995265007019043, 0.8529990315437317, 0.9998247027397156, 0.07165483385324478, 0.5414075255393982, 0.9998212456703186, 0.9378952980041504, 0.9995137453079224, 0.0036975927650928497, 0.9997444748878479, 0.0002609558287076652, 0.005689506884664297, 0.9997946619987488, 0.9997702240943909, 0.999795138835907, 0.9962970614433289, 0.5007665753364563, 0.9951270818710327, 0.9993368983268738, 0.9998190999031067, 0.9998267292976379, 0.9994833469390869, 0.5769599676132202, 0.9582017660140991, 0.9998145699501038, 0.0019272648496553302, 0.9998192191123962, 0.9998183846473694, 0.47972115874290466, 0.9240918159484863, 0.9403395056724548, 0.009785747155547142, 0.00016784612671472132, 0.9963208436965942, 0.532524049282074, 0.999825656414032, 0.0009392880601808429, 0.9633318781852722, 0.0003069238446187228]}}
{"name": "Hello-SimpleAI/chatgpt-detector-roberta", "predictions": {"test": [0.9992455244064331, 0.22819329798221588, 0.9990518689155579, 0.0010905192466452718, 0.9992173910140991, 0.9989657402038574, 0.07866297662258148, 0.010788312181830406, 0.9992477893829346, 0.9870067834854126, 0.9992390871047974, 0.012282405979931355, 0.2399996668100357, 0.0002995594695676118, 0.9991958737373352, 0.19249793887138367, 0.9992411136627197, 0.29864802956581116, 0.9596964716911316, 0.004082364030182362, 0.0009962586918845773, 0.8931810259819031, 0.16868087649345398, 0.09967952966690063, 0.8621000051498413, 0.9690245389938354, 0.06861522048711777, 0.9906182885169983, 0.9960811734199524, 0.17001548409461975, 0.009581808932125568, 0.013190594501793385, 0.9992426633834839, 0.006124792620539665, 0.9992423057556152, 0.999190628528595, 0.9989383816719055, 0.0004456744936760515, 0.9992268085479736, 0.2566111087799072, 0.9992311000823975, 0.9877836108207703, 0.9966063499450684, 0.0006700094672851264, 0.9992161989212036, 0.9991612434387207, 0.9992437362670898, 0.9947245717048645, 0.017138345167040825, 0.9170019030570984, 0.0028985512908548117, 0.990170419216156, 0.9951501488685608, 0.9945270419120789, 0.9992378950119019, 0.9990105628967285, 0.9992333650588989, 0.9991675615310669, 0.9992222785949707, 0.29750409722328186, 0.9721716642379761, 0.040827374905347824, 0.9759089350700378, 0.20151494443416595, 0.013431432656943798, 0.1550726294517517, 0.9992374181747437, 0.9756129384040833, 0.9990092515945435, 0.9992107152938843, 0.9992332458496094, 0.9987431168556213, 0.9992413520812988, 0.8570425510406494, 0.9992509484291077, 0.9992367029190063, 0.06800107657909393, 0.028040682896971703, 0.9992419481277466, 0.5902513265609741, 0.0032482848037034273, 0.02247091569006443, 0.999241828918457, 0.0004902735236100852, 0.9992446899414062, 0.9992220401763916, 0.0009141528280451894, 0.004024216905236244, 0.999237060546875, 0.3020939826965332, 0.9992399215698242, 0.998653769493103, 0.023564118891954422, 0.9932703375816345, 0.999133288860321, 0.005876469891518354, 0.9985778331756592, 0.9681248068809509, 0.9840824604034424, 0.00034609553404152393, 0.004195465240627527, 0.996884286403656, 0.9992469549179077, 0.00039311437285505235, 0.997043788433075, 0.9984122514724731, 0.06058701500296593, 0.0007674448424950242, 0.9992426633834839, 0.9987335801124573, 0.015838975086808205, 0.001486817724071443, 0.9991521835327148, 0.00027949377545155585, 0.3815183639526367, 0.9912657141685486, 0.9982050657272339, 0.9916101098060608, 0.0015880792634561658, 0.005951184779405594]}, "logits": {"test": [3.124752998352051, -0.7345366477966309, 3.061486005783081, -3.1620752811431885, 3.1211817264556885, 3.030484676361084, -1.2971996068954468, -2.205265760421753, 3.1249592304229736, 1.99878990650177, 3.1239664554595947, -2.1482791900634766, -0.7038215398788452, -3.62801194190979, 3.114651679992676, -0.8337911367416382, 3.1241250038146973, -0.5656324625015259, 1.5026661157608032, -2.623880624771118, -3.197256326675415, 1.0498825311660767, -0.9075937271118164, -1.180949330329895, 0.9235329627990723, 1.62004554271698, -1.3630576133728027, 2.137953996658325, 2.5037150382995605, -0.9033623933792114, -2.2571804523468018, -2.116802930831909, 3.124405860900879, -2.45105242729187, 3.124356269836426, 3.112863779067993, 3.0209877490997314, -3.4963443279266357, 3.1232175827026367, -0.6628406643867493, 3.123755693435669, 2.0252327919006348, 2.562880754470825, -3.3483870029449463, 3.120879888534546, 3.1023542881011963, 3.124553918838501, 2.3804478645324707, -2.0006515979766846, 1.170728087425232, -2.7673847675323486, 2.11811900138855, 2.4154515266418457, 2.365084409713745, 3.123915195465088, 3.0464272499084473, 3.1238903999328613, 3.1046478748321533, 3.1223533153533936, -0.5679887533187866, 1.6674225330352783, -1.6070741415023804, 1.7308549880981445, -0.8076922297477722, -2.108802556991577, -0.9533202052116394, 3.1239659786224365, 1.725499153137207, 3.0459630489349365, 3.119361162185669, 3.123889684677124, 2.957932472229004, 3.1241984367370605, 0.9052327871322632, 3.124610662460327, 3.123850107192993, -1.367374300956726, -1.7791930437088013, 3.1242520809173584, 0.26863282918930054, -2.7199487686157227, -1.8793120384216309, 3.124329090118408, -3.4626712799072266, 3.124661684036255, 3.122310161590576, -3.230485677719116, -2.6299428939819336, 3.1239078044891357, -0.5579838752746582, 3.1240272521972656, 2.931776523590088, -1.8579075336456299, 2.2784574031829834, 3.0919363498687744, -2.468811511993408, 2.9106342792510986, 1.6073411703109741, 1.9112991094589233, -3.582019090652466, -2.612332582473755, 2.5978291034698486, 3.124889850616455, -3.539546012878418, 2.6192686557769775, 2.8678536415100098, -1.4223403930664062, -3.2973053455352783, 3.124293565750122, 2.955090045928955, -2.0357367992401123, -3.0396080017089844, 3.0990164279937744, -3.648660898208618, -0.11647111177444458, 2.168321371078491, 2.8196609020233154, 2.1853787899017334, -3.0132291316986084, -2.463383197784424]}, "general": {"acc_test": 0.6083333333333333, "precision_test": 0.5915492957746479, "recall_test": 0.7, "f1_test": 0.6412213740458015, "auc_test": 0.7202777777777779, "preds": [0.9992455244064331, 0.9990518689155579, 0.9992173910140991, 0.07866297662258148, 0.9992477893829346, 0.9992390871047974, 0.2399996668100357, 0.9991958737373352, 0.9992411136627197, 0.9596964716911316, 0.0009962586918845773, 0.16868087649345398, 0.8621000051498413, 0.06861522048711777, 0.9960811734199524, 0.009581808932125568, 0.9992426633834839, 0.9992423057556152, 0.9989383816719055, 0.9992268085479736, 0.9992311000823975, 0.9966063499450684, 0.9992161989212036, 0.9992437362670898, 0.017138345167040825, 0.0028985512908548117, 0.9951501488685608, 0.9992378950119019, 0.9992333650588989, 0.9992222785949707, 0.9721716642379761, 0.9759089350700378, 0.013431432656943798, 0.9992374181747437, 0.9990092515945435, 0.9992332458496094, 0.9992413520812988, 0.9992509484291077, 0.06800107657909393, 0.9992419481277466, 0.0032482848037034273, 0.999241828918457, 0.9992446899414062, 0.0009141528280451894, 0.999237060546875, 0.9992399215698242, 0.023564118891954422, 0.999133288860321, 0.9985778331756592, 0.9840824604034424, 0.004195465240627527, 0.9992469549179077, 0.997043788433075, 0.06058701500296593, 0.9992426633834839, 0.015838975086808205, 0.9991521835327148, 0.3815183639526367, 0.9982050657272339, 0.0015880792634561658]}}
