{"name": "likelihood_threshold", "predictions": {"test": [-3.169869899749756, -3.610867500305176, -2.398865222930908, -3.1826822757720947, -2.9051146507263184, -4.18841028213501, -3.2784645557403564, -2.9638540744781494, -2.821153402328491, -3.8995652198791504, -2.588620901107788, -2.9435160160064697, -2.275240182876587, -3.2292540073394775, -3.3050472736358643, -3.8047640323638916, -2.648841142654419, -3.4378421306610107, -2.4932310581207275, -2.7279934883117676, -2.7873892784118652, -3.197319507598877, -3.531973123550415, -3.1106767654418945, -2.5183088779449463, -3.483752965927124, -2.057344675064087, -2.559431552886963, -2.7726259231567383, -2.9220380783081055, -2.3660800457000732, -3.627936363220215, -2.203845500946045, -3.0835392475128174, -2.7908360958099365, -2.7186949253082275, -2.3850584030151367, -3.143124580383301, -2.3407602310180664, -3.1511900424957275, -2.332797050476074, -3.4227569103240967, -2.3484911918640137, -2.7879393100738525, -2.1171813011169434, -3.2498979568481445, -2.314342975616455, -3.3101418018341064, -2.2433969974517822, -3.249077558517456, -2.2750887870788574, -3.022451877593994, -2.2585833072662354, -3.3524255752563477, -2.846325397491455, -3.685779333114624, -1.9743435382843018, -2.7686758041381836, -2.8480191230773926, -4.1127190589904785, -2.0330660343170166, -3.3229737281799316, -2.349086046218872, -3.1848037242889404, -2.536010980606079, -2.851383924484253, -2.7399322986602783, -3.340991497039795, -2.1273574829101562, -2.8097174167633057, -2.3082499504089355, -3.100554943084717, -2.3630118370056152, -2.92744517326355, -2.0069475173950195, -2.865732192993164, -2.4935216903686523, -3.4191689491271973, -2.438596725463867, -3.3712148666381836, -2.4127466678619385, -2.7507050037384033, -2.3573508262634277, -3.2380850315093994, -3.2134547233581543, -3.81430721282959, -2.260903835296631, -3.0289437770843506, -2.314157247543335, -3.1127688884735107, -2.0105443000793457, -2.4685521125793457, -2.4232771396636963, -3.1748201847076416, -2.1407229900360107, -2.653822422027588, -2.8009886741638184, -3.721132755279541, -2.6991376876831055, -3.29359769821167, -2.5684642791748047, -3.064150333404541, -2.184558868408203, -3.155567169189453, -2.5790629386901855, -3.1256484985351562, -2.904630184173584, -3.324493885040283, -2.504317283630371, -3.236172676086426, -2.1695594787597656, -3.0556509494781494, -2.5813279151916504, -2.9755966663360596, -2.575030565261841, -3.028151273727417, -3.0285816192626953, -3.8252036571502686, -2.8414485454559326, -3.477696180343628]}, "general": {"acc_test": 0.6916666666666667, "precision_test": 0.6292134831460674, "recall_test": 0.9333333333333333, "f1_test": 0.7516778523489933, "auc_test": 0.9111111111111111}}
{"name": "rank_threshold", "predictions": {"test": [-210.33741760253906, -218.8170623779297, -78.0655746459961, -235.3125, -176.63926696777344, -550.5865478515625, -99.4036636352539, -100.91802978515625, -89.56050872802734, -223.46112060546875, -32.96954345703125, -147.67721557617188, -42.91358184814453, -75.45205688476562, -111.49152374267578, -163.87661743164062, -265.0331115722656, -428.89031982421875, -19.46071434020996, -157.32386779785156, -117.21854400634766, -344.90740966796875, -106.01176452636719, -131.81118774414062, -59.97761154174805, -279.8344421386719, -11.681818962097168, -88.89115142822266, -85.41935729980469, -139.446533203125, -43.967594146728516, -382.59478759765625, -46.73722457885742, -128.6844940185547, -18.80487823486328, -143.3913116455078, -39.866668701171875, -126.49090576171875, -54.07272720336914, -245.87820434570312, -65.55757141113281, -303.8888854980469, -33.9383544921875, -123.97468566894531, -15.972890853881836, -215.74545288085938, -40.328125, -342.2605895996094, -18.917051315307617, -151.30201721191406, -14.990824699401855, -84.07142639160156, -18.22857093811035, -54.80864334106445, -103.61375427246094, -185.1234588623047, -21.67672348022461, -59.90860366821289, -193.6056365966797, -353.5856628417969, -26.873685836791992, -338.190185546875, -56.09090805053711, -127.00609588623047, -34.29861068725586, -107.79267883300781, -40.860137939453125, -134.1241912841797, -16.86111068725586, -254.44586181640625, -38.61928939819336, -122.47333526611328, -58.216217041015625, -167.76087951660156, -21.141080856323242, -205.20730590820312, -29.798967361450195, -257.59375, -69.71428680419922, -187.7663116455078, -23.560344696044922, -39.546051025390625, -19.340425491333008, -89.87574005126953, -106.66455841064453, -306.87249755859375, -8.164178848266602, -164.5, -16.60869598388672, -89.24285888671875, -8.967033386230469, -148.44927978515625, -66.40601348876953, -100.55033874511719, -17.782894134521484, -139.7385711669922, -64.19999694824219, -261.664794921875, -110.81918334960938, -309.1190490722656, -20.510066986083984, -62.050724029541016, -21.52678680419922, -92.05594635009766, -55.77922058105469, -94.96470642089844, -95.14173126220703, -147.56082153320312, -27.741378784179688, -169.356689453125, -17.91549301147461, -61.53845977783203, -21.72269058227539, -71.43225860595703, -25.40458106994629, -121.60588836669922, -184.70338439941406, -575.9876098632812, -66.7315444946289, -205.77438354492188]}, "general": {"acc_test": 0.6666666666666666, "precision_test": 0.6111111111111112, "recall_test": 0.9166666666666666, "f1_test": 0.7333333333333334, "auc_test": 0.8936111111111111}}
{"name": "log_rank_threshold", "predictions": {"test": [-1.7805265188217163, -2.0338428020477295, -1.1707110404968262, -1.7360754013061523, -1.5615261793136597, -2.412243604660034, -1.7688945531845093, -1.6024430990219116, -1.4213414192199707, -2.213407278060913, -1.2655534744262695, -1.556084394454956, -1.109839916229248, -1.7607510089874268, -1.9443631172180176, -2.2551426887512207, -1.2660237550735474, -1.821833848953247, -1.2106201648712158, -1.400146484375, -1.400275468826294, -1.6615945100784302, -1.8868935108184814, -1.620785117149353, -1.2312474250793457, -1.8776754140853882, -0.8822507262229919, -1.2129688262939453, -1.4065252542495728, -1.5587868690490723, -1.1926133632659912, -2.0641634464263916, -1.0354081392288208, -1.660825490951538, -1.2907475233078003, -1.2980594635009766, -1.118603229522705, -1.585797667503357, -1.1321947574615479, -1.6418120861053467, -1.0908515453338623, -1.8367359638214111, -1.035570502281189, -1.3715580701828003, -0.9595727920532227, -1.7334626913070679, -1.129390001296997, -1.7484071254730225, -1.0807417631149292, -1.6818459033966064, -1.0313000679016113, -1.5107784271240234, -1.027273416519165, -1.754647970199585, -1.473504900932312, -2.0148439407348633, -0.9223527312278748, -1.388899564743042, -1.4707194566726685, -2.307927370071411, -0.8747499585151672, -1.6993448734283447, -1.1410315036773682, -1.6749334335327148, -1.2211742401123047, -1.4064280986785889, -1.3071931600570679, -1.726657509803772, -0.9806545972824097, -1.4103633165359497, -1.1414159536361694, -1.636112093925476, -1.102663278579712, -1.4486064910888672, -0.9296685457229614, -1.462693691253662, -1.220827579498291, -1.8737419843673706, -1.1212882995605469, -1.8258317708969116, -1.1454838514328003, -1.3430064916610718, -1.0975724458694458, -1.6887171268463135, -1.686031699180603, -2.155956506729126, -1.0058387517929077, -1.5106306076049805, -1.0624589920043945, -1.6423453092575073, -0.9018748998641968, -1.137257695198059, -1.1640242338180542, -1.665698528289795, -0.9924137592315674, -1.3393255472183228, -1.4123549461364746, -2.09210467338562, -1.348043441772461, -1.7925723791122437, -1.3036593198776245, -1.5216152667999268, -1.04356849193573, -1.6085350513458252, -1.2368398904800415, -1.6404814720153809, -1.4564353227615356, -1.7917579412460327, -1.2325074672698975, -1.7340331077575684, -0.9915351271629333, -1.5653327703475952, -1.2287471294403076, -1.5030066967010498, -1.2450913190841675, -1.6020511388778687, -1.6461180448532104, -2.2126431465148926, -1.4491517543792725, -1.8349379301071167]}, "general": {"acc_test": 0.6916666666666667, "precision_test": 0.632183908045977, "recall_test": 0.9166666666666666, "f1_test": 0.7482993197278912, "auc_test": 0.8933333333333333}}
{"name": "entropy_threshold", "predictions": {"test": [3.5743730068206787, 3.930830717086792, 3.1387131214141846, 3.4145572185516357, 3.324936628341675, 3.8890273571014404, 3.409850835800171, 3.2291765213012695, 3.350897789001465, 3.839531898498535, 3.187241792678833, 3.31546688079834, 2.991015911102295, 3.359699249267578, 3.60109806060791, 3.85227108001709, 3.501908540725708, 3.807250499725342, 3.053654193878174, 3.3206851482391357, 3.658751964569092, 3.946267604827881, 3.269397735595703, 3.2134385108947754, 2.973745584487915, 3.528266668319702, 2.9951915740966797, 2.9968161582946777, 2.999335765838623, 3.2061307430267334, 2.891996145248413, 3.791299819946289, 2.9481041431427, 3.2502710819244385, 3.4989514350891113, 3.197566032409668, 2.996715784072876, 3.421308994293213, 3.0050711631774902, 3.4592230319976807, 2.659558057785034, 3.3327584266662598, 2.7763454914093018, 2.802168130874634, 2.9000284671783447, 3.696507453918457, 2.923191547393799, 3.569157838821411, 2.8923633098602295, 3.4479165077209473, 3.0594022274017334, 3.3963258266448975, 2.9533495903015137, 3.4852309226989746, 3.3836159706115723, 3.6460540294647217, 2.505033493041992, 2.887233257293701, 3.530597448348999, 4.229419708251953, 2.6524837017059326, 3.4590277671813965, 2.9047651290893555, 3.5271694660186768, 3.3191919326782227, 3.30265212059021, 3.2647035121917725, 3.3219499588012695, 2.825174570083618, 3.178894281387329, 2.984477996826172, 3.523080348968506, 3.1624655723571777, 3.2134454250335693, 2.541958808898926, 3.1708760261535645, 2.991433620452881, 3.6047165393829346, 3.1037678718566895, 3.4474222660064697, 2.9806292057037354, 3.2342169284820557, 3.031409978866577, 3.5126945972442627, 3.134190797805786, 3.7993786334991455, 2.802631139755249, 2.912135601043701, 3.109609603881836, 3.406130790710449, 2.738759756088257, 2.7599544525146484, 2.9583942890167236, 3.293154239654541, 2.4756593704223633, 2.7151429653167725, 3.4105453491210938, 3.722368001937866, 3.309004545211792, 3.5750014781951904, 2.9479377269744873, 3.2250869274139404, 2.8352439403533936, 3.6716833114624023, 2.964517831802368, 3.3182661533355713, 3.2774674892425537, 3.5578505992889404, 3.250581979751587, 3.461763381958008, 2.976909875869751, 3.292348861694336, 3.2918953895568848, 3.2560622692108154, 3.171787977218628, 3.2721877098083496, 3.478792667388916, 3.973037004470825, 3.126941680908203, 3.587005853652954]}, "general": {"acc_test": 0.6333333333333333, "precision_test": 0.5816326530612245, "recall_test": 0.95, "f1_test": 0.7215189873417721, "auc_test": 0.7969444444444443}}
{"name": "rank_GLTR_threshold", "predictions": {"test": [[0.7055214723926381, 0.15337423312883436, 0.07975460122699386, 0.06134969325153374], [0.676829268292683, 0.12804878048780488, 0.1402439024390244, 0.054878048780487805], [0.8087431693989071, 0.1092896174863388, 0.07103825136612021, 0.01092896174863388], [0.71875, 0.13020833333333334, 0.109375, 0.041666666666666664], [0.7397260273972602, 0.1506849315068493, 0.0730593607305936, 0.0365296803652968], [0.5810055865921788, 0.22905027932960895, 0.10614525139664804, 0.08379888268156424], [0.7064220183486238, 0.12844036697247707, 0.11926605504587157, 0.045871559633027525], [0.726775956284153, 0.14207650273224043, 0.09289617486338798, 0.03825136612021858], [0.7388535031847133, 0.17197452229299362, 0.07006369426751592, 0.01910828025477707], [0.5833333333333334, 0.25555555555555554, 0.12777777777777777, 0.03333333333333333], [0.7918781725888325, 0.14720812182741116, 0.050761421319796954, 0.01015228426395939], [0.7088607594936709, 0.18354430379746836, 0.0759493670886076, 0.03164556962025317], [0.7962962962962963, 0.16666666666666666, 0.024691358024691357, 0.012345679012345678], [0.6712328767123288, 0.22602739726027396, 0.0821917808219178, 0.02054794520547945], [0.6610169491525424, 0.17796610169491525, 0.15254237288135594, 0.00847457627118644], [0.6103896103896104, 0.19480519480519481, 0.15584415584415584, 0.03896103896103896], [0.7880794701986755, 0.15894039735099338, 0.046357615894039736, 0.006622516556291391], [0.6838709677419355, 0.1870967741935484, 0.0967741935483871, 0.03225806451612903], [0.7928571428571428, 0.15714285714285714, 0.05, 0.0], [0.7613636363636364, 0.14204545454545456, 0.07954545454545454, 0.017045454545454544], [0.7682119205298014, 0.1456953642384106, 0.052980132450331126, 0.033112582781456956], [0.7222222222222222, 0.14814814814814814, 0.08641975308641975, 0.043209876543209874], [0.6647058823529411, 0.21176470588235294, 0.08235294117647059, 0.041176470588235294], [0.7622377622377622, 0.15384615384615385, 0.055944055944055944, 0.027972027972027972], [0.7985074626865671, 0.12686567164179105, 0.05223880597014925, 0.022388059701492536], [0.695364238410596, 0.19205298013245034, 0.059602649006622516, 0.052980132450331126], [0.8787878787878788, 0.10227272727272728, 0.01893939393939394, 0.0], [0.8435374149659864, 0.08843537414965986, 0.047619047619047616, 0.02040816326530612], [0.7935483870967742, 0.12258064516129032, 0.05806451612903226, 0.025806451612903226], [0.7672955974842768, 0.12578616352201258, 0.06289308176100629, 0.0440251572327044], [0.7962962962962963, 0.1388888888888889, 0.05555555555555555, 0.009259259259259259], [0.6666666666666666, 0.13725490196078433, 0.13725490196078433, 0.058823529411764705], [0.8394160583941606, 0.11678832116788321, 0.0364963503649635, 0.0072992700729927005], [0.7058823529411765, 0.17647058823529413, 0.09090909090909091, 0.026737967914438502], [0.7642276422764228, 0.18699186991869918, 0.04878048780487805, 0.0], [0.8115942028985508, 0.12318840579710146, 0.036231884057971016, 0.028985507246376812], [0.8066666666666666, 0.16, 0.02666666666666667, 0.006666666666666667], [0.7515151515151515, 0.13333333333333333, 0.07878787878787878, 0.03636363636363636], [0.8090909090909091, 0.13333333333333333, 0.048484848484848485, 0.00909090909090909], [0.6987179487179487, 0.23076923076923078, 0.04487179487179487, 0.02564102564102564], [0.8121212121212121, 0.15151515151515152, 0.030303030303030304, 0.006060606060606061], [0.7, 0.18333333333333332, 0.05, 0.06666666666666667], [0.821917808219178, 0.1506849315068493, 0.02054794520547945, 0.00684931506849315], [0.7721518987341772, 0.13924050632911392, 0.06962025316455696, 0.0189873417721519], [0.8524096385542169, 0.12951807228915663, 0.015060240963855422, 0.0030120481927710845], [0.7212121212121212, 0.15151515151515152, 0.09090909090909091, 0.03636363636363636], [0.8125, 0.125, 0.0546875, 0.0078125], [0.6909090909090909, 0.18787878787878787, 0.07878787878787878, 0.04242424242424243], [0.8202764976958525, 0.1382488479262673, 0.03686635944700461, 0.004608294930875576], [0.738255033557047, 0.1476510067114094, 0.09395973154362416, 0.020134228187919462], [0.8532110091743119, 0.12385321100917432, 0.022935779816513763, 0.0], [0.7272727272727273, 0.17532467532467533, 0.08441558441558442, 0.012987012987012988], [0.8171428571428572, 0.13714285714285715, 0.045714285714285714, 0.0], [0.654320987654321, 0.2654320987654321, 0.07407407407407407, 0.006172839506172839], [0.7248677248677249, 0.17989417989417988, 0.07936507936507936, 0.015873015873015872], [0.6296296296296297, 0.24074074074074073, 0.09876543209876543, 0.030864197530864196], [0.853448275862069, 0.12931034482758622, 0.01293103448275862, 0.004310344827586207], [0.7634408602150538, 0.15591397849462366, 0.06989247311827956, 0.010752688172043012], [0.7535211267605634, 0.16901408450704225, 0.06338028169014084, 0.014084507042253521], [0.6022099447513812, 0.2154696132596685, 0.13812154696132597, 0.04419889502762431], [0.8842105263157894, 0.07894736842105263, 0.031578947368421054, 0.005263157894736842], [0.7423312883435583, 0.15950920245398773, 0.06748466257668712, 0.03067484662576687], [0.8138528138528138, 0.16883116883116883, 0.008658008658008658, 0.008658008658008658], [0.7195121951219512, 0.15853658536585366, 0.0975609756097561, 0.024390243902439025], [0.7986111111111112, 0.1388888888888889, 0.05555555555555555, 0.006944444444444444], [0.7560975609756098, 0.15853658536585366, 0.06707317073170732, 0.018292682926829267], [0.7832167832167832, 0.1258741258741259, 0.08391608391608392, 0.006993006993006993], [0.6862745098039216, 0.19607843137254902, 0.08496732026143791, 0.032679738562091505], [0.8518518518518519, 0.09876543209876543, 0.04938271604938271, 0.0], [0.7770700636942676, 0.1337579617834395, 0.07643312101910828, 0.012738853503184714], [0.8223350253807107, 0.116751269035533, 0.050761421319796954, 0.01015228426395939], [0.7533333333333333, 0.15333333333333332, 0.06, 0.03333333333333333], [0.8243243243243243, 0.12837837837837837, 0.033783783783783786, 0.013513513513513514], [0.782608695652174, 0.13768115942028986, 0.057971014492753624, 0.021739130434782608], [0.8755186721991701, 0.07468879668049792, 0.04149377593360996, 0.008298755186721992], [0.7378048780487805, 0.1951219512195122, 0.036585365853658534, 0.03048780487804878], [0.7989690721649485, 0.14432989690721648, 0.04639175257731959, 0.010309278350515464], [0.7, 0.1625, 0.075, 0.0625], [0.8136645962732919, 0.14906832298136646, 0.024844720496894408, 0.012422360248447204], [0.6413043478260869, 0.2391304347826087, 0.09239130434782608, 0.02717391304347826], [0.8362068965517241, 0.10344827586206896, 0.0603448275862069, 0.0], [0.7828947368421053, 0.17105263157894737, 0.03289473684210526, 0.013157894736842105], [0.8351063829787234, 0.11702127659574468, 0.047872340425531915, 0.0], [0.7337278106508875, 0.15976331360946747, 0.08284023668639054, 0.023668639053254437], [0.6835443037974683, 0.24050632911392406, 0.056962025316455694, 0.0189873417721519], [0.610738255033557, 0.2550335570469799, 0.0738255033557047, 0.06040268456375839], [0.8407960199004975, 0.14427860696517414, 0.014925373134328358, 0.0], [0.7642857142857142, 0.15714285714285714, 0.05, 0.02857142857142857], [0.8379446640316206, 0.1225296442687747, 0.039525691699604744, 0.0], [0.7357142857142858, 0.15, 0.1, 0.014285714285714285], [0.8571428571428571, 0.1282051282051282, 0.014652014652014652, 0.0], [0.8260869565217391, 0.12318840579710146, 0.043478260869565216, 0.007246376811594203], [0.8120300751879699, 0.14285714285714285, 0.03759398496240601, 0.007518796992481203], [0.7114093959731543, 0.1610738255033557, 0.11409395973154363, 0.013422818791946308], [0.8355263157894737, 0.13815789473684212, 0.019736842105263157, 0.006578947368421052], [0.7777777777777778, 0.17647058823529413, 0.013071895424836602, 0.032679738562091505], [0.772093023255814, 0.17209302325581396, 0.04186046511627907, 0.013953488372093023], [0.6368715083798883, 0.21787709497206703, 0.09497206703910614, 0.05027932960893855], [0.7753424657534247, 0.13972602739726028, 0.06575342465753424, 0.019178082191780823], [0.7321428571428571, 0.13095238095238096, 0.08928571428571429, 0.047619047619047616], [0.8120805369127517, 0.1342281879194631, 0.053691275167785234, 0.0], [0.782608695652174, 0.13768115942028986, 0.06521739130434782, 0.014492753623188406], [0.84375, 0.11607142857142858, 0.03571428571428571, 0.004464285714285714], [0.7482517482517482, 0.17482517482517482, 0.04895104895104895, 0.027972027972027972], [0.8051948051948052, 0.13636363636363635, 0.05194805194805195, 0.006493506493506494], [0.7352941176470589, 0.18823529411764706, 0.058823529411764705, 0.01764705882352941], [0.7244094488188977, 0.2204724409448819, 0.03937007874015748, 0.015748031496062992], [0.6891891891891891, 0.20945945945945946, 0.06756756756756757, 0.033783783783783786], [0.7974137931034483, 0.15517241379310345, 0.04310344827586207, 0.004310344827586207], [0.7261146496815286, 0.1337579617834395, 0.10828025477707007, 0.03184713375796178], [0.8415492957746479, 0.12323943661971831, 0.035211267605633804, 0.0], [0.7412587412587412, 0.16783216783216784, 0.07692307692307693, 0.013986013986013986], [0.7815126050420168, 0.15126050420168066, 0.06722689075630252, 0.0], [0.7161290322580646, 0.2, 0.07741935483870968, 0.0064516129032258064], [0.7786259541984732, 0.17557251908396945, 0.04580152671755725, 0.0], [0.7470588235294118, 0.1411764705882353, 0.08235294117647059, 0.029411764705882353], [0.7457627118644068, 0.1271186440677966, 0.0847457627118644, 0.0423728813559322], [0.6521739130434783, 0.14285714285714285, 0.12422360248447205, 0.08074534161490683], [0.738255033557047, 0.21476510067114093, 0.03355704697986577, 0.013422818791946308], [0.7012195121951219, 0.21951219512195122, 0.036585365853658534, 0.042682926829268296]]}, "general": {"acc_test": 0.6666666666666666, "precision_test": 0.6136363636363636, "recall_test": 0.9, "f1_test": 0.7297297297297297, "auc_test": 0.8533333333333334}}
{"name": "perturbation_10_z", "predictions": {"test": [-0.6767305648094246, -0.36818462455040424, 1.245579361443868, 0.9485150921858976, 0.5953348557586966, -0.18210315209148015, 0.5875077949962947, 0.46997052625777685, 0.24837155840258135, -0.43998269951866553, 1.1455206373110052, 1.3487102042176913, 0.7683466699616908, -0.048129801835158845, 0.5433323835595232, -0.14061176995684788, 1.1824250099178737, -0.31126029000711447, 1.5582007925885462, 0.1887049987267826, 1.0935144755506097, 0.2279218149427062, -0.1692847004236344, 0.10396179883214604, 1.1563221130378845, 0.30677594239230027, 1.8598469004589762, 1.3266875878778386, 0.4825543917820675, 0.8704557526348019, 0.8904745370438352, 0.5077917261314415, 2.1943950508022025, 1.1927118123178977, 0.2984216645116741, 0.7944925692383246, 0.6648079720403536, 0.9486268451567822, 2.8012167275389253, 0.6020146963424726, 0.9042258210914038, -0.01034122359517736, 0.7286176847204066, 1.12503613736708, 2.8978026784789708, 1.1539543437280404, 1.4637602934497356, 0.8594172818822283, 1.9249798508364304, -0.03011246164871127, 1.5447623318940562, 0.41635322729319096, 1.3348540333351424, 0.4039387232219474, 0.939066211520553, -0.15759553467482867, 1.250532282883263, 0.325865636378711, 0.9907704147262537, 0.03984910747822081, 1.6873252726962558, 0.6483581349593246, 2.3346406477916593, 0.4265854226173458, 1.201887564408729, 0.4047562651360034, 0.6815783951176295, 0.27098045746532107, 1.9400542044334523, 0.20888102350649515, 1.279532281222143, -0.0035664167626140025, 0.3115845968775549, 0.24646521247710526, 1.4124352868370817, 1.3245857123223932, 1.6774106158576758, 0.24620311313816262, 0.1394187799889476, 0.6116435592449064, 0.23540282984334665, 0.30861348935128646, 0.9699775678996163, -0.21849574880659584, 0.42809778245370284, -0.20821728659394123, 1.2073522751948567, 0.16453295879924004, 0.9082793053920233, 0.5386216574462898, 1.2592512429798932, 0.7240953620248584, 1.2741871137160834, 0.006072493662899996, 0.8432879857852368, 0.9555365778176412, 0.006655960389949613, 0.24102895168782304, 1.9009319288826099, 2.0901585708268233, 0.9892685178559519, 0.6683339652717268, 1.178414816883263, 0.5862784269635111, 0.5290475410310793, 0.3873115910486086, -0.18391205353178985, 0.8057841636960279, 2.1366567702501507, 0.16763197321952653, 1.7938293839632617, 0.22919227570288667, 0.51463253016966, 0.0678568671082905, 1.6039180000602704, 1.294964117081121, 1.2067204150705044, -0.35481030455475604, 1.0518537123419656, 0.08724532250633628]}, "info": {"pct_words_masked": 0.3, "span_length": 2, "n_perturbations": 10}, "general": {"acc_test": 0.6833333333333333, "precision_test": 0.6375, "recall_test": 0.85, "f1_test": 0.7285714285714286, "auc_test": 0.7841666666666666}}
{"Name": "GPT-sentinel", "acc": 0.775}
{"name": "roberta-base-openai-detector", "predictions": {"test": [0.060781918466091156, 0.0002950234629679471, 0.0003309443418402225, 0.00016931368736550212, 0.00017635727999731898, 0.0005042623379267752, 0.0008836737833917141, 0.00017396642942912877, 0.9916214942932129, 0.0005232709227129817, 0.9997150301933289, 0.009387609548866749, 0.9949544072151184, 0.7839425802230835, 0.0012334072962403297, 0.005238021723926067, 0.9969688057899475, 0.00017164844030048698, 0.046911004930734634, 0.11015498638153076, 0.0015407000901177526, 0.0012856678804382682, 0.00019189312297385186, 0.00016897404566407204, 0.0004857877211179584, 0.00017197791021317244, 0.9998154044151306, 0.0009459556313231587, 0.00837962981313467, 0.10202373564243317, 0.002471656771376729, 0.0001713560486678034, 0.0003060519229620695, 0.014850202016532421, 0.9987001419067383, 0.006233598571270704, 0.14596112072467804, 0.17016541957855225, 0.00017270422540605068, 0.049872979521751404, 0.008751329965889454, 0.00018139768508262932, 0.013574083335697651, 0.0002435203641653061, 0.9998243451118469, 0.00017666746862232685, 0.0067736124619841576, 0.0021300206426531076, 0.0009525257046334445, 0.00024090023362077773, 0.9021332859992981, 0.002688715700060129, 0.07880201935768127, 0.0005498509272001684, 0.012681148014962673, 0.6149576902389526, 0.9852340817451477, 0.00016929273260757327, 0.1380498856306076, 0.020309295505285263, 0.999721348285675, 0.00017821334768086672, 0.0002597672864794731, 0.00018483794701751322, 0.99928879737854, 0.0007248143665492535, 0.45616355538368225, 0.02601877599954605, 0.007530811242759228, 0.0007172603509388864, 0.9973618388175964, 0.0019132000161334872, 0.9829719662666321, 0.000601915642619133, 0.9994932413101196, 0.0004839449829887599, 0.16928604245185852, 0.00017221731832250953, 0.9581542611122131, 0.00027553774998523295, 0.7910987138748169, 0.0008293126011267304, 0.0008733539143577218, 0.04508718475699425, 0.00018370801990386099, 0.0001795528078218922, 0.9887127876281738, 0.00018198619363829494, 0.915472686290741, 0.00017854552424978465, 0.004588864278048277, 0.021354109048843384, 0.00016951367433648556, 0.00033660282497294247, 0.70253586769104, 0.00021898098930250853, 0.9671834111213684, 0.0004684350569732487, 0.0002863977279048413, 0.00017054250929504633, 0.9081075191497803, 0.39605477452278137, 0.9997182488441467, 0.84627765417099, 0.19391384720802307, 0.00018256128532812, 0.7857279777526855, 0.0022272891364991665, 0.9995344877243042, 0.0005339100607670844, 0.99982088804245, 0.12674786150455475, 0.6520955562591553, 0.000439759052824229, 0.011172182857990265, 0.00023540007532574236, 0.00018373287457507104, 0.00016789733490440995, 0.12664686143398285, 0.00026578822871670127]}, "logits": {"test": [-1.4723196029663086, -4.38696813583374, -4.326119899749756, -4.708128929138184, -4.688904285430908, -4.0815043449401855, -3.7839879989624023, -4.695644378662109, 2.473609209060669, -4.077611923217773, 4.409966468811035, -2.501373291015625, 2.7475476264953613, 0.6067016124725342, -3.603675603866577, -2.8039097785949707, 3.0269227027893066, -4.709725856781006, -1.6353363990783691, -1.1376068592071533, -3.4970901012420654, -3.589095115661621, -4.637840747833252, -4.714416980743408, -4.132626533508301, -4.705384731292725, 4.668795108795166, -3.750906467437744, -2.567755699157715, -1.197938323020935, -3.233041286468506, -4.7039594650268555, -4.384587287902832, -2.25419020652771, 3.51606822013855, -2.729247808456421, -0.9610337615013123, -0.8630439639091492, -4.700647830963135, -1.5980132818222046, -2.54691219329834, -4.670258522033691, -2.3224873542785645, -4.504669666290283, 4.692127704620361, -4.680461406707764, -2.697843551635742, -3.302032709121704, -3.7495193481445312, -4.510347843170166, 1.099108099937439, -3.186537981033325, -1.3481206893920898, -4.048520088195801, -2.332723617553711, 0.1840171217918396, 2.1611263751983643, -4.715237140655518, -1.001382827758789, -2.0583176612854004, 4.412484169006348, -4.682336330413818, -4.477997779846191, -4.6623854637146, 3.8688158988952637, -3.90049147605896, -0.1627383679151535, -1.9482932090759277, -2.630781412124634, -3.9080305099487305, 3.1252193450927734, -3.366384267807007, 2.063680410385132, -4.0081658363342285, 4.067925453186035, -4.121023178100586, -0.8717002272605896, -4.7010273933410645, 1.5773420333862305, -4.433739185333252, 0.6029150485992432, -3.821125030517578, -3.783569097518921, -1.6568268537521362, -4.667316913604736, -4.678646087646484, 2.3266711235046387, -4.668489933013916, 1.2012686729431152, -4.677560806274414, -2.890726089477539, -2.052727460861206, -4.709453105926514, -4.321432590484619, 0.3592146039009094, -4.566871643066406, 1.7134209871292114, -4.143941879272461, -4.408914089202881, -4.71060848236084, 1.1174131631851196, -0.2771129608154297, 4.40153169631958, 0.8156672716140747, -0.8100426197052002, -4.670619010925293, 0.5889874696731567, -3.2914905548095703, 4.126096725463867, -4.062132835388184, 4.685812473297119, -1.0481597185134888, 0.2552383244037628, -4.182378768920898, -2.4091789722442627, -4.516098499298096, -4.666388988494873, -4.717751502990723, -1.058565378189087, -4.455366611480713]}, "general": {"acc_test": 0.6916666666666667, "precision_test": 0.896551724137931, "recall_test": 0.43333333333333335, "f1_test": 0.5842696629213484, "auc_test": 0.7869444444444446, "preds": [0.060781918466091156, 0.0003309443418402225, 0.00017635727999731898, 0.0008836737833917141, 0.9916214942932129, 0.9997150301933289, 0.9949544072151184, 0.0012334072962403297, 0.9969688057899475, 0.046911004930734634, 0.0015407000901177526, 0.00019189312297385186, 0.0004857877211179584, 0.9998154044151306, 0.00837962981313467, 0.002471656771376729, 0.0003060519229620695, 0.9987001419067383, 0.14596112072467804, 0.00017270422540605068, 0.008751329965889454, 0.013574083335697651, 0.9998243451118469, 0.0067736124619841576, 0.0009525257046334445, 0.9021332859992981, 0.07880201935768127, 0.012681148014962673, 0.9852340817451477, 0.1380498856306076, 0.999721348285675, 0.0002597672864794731, 0.99928879737854, 0.45616355538368225, 0.007530811242759228, 0.9973618388175964, 0.9829719662666321, 0.9994932413101196, 0.16928604245185852, 0.9581542611122131, 0.7910987138748169, 0.0008733539143577218, 0.00018370801990386099, 0.9887127876281738, 0.915472686290741, 0.004588864278048277, 0.00016951367433648556, 0.70253586769104, 0.9671834111213684, 0.0002863977279048413, 0.9081075191497803, 0.9997182488441467, 0.19391384720802307, 0.7857279777526855, 0.9995344877243042, 0.99982088804245, 0.6520955562591553, 0.011172182857990265, 0.00018373287457507104, 0.12664686143398285]}}
{"name": "Hello-SimpleAI/chatgpt-detector-roberta", "predictions": {"test": [0.03824922814965248, 0.003373952815309167, 0.034591689705848694, 0.0037386708427220583, 0.97645103931427, 0.0013197577791288495, 0.26299071311950684, 0.3147823214530945, 0.03008539043366909, 0.00031857125577516854, 0.9989936947822571, 0.017998497933149338, 0.9956894516944885, 0.048677992075681686, 0.0012836013920605183, 0.0003942338516935706, 0.998893678188324, 0.14354214072227478, 0.999215841293335, 0.06694269180297852, 0.9793382287025452, 0.2961008846759796, 0.9828593134880066, 0.990143895149231, 0.9988190531730652, 0.0006805001758038998, 0.9990314245223999, 0.051089510321617126, 0.9947776794433594, 0.449565052986145, 0.9989283680915833, 0.04754117131233215, 0.9934033751487732, 0.28759223222732544, 0.95485520362854, 0.11745323240756989, 0.9793806672096252, 0.10419221222400665, 0.9854975938796997, 0.9898180365562439, 0.9972840547561646, 0.014316911809146404, 0.9785715341567993, 0.059577733278274536, 0.9961962699890137, 0.014593766070902348, 0.9936633110046387, 0.9390746355056763, 0.957934558391571, 0.06972923129796982, 0.9992393255233765, 0.9930712580680847, 0.9992272853851318, 0.9021484851837158, 0.02548849582672119, 0.07030937075614929, 0.891345739364624, 0.13835255801677704, 0.1457156091928482, 0.0007813590345904231, 0.9983354210853577, 0.00027802909607999027, 0.9986294507980347, 0.04525655508041382, 0.998877227306366, 0.056451596319675446, 0.9981924891471863, 0.8642198443412781, 0.031156228855252266, 0.05228783190250397, 0.9656134843826294, 0.003504878841340542, 0.9981130361557007, 0.29615211486816406, 0.9971628785133362, 0.968285322189331, 0.9951578974723816, 0.006709501147270203, 0.9988765120506287, 0.008850077167153358, 0.021921534091234207, 0.12297172099351883, 0.011030454188585281, 0.0014487815788015723, 0.0038525224663317204, 0.0010870549594983459, 0.9992257356643677, 0.8943160772323608, 0.9962169528007507, 0.30272775888442993, 0.9686756134033203, 0.0010770849185064435, 0.963826596736908, 0.0092152189463377, 0.9936376214027405, 0.9052543044090271, 0.9988822340965271, 0.3064028024673462, 0.0009512880351394415, 0.0003310573229100555, 0.9961187839508057, 0.2901127338409424, 0.9992275238037109, 0.9519271850585938, 0.9722259044647217, 0.020718680694699287, 0.9342736601829529, 0.04842658340930939, 0.25900501012802124, 0.0011864043772220612, 0.03783241659402847, 0.00034094968577846885, 0.9745509624481201, 0.9841984510421753, 0.9992079138755798, 0.32731714844703674, 0.8705173134803772, 0.0009185900562442839, 0.205685093998909, 0.014104441739618778]}, "logits": {"test": [-1.6371771097183228, -2.704028367996216, -1.6833783388137817, -2.660949230194092, 1.7408263683319092, -3.087015151977539, -0.6474877595901489, -0.53045654296875, -1.7471731901168823, -3.6087806224823, 3.0403683185577393, -1.9787936210632324, 2.4643678665161133, -1.525321364402771, -3.0980143547058105, -3.5385782718658447, 3.0057666301727295, -0.9944541454315186, 3.1207830905914307, -1.3748618364334106, 1.7980177402496338, -0.5712092518806458, 1.8792510032653809, 2.1169612407684326, 2.9814822673797607, -3.3425796031951904, 3.0539791584014893, -1.5027133226394653, 2.3846499919891357, 0.012914473190903664, 3.01754093170166, -1.536358118057251, 2.286850690841675, -0.5902155637741089, 1.45156991481781, -1.0983822345733643, 1.7989495992660522, -1.1531567573547363, 1.9515401124954224, 2.10310435295105, 2.6537117958068848, -2.0805788040161133, 1.7821108102798462, -1.4303263425827026, 2.516014814376831, -2.0720760822296143, 2.303730010986328, 1.3148882389068604, 1.4833614826202393, -1.3553357124328613, 3.1240029335021973, 2.26619291305542, 3.12329363822937, 1.0921226739883423, -1.8224585056304932, -1.3513728380203247, 1.0414904356002808, -1.0138319730758667, -0.9865095019340515, -3.290487766265869, 2.849336862564087, -3.650161027908325, 2.9248664379119873, -1.5593063831329346, 3.0003182888031006, -1.4557750225067139, 2.816904306411743, 0.9312825798988342, -1.731231451034546, -1.4918440580368042, 1.57362961769104, -2.688084125518799, 2.799865245819092, -0.5711271166801453, 2.636002540588379, 1.6095901727676392, 2.416128158569336, -2.411796808242798, 3.0001022815704346, -2.291826009750366, -1.890452265739441, -1.0749268531799316, -2.1955296993255615, -3.049950122833252, -2.6483469009399414, -3.163316488265991, 3.1230456829071045, 1.0550466775894165, 2.51825213432312, -0.5568538904190063, 1.6150754690170288, -3.1669161319732666, 1.5510252714157104, -2.2741997241973877, 2.302035093307495, 1.1077592372894287, 3.0019898414611816, -0.5485317707061768, -3.2151339054107666, -3.596468925476074, 2.507702350616455, -0.5846734642982483, 3.123349905014038, 1.4231516122817993, 1.668292760848999, -1.9158086776733398, 1.2798212766647339, -1.527746558189392, -0.6504706740379333, -3.1290557384490967, -1.4388235807418823, -3.5869195461273193, 1.7067456245422363, 1.9144550561904907, 3.1185150146484375, -0.5041486024856567, 0.9551565647125244, -3.228624105453491, -0.7958636283874512, -2.0871822834014893]}, "general": {"acc_test": 0.7833333333333333, "precision_test": 0.8035714285714286, "recall_test": 0.75, "f1_test": 0.7758620689655172, "auc_test": 0.8333333333333333, "preds": [0.03824922814965248, 0.034591689705848694, 0.97645103931427, 0.26299071311950684, 0.03008539043366909, 0.9989936947822571, 0.9956894516944885, 0.0012836013920605183, 0.998893678188324, 0.999215841293335, 0.9793382287025452, 0.9828593134880066, 0.9988190531730652, 0.9990314245223999, 0.9947776794433594, 0.9989283680915833, 0.9934033751487732, 0.95485520362854, 0.9793806672096252, 0.9854975938796997, 0.9972840547561646, 0.9785715341567993, 0.9961962699890137, 0.9936633110046387, 0.957934558391571, 0.9992393255233765, 0.9992272853851318, 0.02548849582672119, 0.891345739364624, 0.1457156091928482, 0.9983354210853577, 0.9986294507980347, 0.998877227306366, 0.9981924891471863, 0.031156228855252266, 0.9656134843826294, 0.9981130361557007, 0.9971628785133362, 0.9951578974723816, 0.9988765120506287, 0.021921534091234207, 0.011030454188585281, 0.0038525224663317204, 0.9992257356643677, 0.9962169528007507, 0.9686756134033203, 0.963826596736908, 0.9936376214027405, 0.9988822340965271, 0.0009512880351394415, 0.9961187839508057, 0.9992275238037109, 0.9722259044647217, 0.9342736601829529, 0.25900501012802124, 0.03783241659402847, 0.9745509624481201, 0.9992079138755798, 0.8705173134803772, 0.205685093998909]}}
