{"name": "likelihood_threshold", "predictions": {"test": [-3.319941759109497, -3.610867500305176, -3.0575942993164062, -3.1826822757720947, -3.661729574203491, -4.18841028213501, -3.458806276321411, -2.9638540744781494, -3.600963592529297, -3.8995652198791504, -3.2443044185638428, -2.9435160160064697, -2.933598756790161, -3.2292540073394775, -3.583022356033325, -3.8047640323638916, -3.498906373977661, -3.4378421306610107, -2.7579755783081055, -2.7279934883117676, -3.3712151050567627, -3.197319507598877, -3.238840341567993, -3.1106767654418945, -3.3239965438842773, -3.483752965927124, -2.7937841415405273, -2.559431552886963, -3.434705972671509, -2.9220380783081055, -3.4515175819396973, -3.627936363220215, -3.3971855640411377, -3.0835392475128174, -2.5985474586486816, -2.7186949253082275, -3.30031681060791, -3.143124580383301, -2.7439656257629395, -3.1511900424957275, -2.7428267002105713, -3.4227569103240967, -2.63519549369812, -2.7879393100738525, -2.9931280612945557, -3.2498979568481445, -2.5249130725860596, -3.3101418018341064, -3.3991904258728027, -3.249077558517456, -2.9326391220092773, -3.022451877593994, -2.8726301193237305, -3.3524255752563477, -3.688040256500244, -3.685779333114624, -2.0259244441986084, -2.7686758041381836, -3.037936210632324, -4.1127190589904785, -2.6351158618927, -3.3229737281799316, -3.3495986461639404, -3.1848037242889404, -2.561140298843384, -2.851383924484253, -3.2042198181152344, -3.340991497039795, -2.949725389480591, -2.8097174167633057, -2.3653883934020996, -3.100554943084717, -3.359424352645874, -2.92744517326355, -2.752952814102173, -2.865732192993164, -3.133976936340332, -3.4191689491271973, -2.997060537338257, -3.3712148666381836, -2.8005945682525635, -2.7507050037384033, -2.805887222290039, -3.2380850315093994, -3.516329765319824, -3.81430721282959, -2.775512456893921, -3.0289437770843506, -3.1485607624053955, -3.1127688884735107, -2.5774950981140137, -2.4685521125793457, -2.923865556716919, -3.1748201847076416, -3.0356156826019287, -2.653822422027588, -4.216270923614502, -3.721132755279541, -2.957991600036621, -3.29359769821167, -3.07038950920105, -3.064150333404541, -2.9090652465820312, -3.155567169189453, -3.0097849369049072, -3.1256484985351562, -3.177766799926758, -3.324493885040283, -3.5633082389831543, -3.236172676086426, -2.5133750438690186, -3.0556509494781494, -2.8590474128723145, -2.9755966663360596, -2.676365613937378, -3.028151273727417, -3.4223413467407227, -3.8252036571502686, -3.6582396030426025, -3.477696180343628]}, "general": {"acc_test": 0.5333333333333333, "precision_test": 0.5285714285714286, "recall_test": 0.6166666666666667, "f1_test": 0.5692307692307693, "auc_test": 0.5891666666666667}}
{"name": "rank_threshold", "predictions": {"test": [-136.91851806640625, -218.8170623779297, -159.0625, -235.3125, -158.76974487304688, -550.5865478515625, -96.69930267333984, -100.91802978515625, -94.58192443847656, -223.46112060546875, -291.6883239746094, -147.67721557617188, -39.561641693115234, -75.45205688476562, -175.34437561035156, -163.87661743164062, -295.5833435058594, -428.89031982421875, -53.58000183105469, -157.32386779785156, -159.1727752685547, -344.90740966796875, -134.95419311523438, -131.81118774414062, -115.99137878417969, -279.8344421386719, -96.11111450195312, -88.89115142822266, -130.51922607421875, -139.446533203125, -174.16773986816406, -382.59478759765625, -275.370361328125, -128.6844940185547, -19.07826042175293, -143.3913116455078, -121.86884307861328, -126.49090576171875, -72.13793182373047, -245.87820434570312, -38.825504302978516, -303.8888854980469, -55.79452133178711, -123.97468566894531, -237.125, -215.74545288085938, -47.39411926269531, -342.2605895996094, -113.4765625, -151.30201721191406, -74.21126556396484, -84.07142639160156, -36.67222213745117, -54.80864334106445, -209.55714416503906, -185.1234588623047, -15.815476417541504, -59.90860366821289, -178.11038208007812, -353.5856628417969, -57.67597579956055, -338.190185546875, -178.60293579101562, -127.00609588623047, -38.81632614135742, -107.79267883300781, -107.71794891357422, -134.1241912841797, -39.66666793823242, -254.44586181640625, -39.4591178894043, -122.47333526611328, -120.11428833007812, -167.76087951660156, -50.077518463134766, -205.20730590820312, -98.23333740234375, -257.59375, -63.51704788208008, -187.7663116455078, -36.51592254638672, -39.546051025390625, -61.795772552490234, -89.87574005126953, -137.0546875, -306.87249755859375, -54.94630813598633, -164.5, -134.27951049804688, -89.24285888671875, -47.888893127441406, -148.44927978515625, -48.679012298583984, -100.55033874511719, -80.51282501220703, -139.7385711669922, -230.0, -261.664794921875, -233.53164672851562, -309.1190490722656, -53.730430603027344, -62.050724029541016, -32.00806427001953, -92.05594635009766, -65.41954040527344, -94.96470642089844, -224.32652282714844, -147.56082153320312, -116.69629669189453, -169.356689453125, -26.654321670532227, -61.53845977783203, -37.95121765136719, -71.43225860595703, -44.3684196472168, -121.60588836669922, -182.24160766601562, -575.9876098632812, -185.96026611328125, -205.77438354492188]}, "general": {"acc_test": 0.5916666666666667, "precision_test": 0.5679012345679012, "recall_test": 0.7666666666666667, "f1_test": 0.6524822695035462, "auc_test": 0.726388888888889}}
{"name": "log_rank_threshold", "predictions": {"test": [-1.829532504081726, -2.0338428020477295, -1.634796380996704, -1.7360754013061523, -2.069762706756592, -2.412243604660034, -1.9676481485366821, -1.6024430990219116, -2.0011117458343506, -2.213407278060913, -1.8108928203582764, -1.556084394454956, -1.5222914218902588, -1.7607510089874268, -2.083582878112793, -2.2551426887512207, -1.884237289428711, -1.821833848953247, -1.4278048276901245, -1.400146484375, -1.9013102054595947, -1.6615945100784302, -1.735055923461914, -1.620785117149353, -1.7564570903778076, -1.8776754140853882, -1.4212130308151245, -1.2129688262939453, -1.852636456489563, -1.5587868690490723, -1.9524472951889038, -2.0641634464263916, -1.8354514837265015, -1.660825490951538, -1.2941840887069702, -1.2980594635009766, -1.792506217956543, -1.585797667503357, -1.384696125984192, -1.6418120861053467, -1.3752175569534302, -1.8367359638214111, -1.3687260150909424, -1.3715580701828003, -1.6170164346694946, -1.7334626913070679, -1.2983208894729614, -1.7484071254730225, -1.8584481477737427, -1.6818459033966064, -1.5659890174865723, -1.5107784271240234, -1.440777063369751, -1.754647970199585, -2.058101177215576, -2.0148439407348633, -0.933668851852417, -1.388899564743042, -1.628676176071167, -2.307927370071411, -1.2727526426315308, -1.6993448734283447, -1.8725117444992065, -1.6749334335327148, -1.2274327278137207, -1.4064280986785889, -1.7708395719528198, -1.726657509803772, -1.5920696258544922, -1.4103633165359497, -1.132987380027771, -1.636112093925476, -1.816757082939148, -1.4486064910888672, -1.476366400718689, -1.462693691253662, -1.6774533987045288, -1.8737419843673706, -1.5356525182724, -1.8258317708969116, -1.3684285879135132, -1.3430064916610718, -1.476950764656067, -1.6887171268463135, -1.8875994682312012, -2.155956506729126, -1.3508955240249634, -1.5106306076049805, -1.7067689895629883, -1.6423453092575073, -1.2326325178146362, -1.137257695198059, -1.5341845750808716, -1.665698528289795, -1.5825448036193848, -1.3393255472183228, -2.4377949237823486, -2.09210467338562, -1.4841787815093994, -1.7925723791122437, -1.6394904851913452, -1.5216152667999268, -1.4644736051559448, -1.6085350513458252, -1.5095463991165161, -1.6404814720153809, -1.6784262657165527, -1.7917579412460327, -1.9812933206558228, -1.7340331077575684, -1.165080189704895, -1.5653327703475952, -1.4618878364562988, -1.5030066967010498, -1.3961418867111206, -1.6020511388778687, -1.9016934633255005, -2.2126431465148926, -2.0253937244415283, -1.8349379301071167]}, "general": {"acc_test": 0.525, "precision_test": 0.5223880597014925, "recall_test": 0.5833333333333334, "f1_test": 0.5511811023622046, "auc_test": 0.553611111111111}}
{"name": "entropy_threshold", "predictions": {"test": [3.5979437828063965, 3.930830717086792, 3.3003249168395996, 3.4145572185516357, 3.805471420288086, 3.8890273571014404, 3.3284566402435303, 3.2291765213012695, 3.6110146045684814, 3.839531898498535, 3.3239986896514893, 3.31546688079834, 3.1455509662628174, 3.359699249267578, 3.685279369354248, 3.85227108001709, 3.659846067428589, 3.807250499725342, 2.9782638549804688, 3.3206851482391357, 3.6181774139404297, 3.946267604827881, 3.312150001525879, 3.2134385108947754, 3.4731929302215576, 3.528266668319702, 2.9733095169067383, 2.9968161582946777, 3.1991498470306396, 3.2061307430267334, 3.688009023666382, 3.791299819946289, 3.3368022441864014, 3.2502710819244385, 3.0058088302612305, 3.197566032409668, 3.3201537132263184, 3.421308994293213, 3.242306709289551, 3.4592230319976807, 3.077242136001587, 3.3327584266662598, 2.688918113708496, 2.802168130874634, 3.47050404548645, 3.696507453918457, 3.0521650314331055, 3.569157838821411, 3.379026412963867, 3.4479165077209473, 3.1865391731262207, 3.3963258266448975, 3.1780283451080322, 3.4852309226989746, 3.53408145904541, 3.6460540294647217, 2.3095703125, 2.887233257293701, 3.4508302211761475, 4.229419708251953, 2.8299078941345215, 3.4590277671813965, 3.6273324489593506, 3.5271694660186768, 3.111145257949829, 3.30265212059021, 3.184560537338257, 3.3219499588012695, 3.210798740386963, 3.178894281387329, 3.0667073726654053, 3.523080348968506, 3.2379674911499023, 3.2134454250335693, 3.082786798477173, 3.1708760261535645, 3.313776731491089, 3.6047165393829346, 3.2277729511260986, 3.4474222660064697, 3.08831524848938, 3.2342169284820557, 3.033587694168091, 3.5126945972442627, 3.3921592235565186, 3.7993786334991455, 2.8106327056884766, 2.912135601043701, 3.354616641998291, 3.406130790710449, 3.0492899417877197, 2.7599544525146484, 2.9591078758239746, 3.293154239654541, 2.836313247680664, 2.7151429653167725, 4.049199104309082, 3.722368001937866, 3.3176324367523193, 3.5750014781951904, 3.334264039993286, 3.2250869274139404, 3.2579681873321533, 3.6716833114624023, 2.966290235519409, 3.3182661533355713, 3.307291269302368, 3.5578505992889404, 3.5957818031311035, 3.461763381958008, 3.1861157417297363, 3.292348861694336, 3.4557688236236572, 3.2560622692108154, 2.9923834800720215, 3.2721877098083496, 3.6310813426971436, 3.973037004470825, 3.7222788333892822, 3.587005853652954]}, "general": {"acc_test": 0.55, "precision_test": 0.5340909090909091, "recall_test": 0.7833333333333333, "f1_test": 0.6351351351351351, "auc_test": 0.6472222222222223}}
{"name": "rank_GLTR_threshold", "predictions": {"test": [[0.7037037037037037, 0.1259259259259259, 0.1259259259259259, 0.044444444444444446], [0.676829268292683, 0.12804878048780488, 0.1402439024390244, 0.054878048780487805], [0.7159090909090909, 0.1534090909090909, 0.08522727272727272, 0.045454545454545456], [0.71875, 0.13020833333333334, 0.109375, 0.041666666666666664], [0.625, 0.21052631578947367, 0.1118421052631579, 0.05263157894736842], [0.5810055865921788, 0.22905027932960895, 0.10614525139664804, 0.08379888268156424], [0.6433566433566433, 0.1958041958041958, 0.13286713286713286, 0.027972027972027972], [0.726775956284153, 0.14207650273224043, 0.09289617486338798, 0.03825136612021858], [0.6497175141242938, 0.2033898305084746, 0.12994350282485875, 0.01694915254237288], [0.5833333333333334, 0.25555555555555554, 0.12777777777777777, 0.03333333333333333], [0.6883116883116883, 0.18181818181818182, 0.09740259740259741, 0.032467532467532464], [0.7088607594936709, 0.18354430379746836, 0.0759493670886076, 0.03164556962025317], [0.726027397260274, 0.18493150684931506, 0.08904109589041095, 0.0], [0.6712328767123288, 0.22602739726027396, 0.0821917808219178, 0.02054794520547945], [0.6622516556291391, 0.1390728476821192, 0.152317880794702, 0.046357615894039736], [0.6103896103896104, 0.19480519480519481, 0.15584415584415584, 0.03896103896103896], [0.6602564102564102, 0.21794871794871795, 0.08333333333333333, 0.038461538461538464], [0.6838709677419355, 0.1870967741935484, 0.0967741935483871, 0.03225806451612903], [0.78, 0.1, 0.11333333333333333, 0.006666666666666667], [0.7613636363636364, 0.14204545454545456, 0.07954545454545454, 0.017045454545454544], [0.680628272251309, 0.18324607329842932, 0.09424083769633508, 0.041884816753926704], [0.7222222222222222, 0.14814814814814814, 0.08641975308641975, 0.043209876543209874], [0.7175572519083969, 0.15267175572519084, 0.08396946564885496, 0.04580152671755725], [0.7622377622377622, 0.15384615384615385, 0.055944055944055944, 0.027972027972027972], [0.6637931034482759, 0.2672413793103448, 0.02586206896551724, 0.04310344827586207], [0.695364238410596, 0.19205298013245034, 0.059602649006622516, 0.052980132450331126], [0.7948717948717948, 0.09401709401709402, 0.08547008547008547, 0.02564102564102564], [0.8435374149659864, 0.08843537414965986, 0.047619047619047616, 0.02040816326530612], [0.6666666666666666, 0.1858974358974359, 0.11538461538461539, 0.03205128205128205], [0.7672955974842768, 0.12578616352201258, 0.06289308176100629, 0.0440251572327044], [0.6516129032258065, 0.1935483870967742, 0.0967741935483871, 0.05806451612903226], [0.6666666666666666, 0.13725490196078433, 0.13725490196078433, 0.058823529411764705], [0.6666666666666666, 0.17901234567901234, 0.10493827160493827, 0.04938271604938271], [0.7058823529411765, 0.17647058823529413, 0.09090909090909091, 0.026737967914438502], [0.808695652173913, 0.11304347826086956, 0.0782608695652174, 0.0], [0.8115942028985508, 0.12318840579710146, 0.036231884057971016, 0.028985507246376812], [0.7295081967213115, 0.1557377049180328, 0.08196721311475409, 0.03278688524590164], [0.7515151515151515, 0.13333333333333333, 0.07878787878787878, 0.03636363636363636], [0.7517241379310344, 0.20689655172413793, 0.020689655172413793, 0.020689655172413793], [0.6987179487179487, 0.23076923076923078, 0.04487179487179487, 0.02564102564102564], [0.7919463087248322, 0.12080536912751678, 0.08053691275167785, 0.006711409395973154], [0.7, 0.18333333333333332, 0.05, 0.06666666666666667], [0.7602739726027398, 0.1506849315068493, 0.0821917808219178, 0.00684931506849315], [0.7721518987341772, 0.13924050632911392, 0.06962025316455696, 0.0189873417721519], [0.75, 0.1125, 0.1125, 0.025], [0.7212121212121212, 0.15151515151515152, 0.09090909090909091, 0.03636363636363636], [0.7647058823529411, 0.17058823529411765, 0.058823529411764705, 0.0058823529411764705], [0.6909090909090909, 0.18787878787878787, 0.07878787878787878, 0.04242424242424243], [0.65625, 0.2421875, 0.0625, 0.0390625], [0.738255033557047, 0.1476510067114094, 0.09395973154362416, 0.020134228187919462], [0.7183098591549296, 0.1619718309859155, 0.09154929577464789, 0.028169014084507043], [0.7272727272727273, 0.17532467532467533, 0.08441558441558442, 0.012987012987012988], [0.7388888888888889, 0.16666666666666666, 0.08888888888888889, 0.005555555555555556], [0.654320987654321, 0.2654320987654321, 0.07407407407407407, 0.006172839506172839], [0.6285714285714286, 0.25, 0.05, 0.07142857142857142], [0.6296296296296297, 0.24074074074074073, 0.09876543209876543, 0.030864197530864196], [0.8452380952380952, 0.11904761904761904, 0.03571428571428571, 0.0], [0.7634408602150538, 0.15591397849462366, 0.06989247311827956, 0.010752688172043012], [0.7402597402597403, 0.12337662337662338, 0.12337662337662338, 0.012987012987012988], [0.6022099447513812, 0.2154696132596685, 0.13812154696132597, 0.04419889502762431], [0.776536312849162, 0.16759776536312848, 0.0446927374301676, 0.0111731843575419], [0.7423312883435583, 0.15950920245398773, 0.06748466257668712, 0.03067484662576687], [0.6838235294117647, 0.19117647058823528, 0.08823529411764706, 0.03676470588235294], [0.7195121951219512, 0.15853658536585366, 0.0975609756097561, 0.024390243902439025], [0.7959183673469388, 0.12244897959183673, 0.07482993197278912, 0.006802721088435374], [0.7560975609756098, 0.15853658536585366, 0.06707317073170732, 0.018292682926829267], [0.6987179487179487, 0.15384615384615385, 0.10897435897435898, 0.038461538461538464], [0.6862745098039216, 0.19607843137254902, 0.08496732026143791, 0.032679738562091505], [0.6929824561403509, 0.19298245614035087, 0.11403508771929824, 0.0], [0.7770700636942676, 0.1337579617834395, 0.07643312101910828, 0.012738853503184714], [0.8176100628930818, 0.14465408805031446, 0.025157232704402517, 0.012578616352201259], [0.7533333333333333, 0.15333333333333332, 0.06, 0.03333333333333333], [0.6785714285714286, 0.2, 0.07857142857142857, 0.04285714285714286], [0.782608695652174, 0.13768115942028986, 0.057971014492753624, 0.021739130434782608], [0.751937984496124, 0.17054263565891473, 0.06201550387596899, 0.015503875968992248], [0.7378048780487805, 0.1951219512195122, 0.036585365853658534, 0.03048780487804878], [0.7, 0.21666666666666667, 0.05, 0.03333333333333333], [0.7, 0.1625, 0.075, 0.0625], [0.7159090909090909, 0.17613636363636365, 0.09659090909090909, 0.011363636363636364], [0.6413043478260869, 0.2391304347826087, 0.09239130434782608, 0.02717391304347826], [0.7961783439490446, 0.12738853503184713, 0.07006369426751592, 0.006369426751592357], [0.7828947368421053, 0.17105263157894737, 0.03289473684210526, 0.013157894736842105], [0.7323943661971831, 0.15492957746478872, 0.09859154929577464, 0.014084507042253521], [0.7337278106508875, 0.15976331360946747, 0.08284023668639054, 0.023668639053254437], [0.703125, 0.1953125, 0.0703125, 0.03125], [0.610738255033557, 0.2550335570469799, 0.0738255033557047, 0.06040268456375839], [0.8053691275167785, 0.15436241610738255, 0.026845637583892617, 0.013422818791946308], [0.7642857142857142, 0.15714285714285714, 0.05, 0.02857142857142857], [0.7018633540372671, 0.18633540372670807, 0.07453416149068323, 0.037267080745341616], [0.7357142857142858, 0.15, 0.1, 0.014285714285714285], [0.7777777777777778, 0.1794871794871795, 0.03418803418803419, 0.008547008547008548], [0.8260869565217391, 0.12318840579710146, 0.043478260869565216, 0.007246376811594203], [0.7469135802469136, 0.16666666666666666, 0.07407407407407407, 0.012345679012345678], [0.7114093959731543, 0.1610738255033557, 0.11409395973154363, 0.013422818791946308], [0.717948717948718, 0.1987179487179487, 0.0641025641025641, 0.019230769230769232], [0.7777777777777778, 0.17647058823529413, 0.013071895424836602, 0.032679738562091505], [0.5802469135802469, 0.19753086419753085, 0.16049382716049382, 0.06172839506172839], [0.6368715083798883, 0.21787709497206703, 0.09497206703910614, 0.05027932960893855], [0.7784810126582279, 0.12658227848101267, 0.06329113924050633, 0.03164556962025317], [0.7321428571428571, 0.13095238095238096, 0.08928571428571429, 0.047619047619047616], [0.6695652173913044, 0.25217391304347825, 0.06956521739130435, 0.008695652173913044], [0.782608695652174, 0.13768115942028986, 0.06521739130434782, 0.014492753623188406], [0.7903225806451613, 0.13709677419354838, 0.06451612903225806, 0.008064516129032258], [0.7482517482517482, 0.17482517482517482, 0.04895104895104895, 0.027972027972027972], [0.7471264367816092, 0.16666666666666666, 0.07471264367816093, 0.011494252873563218], [0.7352941176470589, 0.18823529411764706, 0.058823529411764705, 0.01764705882352941], [0.7006802721088435, 0.22448979591836735, 0.04081632653061224, 0.034013605442176874], [0.6891891891891891, 0.20945945945945946, 0.06756756756756757, 0.033783783783783786], [0.6592592592592592, 0.18518518518518517, 0.1111111111111111, 0.044444444444444446], [0.7261146496815286, 0.1337579617834395, 0.10828025477707007, 0.03184713375796178], [0.8148148148148148, 0.14814814814814814, 0.030864197530864196, 0.006172839506172839], [0.7412587412587412, 0.16783216783216784, 0.07692307692307693, 0.013986013986013986], [0.7398373983739838, 0.18699186991869918, 0.06504065040650407, 0.008130081300813009], [0.7161290322580646, 0.2, 0.07741935483870968, 0.0064516129032258064], [0.7631578947368421, 0.13815789473684212, 0.09210526315789473, 0.006578947368421052], [0.7470588235294118, 0.1411764705882353, 0.08235294117647059, 0.029411764705882353], [0.6845637583892618, 0.19463087248322147, 0.0738255033557047, 0.04697986577181208], [0.6521739130434783, 0.14285714285714285, 0.12422360248447205, 0.08074534161490683], [0.6291390728476821, 0.2185430463576159, 0.10596026490066225, 0.046357615894039736], [0.7012195121951219, 0.21951219512195122, 0.036585365853658534, 0.042682926829268296]]}, "general": {"acc_test": 0.4666666666666667, "precision_test": 0.46875, "recall_test": 0.5, "f1_test": 0.4838709677419355, "auc_test": 0.5061111111111112}}
{"name": "perturbation_10_z", "predictions": {"test": [0.2095422399690781, -0.43628227329168007, 0.4488454791928823, 1.1636941001888306, 0.25374247488588925, 0.11287508895712839, 0.05934593700212867, 0.8952137509796415, 0.15150538807006705, -0.7125477444509115, 1.3705196253516634, 0.9831076134095054, 0.8337363833583237, -0.21535861080056742, -0.29701811940836487, -0.013357799644194418, 0.5992542156864288, 0.755532323773404, 0.44886463124361686, 0.6015228916730913, 0.3808775218406575, 1.1258696965243236, 1.0133237910674928, 1.2951746032574996, 1.1760883135253952, 0.6204249173532215, 0.65494562470623, 2.298958372878752, 0.2364752852333039, -0.02238837038515651, 1.4888906023975312, 1.0762497176340466, 0.6880741779505514, 1.2276956576806168, 1.246542720512939, 0.4623536562750249, 0.3786512080522684, 0.09445041356126097, 0.25856998674870524, 0.38463122872429706, 0.6552831039894372, 1.1103972785874734, 0.8506017523704321, 0.6765866842255798, -0.14504501068094625, 0.72277539010536, 1.6166555576125368, 0.09708201655369468, 1.036229335654211, -0.6835132829240577, 0.4438291539855051, 0.623711474527204, 1.1140279748603543, 0.5525390758870947, 1.0580538668603725, 0.8275880509106895, 1.2534325891052778, 1.0188955222220526, 0.16778956013819382, 0.1907654808807773, 0.5125979799298975, 0.5574011607762429, 0.9089405526782319, 0.5066340844599665, 1.3442725703418126, 1.2960645746523227, 1.2817006703203901, -0.2634893305304776, 0.6675895954608673, -0.3352205468513152, 1.2708463387504847, 0.009466646912987589, -0.2628957848072771, 0.26835259901467445, 1.1738815961301787, 0.517821668254036, -0.4225469881445053, 0.19681217607583384, 0.827364400637313, 0.9107523252289618, 0.41223105350150596, 0.22573033153190233, 0.6334584585563433, -0.9461281435089819, 0.045142335177711615, -0.16265981148002168, 0.8812195263450318, 0.18417907217209672, 0.007941005409463327, 0.3506646330589466, 1.7909392381658833, 0.7872883789479644, 0.7764151029999735, 0.38713740302422817, 0.21849406413830155, 0.8620480511333009, 0.04492978053500045, 0.009890955313413892, 1.0310226115417194, 0.4374798099782592, 0.4610476310583511, 0.19390753317167286, 0.6578251435894845, -0.05382254108053186, 0.3717188138175147, 0.4823336134956393, -0.0327018925737202, 0.32660364123880414, -0.2463459647096715, 0.08491237908821812, 0.6457779096882367, 0.13841309491923134, 0.2195287386167643, -0.6132120342958172, 1.6727207137579565, 0.5588545377995128, 0.07153019106286387, 0.5834370902814963, -0.035888745671931, 0.5801041749795761]}, "info": {"pct_words_masked": 0.3, "span_length": 2, "n_perturbations": 10}, "general": {"acc_test": 0.55, "precision_test": 0.5405405405405406, "recall_test": 0.6666666666666666, "f1_test": 0.5970149253731343, "auc_test": 0.5930555555555556}}
{"Name": "GPT-sentinel", "acc": 0.825}
{"name": "roberta-base-openai-detector", "predictions": {"test": [0.011667326092720032, 0.0002950234629679471, 0.00028639088850468397, 0.00016931368736550212, 0.00020360802591312677, 0.0005042623379267752, 0.00020095895160920918, 0.00017396642942912877, 0.00023111233895178884, 0.0005232709227129817, 0.000194603533600457, 0.009387609548866749, 0.15485768020153046, 0.7839425802230835, 0.0001690760545898229, 0.005238021723926067, 0.0010223218705505133, 0.00017164861492346972, 0.0013294873060658574, 0.11015334725379944, 0.007275853306055069, 0.001285665319301188, 0.00016790950030554086, 0.00016897404566407204, 0.0351608507335186, 0.00017197791021317244, 0.004732650239020586, 0.0009459492866881192, 0.00018620800983626395, 0.10202240943908691, 0.00017704909259919077, 0.00017135620873887092, 0.0006067614303901792, 0.014850117266178131, 0.9997835755348206, 0.006233598571270704, 0.001613949309103191, 0.17016460001468658, 0.0003818189725279808, 0.04987223073840141, 0.0001730862131807953, 0.00018139768508262932, 0.00019593065371736884, 0.00024352014588657767, 0.164015993475914, 0.00017666746862232685, 0.00018190431001130491, 0.002129994099959731, 0.0008853197796270251, 0.00024090023362077773, 0.0003747516602743417, 0.002688715700060129, 0.005297285038977861, 0.0005498509272001684, 0.0019509150879457593, 0.6149576902389526, 0.00023243627219926566, 0.00016929273260757327, 0.0004369664820842445, 0.020309295505285263, 0.00020471701282076538, 0.00017821334768086672, 0.00016974593745544553, 0.00018483794701751322, 0.9938836693763733, 0.0007248105248436332, 0.0005232251132838428, 0.026018371805548668, 0.0001890502026071772, 0.0007172587211243808, 0.9995546936988831, 0.0019131946610286832, 0.00016822201723698527, 0.0006019151187501848, 0.1064709722995758, 0.0004839498142246157, 0.0846744105219841, 0.00017221731832250953, 0.0003350088663864881, 0.00027553830295801163, 0.0007054738234728575, 0.0008293126011267304, 0.007767746224999428, 0.04508712515234947, 0.0002467896556481719, 0.00017955296789295971, 0.0006456596893258393, 0.00018198619363829494, 0.004057235084474087, 0.00017854552424978465, 0.30243971943855286, 0.02135397307574749, 0.0003716879291459918, 0.00033660506596788764, 0.00026856581098400056, 0.0002189807710237801, 0.001874491572380066, 0.0004684352898038924, 0.00025403816835023463, 0.00017054268391802907, 0.9801509380340576, 0.3960545063018799, 0.9826220273971558, 0.846278965473175, 0.00023584240989293903, 0.00018256128532812, 0.2416824847459793, 0.002227288205176592, 0.02233320288360119, 0.0005339074996300042, 0.8216031789779663, 0.12674760818481445, 0.17807909846305847, 0.000439759052824229, 0.8089168071746826, 0.00023540007532574236, 0.0001726026675896719, 0.00016789733490440995, 0.0013464129297062755, 0.00026578822871670127]}, "logits": {"test": [-2.3811376094818115, -4.38696813583374, -4.415258407592773, -4.708128929138184, -4.608126163482666, -4.0815043449401855, -4.612736701965332, -4.695644378662109, -4.539769172668457, -4.077611923217773, -4.629881381988525, -2.501373291015625, -0.9452923536300659, 0.6067016124725342, -4.710243225097656, -2.8039097785949707, -3.7108054161071777, -4.709725856781006, -3.5719218254089355, -1.137615442276001, -2.63547682762146, -3.5890965461730957, -4.721397399902344, -4.714417457580566, -1.777040958404541, -4.705384731292725, -2.8882195949554443, -3.7509102821350098, -4.662423133850098, -1.1979458332061768, -4.688276290893555, -4.703958511352539, -3.994443893432617, -2.254193067550659, 4.559125900268555, -2.729247570037842, -3.459847927093506, -0.8630470037460327, -4.256505012512207, -1.5980216264724731, -4.7022857666015625, -4.670258045196533, -4.62847900390625, -4.5046706199646, -0.8981987237930298, -4.680461406707764, -4.673534393310547, -3.302039384841919, -3.7889139652252197, -4.510347843170166, -4.270473957061768, -3.186537981033325, -2.8157918453216553, -4.048520088195801, -3.3394775390625, 0.1840171217918396, -4.5325727462768555, -4.715237140655518, -4.17787504196167, -2.0583176612854004, -4.607115268707275, -4.682336330413818, -4.712419509887695, -4.6623854637146, 2.6481051445007324, -3.900494337081909, -4.079647541046143, -1.9483014345169067, -4.655883312225342, -3.908032178878784, 4.135401248931885, -3.3663856983184814, -4.717983722686768, -4.008166313171387, -1.171508550643921, -4.1210174560546875, -1.3094886541366577, -4.7010273933410645, -4.321793556213379, -4.4337382316589355, -3.910074234008789, -3.821125030517578, -2.617138624191284, -1.6568278074264526, -4.497710227966309, -4.678645610809326, -3.9654839038848877, -4.668490409851074, -2.937030792236328, -4.677560806274414, -0.4988435208797455, -2.0527307987213135, -4.268881797790527, -4.321429252624512, -4.453064918518066, -4.5668721199035645, -3.370950937271118, -4.143941402435303, -4.48625373840332, -4.710608005523682, 1.9714972972869873, -0.27711355686187744, 2.052597999572754, 0.8156725764274597, -4.5268144607543945, -4.670619010925293, -0.6578636765480042, -3.2914905548095703, -2.037766695022583, -4.062135219573975, 0.7342729568481445, -1.0481609106063843, -0.856330394744873, -4.182378768920898, 0.6762943863868713, -4.516098499298096, -4.701564311981201, -4.717751502990723, -3.5526363849639893, -4.455366611480713]}, "general": {"acc_test": 0.5333333333333333, "precision_test": 0.7, "recall_test": 0.11666666666666667, "f1_test": 0.2, "auc_test": 0.5625, "preds": [0.011667326092720032, 0.00028639088850468397, 0.00020360802591312677, 0.00020095895160920918, 0.00023111233895178884, 0.000194603533600457, 0.15485768020153046, 0.0001690760545898229, 0.0010223218705505133, 0.0013294873060658574, 0.007275853306055069, 0.00016790950030554086, 0.0351608507335186, 0.004732650239020586, 0.00018620800983626395, 0.00017704909259919077, 0.0006067614303901792, 0.9997835755348206, 0.001613949309103191, 0.0003818189725279808, 0.0001730862131807953, 0.00019593065371736884, 0.164015993475914, 0.00018190431001130491, 0.0008853197796270251, 0.0003747516602743417, 0.005297285038977861, 0.0019509150879457593, 0.00023243627219926566, 0.0004369664820842445, 0.00020471701282076538, 0.00016974593745544553, 0.9938836693763733, 0.0005232251132838428, 0.0001890502026071772, 0.9995546936988831, 0.00016822201723698527, 0.1064709722995758, 0.0846744105219841, 0.0003350088663864881, 0.0007054738234728575, 0.007767746224999428, 0.0002467896556481719, 0.0006456596893258393, 0.004057235084474087, 0.30243971943855286, 0.0003716879291459918, 0.00026856581098400056, 0.001874491572380066, 0.00025403816835023463, 0.9801509380340576, 0.9826220273971558, 0.00023584240989293903, 0.2416824847459793, 0.02233320288360119, 0.8216031789779663, 0.17807909846305847, 0.8089168071746826, 0.0001726026675896719, 0.0013464129297062755]}}
{"name": "Hello-SimpleAI/chatgpt-detector-roberta", "predictions": {"test": [0.026066217571496964, 0.003373952815309167, 0.01313190907239914, 0.0037386708427220583, 0.0007824557833373547, 0.0013197577791288495, 0.05009588599205017, 0.3147823214530945, 0.0006221478106454015, 0.00031857125577516854, 0.008224740624427795, 0.017998497933149338, 0.18098348379135132, 0.048677992075681686, 0.0018331044120714068, 0.0003942338516935706, 0.039316289126873016, 0.14354178309440613, 0.04850988835096359, 0.06694262474775314, 0.005341107491403818, 0.2961008846759796, 0.9037256836891174, 0.990143895149231, 0.05220164358615875, 0.0006805001758038998, 0.744299590587616, 0.051089461892843246, 0.025315092876553535, 0.4495549201965332, 0.01713712513446808, 0.04754120856523514, 0.07616874575614929, 0.2875921428203583, 0.9941745400428772, 0.11745363473892212, 0.0214074719697237, 0.10417945683002472, 0.9757757782936096, 0.9898180365562439, 0.99600750207901, 0.014316904358565807, 0.7157674431800842, 0.059577733278274536, 0.014421951957046986, 0.014593689702451229, 0.989469051361084, 0.9390746355056763, 0.0004000089247711003, 0.06972923129796982, 0.9936925172805786, 0.9930712580680847, 0.04415871948003769, 0.9021484851837158, 0.04192756116390228, 0.07030937075614929, 0.06355179846286774, 0.13835255801677704, 0.2373262643814087, 0.0007813590345904231, 0.03252926096320152, 0.00027802909607999027, 0.006652503740042448, 0.04525655508041382, 0.8747336268424988, 0.05645149573683739, 0.03157147392630577, 0.8642202019691467, 0.0005505622830241919, 0.05228765681385994, 0.14774896204471588, 0.0035048688296228647, 0.02607148326933384, 0.2961519956588745, 0.9767593145370483, 0.968285322189331, 0.9973222613334656, 0.006709489040076733, 0.024667853489518166, 0.008850098587572575, 0.05651639401912689, 0.12297175824642181, 0.006935162469744682, 0.0014487787848338485, 0.01334596611559391, 0.0010870543774217367, 0.9256123304367065, 0.8943161964416504, 0.048175960779190063, 0.3027280867099762, 0.04796019196510315, 0.0010770880617201328, 0.0685243085026741, 0.00921519286930561, 0.10652092844247818, 0.9052544236183167, 0.0019526128889992833, 0.30640289187431335, 0.0012847871985286474, 0.0003310573229100555, 0.1617916077375412, 0.29011255502700806, 0.9750222563743591, 0.9519271850585938, 0.04382374510169029, 0.02071872353553772, 0.322995126247406, 0.04842656850814819, 0.000431763386586681, 0.0011864021653309464, 0.02020665630698204, 0.00034094968577846885, 0.9849766492843628, 0.9841984510421753, 0.291217178106308, 0.32731714844703674, 0.1517046093940735, 0.0009185900562442839, 0.0393170602619648, 0.014104441739618778]}, "logits": {"test": [-1.8122953176498413, -2.704028367996216, -2.1187632083892822, -2.660949230194092, -3.2899529933929443, -3.087015151977539, -1.5118920803070068, -0.53045654296875, -3.3759517669677734, -3.6087806224823, -2.323678493499756, -1.9787936210632324, -0.868806004524231, -1.525321364402771, -2.9554009437561035, -3.5385782718658447, -1.624507188796997, -0.9944553375244141, -1.5269420146942139, -1.3748626708984375, -2.5096981525421143, -0.5712090134620667, 1.0999919176101685, 2.1169607639312744, -1.492606282234192, -3.3425793647766113, 0.5850691795349121, -1.5027137994766235, -1.8255350589752197, 0.012896167114377022, -2.0006728172302246, -1.5363576412200928, -1.3128045797348022, -0.5902159214019775, 2.3389923572540283, -1.0983805656433105, -1.9011197090148926, -1.1532186269760132, 1.7284263372421265, 2.10310435295105, 2.496042013168335, -2.0805790424346924, 0.5195759534835815, -1.4303265810012817, -2.077329635620117, -2.0720789432525635, 2.088738203048706, 1.314887285232544, -3.5336406230926514, -1.3553357124328613, 2.3056726455688477, 2.26619291305542, -1.2996788024902344, 1.0921226739883423, -1.5947600603103638, -1.3513728380203247, -1.3996566534042358, -1.0138319730758667, -0.7105547785758972, -3.290487766265869, -1.7115349769592285, -3.650161027908325, -2.4154767990112305, -1.5593063831329346, 0.9715193510055542, -1.4557760953903198, -1.7251940965652466, 0.9312838315963745, -3.420858144760132, -1.491845726966858, -0.9791504144668579, -2.6880853176116943, -1.812214970588684, -0.5711274147033691, 1.7465990781784058, 1.6095895767211914, 2.6594479084014893, -2.411797523498535, -1.837252140045166, -2.29182505607605, -1.4552440643310547, -1.0749266147613525, -2.3975329399108887, -3.0499508380889893, -2.1116297245025635, -3.1633167266845703, 1.222224235534668, 1.0550471544265747, -1.530165195465088, -0.5568530559539795, -1.5322577953338623, -3.166914701461792, -1.3636990785598755, -2.274200916290283, -1.1477707624435425, 1.1077593564987183, -2.9297735691070557, -0.5485316514968872, -3.0976455211639404, -3.596468687057495, -0.9304347038269043, -0.5846738815307617, 1.7149804830551147, 1.4231514930725098, -1.5742591619491577, -1.915807843208313, -0.5131773948669434, -1.5277470350265503, -3.507380247116089, -3.129056215286255, -1.9270251989364624, -3.5869195461273193, 1.936275601387024, 1.9144550561904907, -0.581961452960968, -0.5041486024856567, -0.965074360370636, -3.228624105453491, -1.624485969543457, -2.0871822834014893]}, "general": {"acc_test": 0.525, "precision_test": 0.56, "recall_test": 0.23333333333333334, "f1_test": 0.32941176470588235, "auc_test": 0.5247222222222222, "preds": [0.026066217571496964, 0.01313190907239914, 0.0007824557833373547, 0.05009588599205017, 0.0006221478106454015, 0.008224740624427795, 0.18098348379135132, 0.0018331044120714068, 0.039316289126873016, 0.04850988835096359, 0.005341107491403818, 0.9037256836891174, 0.05220164358615875, 0.744299590587616, 0.025315092876553535, 0.01713712513446808, 0.07616874575614929, 0.9941745400428772, 0.0214074719697237, 0.9757757782936096, 0.99600750207901, 0.7157674431800842, 0.014421951957046986, 0.989469051361084, 0.0004000089247711003, 0.9936925172805786, 0.04415871948003769, 0.04192756116390228, 0.06355179846286774, 0.2373262643814087, 0.03252926096320152, 0.006652503740042448, 0.8747336268424988, 0.03157147392630577, 0.0005505622830241919, 0.14774896204471588, 0.02607148326933384, 0.9767593145370483, 0.9973222613334656, 0.024667853489518166, 0.05651639401912689, 0.006935162469744682, 0.01334596611559391, 0.9256123304367065, 0.048175960779190063, 0.04796019196510315, 0.0685243085026741, 0.10652092844247818, 0.0019526128889992833, 0.0012847871985286474, 0.1617916077375412, 0.9750222563743591, 0.04382374510169029, 0.322995126247406, 0.000431763386586681, 0.02020665630698204, 0.9849766492843628, 0.291217178106308, 0.1517046093940735, 0.0393170602619648]}}
