{"name": "likelihood_threshold", "predictions": {"test": [-2.988136053085327, -3.610867500305176, -2.939249277114868, -3.1826822757720947, -3.49932599067688, -4.18841028213501, -3.277007579803467, -2.9638540744781494, -3.363703489303589, -3.8995652198791504, -2.7095348834991455, -2.9435160160064697, -3.026468515396118, -3.2292540073394775, -3.5449399948120117, -3.8047640323638916, -2.732922077178955, -3.4378421306610107, -2.674276351928711, -2.7279934883117676, -3.322065830230713, -3.197319507598877, -3.177114725112915, -3.1106767654418945, -2.9276554584503174, -3.483752965927124, -2.944154739379883, -2.559431552886963, -3.045073986053467, -2.9220380783081055, -3.3069913387298584, -3.627936363220215, -3.325122594833374, -3.0835392475128174, -2.862577199935913, -2.7186949253082275, -2.8328394889831543, -3.143124580383301, -3.1083121299743652, -3.1511900424957275, -3.126098394393921, -3.4227569103240967, -2.6774065494537354, -2.7879393100738525, -2.8702218532562256, -3.2498979568481445, -2.7130661010742188, -3.3101418018341064, -3.17185115814209, -3.249077558517456, -2.744776487350464, -3.022451877593994, -3.2116034030914307, -3.3524255752563477, -3.390180826187134, -3.685779333114624, -3.0585970878601074, -2.7686758041381836, -3.500835657119751, -4.1127190589904785, -2.785376787185669, -3.3229737281799316, -2.7777462005615234, -3.1848037242889404, -2.9594943523406982, -2.851383924484253, -2.957231044769287, -3.340991497039795, -2.7959272861480713, -2.8097174167633057, -3.0655016899108887, -3.100554943084717, -3.0926401615142822, -2.92744517326355, -2.4889326095581055, -2.865732192993164, -2.813234567642212, -3.4191689491271973, -2.7383835315704346, -3.3712148666381836, -3.1607651710510254, -2.7507050037384033, -2.9236226081848145, -3.2380850315093994, -3.058060884475708, -3.81430721282959, -3.0094683170318604, -3.0289437770843506, -2.85699462890625, -3.1127688884735107, -2.720684289932251, -2.4685521125793457, -2.8957247734069824, -3.1748201847076416, -2.314544677734375, -2.653822422027588, -3.2634098529815674, -3.721132755279541, -3.2821710109710693, -3.29359769821167, -3.0383710861206055, -3.064150333404541, -2.988633155822754, -3.155567169189453, -3.0873217582702637, -3.1256484985351562, -3.3955881595611572, -3.324493885040283, -3.0579440593719482, -3.236172676086426, -2.8353710174560547, -3.0556509494781494, -3.137378215789795, -2.9755966663360596, -2.8846535682678223, -3.028151273727417, -3.3959155082702637, -3.8252036571502686, -3.2546534538269043, -3.477696180343628]}, "general": {"acc_test": 0.6, "precision_test": 0.5769230769230769, "recall_test": 0.75, "f1_test": 0.6521739130434783, "auc_test": 0.6555555555555557}}
{"name": "rank_threshold", "predictions": {"test": [-122.33912658691406, -218.8170623779297, -87.1024398803711, -235.3125, -202.0326385498047, -550.5865478515625, -51.20481872558594, -100.91802978515625, -88.44586181640625, -223.46112060546875, -36.14691925048828, -147.67721557617188, -51.880210876464844, -75.45205688476562, -121.67982482910156, -163.87661743164062, -184.3333282470703, -428.89031982421875, -26.151111602783203, -157.32386779785156, -131.76470947265625, -344.90740966796875, -75.8431396484375, -131.81118774414062, -67.69869232177734, -279.8344421386719, -68.94247436523438, -88.89115142822266, -87.34920501708984, -139.446533203125, -229.5339813232422, -382.59478759765625, -154.521728515625, -128.6844940185547, -95.75, -143.3913116455078, -68.57360076904297, -126.49090576171875, -254.43255615234375, -245.87820434570312, -135.5477294921875, -303.8888854980469, -46.316280364990234, -123.97468566894531, -70.81578826904297, -215.74545288085938, -97.14977264404297, -342.2605895996094, -44.86699295043945, -151.30201721191406, -29.81951141357422, -84.07142639160156, -58.870811462402344, -54.80864334106445, -138.39393615722656, -185.1234588623047, -115.00450897216797, -59.90860366821289, -265.8760986328125, -353.5856628417969, -102.31279754638672, -338.190185546875, -102.98039245605469, -127.00609588623047, -80.19231414794922, -107.79267883300781, -95.67430877685547, -134.1241912841797, -197.66046142578125, -254.44586181640625, -81.03773498535156, -122.47333526611328, -122.69602966308594, -167.76087951660156, -47.36016845703125, -205.20730590820312, -44.52820587158203, -257.59375, -66.95282745361328, -187.7663116455078, -86.72972869873047, -39.546051025390625, -54.471309661865234, -89.87574005126953, -119.16767120361328, -306.87249755859375, -52.84434127807617, -164.5, -36.218448638916016, -89.24285888671875, -36.05357360839844, -148.44927978515625, -37.0, -100.55033874511719, -37.174129486083984, -139.7385711669922, -95.21781921386719, -261.664794921875, -165.53030395507812, -309.1190490722656, -29.98947525024414, -62.050724029541016, -81.64788818359375, -92.05594635009766, -100.1948013305664, -94.96470642089844, -98.61573791503906, -147.56082153320312, -55.476924896240234, -169.356689453125, -63.48587417602539, -61.53845977783203, -77.16748809814453, -71.43225860595703, -62.509010314941406, -121.60588836669922, -144.2364501953125, -575.9876098632812, -67.591552734375, -205.77438354492188]}, "general": {"acc_test": 0.6583333333333333, "precision_test": 0.6067415730337079, "recall_test": 0.9, "f1_test": 0.7248322147651007, "auc_test": 0.7997222222222222}}
{"name": "log_rank_threshold", "predictions": {"test": [-1.5840282440185547, -2.0338428020477295, -1.5099055767059326, -1.7360754013061523, -1.955916166305542, -2.412243604660034, -1.7055542469024658, -1.6024430990219116, -1.8655073642730713, -2.213407278060913, -1.3838355541229248, -1.556084394454956, -1.5635212659835815, -1.7607510089874268, -1.9733495712280273, -2.2551426887512207, -1.2864469289779663, -1.821833848953247, -1.3097411394119263, -1.400146484375, -1.8320798873901367, -1.6615945100784302, -1.6202372312545776, -1.620785117149353, -1.531006097793579, -1.8776754140853882, -1.5142765045166016, -1.2129688262939453, -1.5758585929870605, -1.5587868690490723, -1.8047856092453003, -2.0641634464263916, -1.743811011314392, -1.660825490951538, -1.452153205871582, -1.2980594635009766, -1.386810064315796, -1.585797667503357, -1.5944849252700806, -1.6418120861053467, -1.6186549663543701, -1.8367359638214111, -1.3015791177749634, -1.3715580701828003, -1.4818737506866455, -1.7334626913070679, -1.3978548049926758, -1.7484071254730225, -1.6857702732086182, -1.6818459033966064, -1.339814305305481, -1.5107784271240234, -1.6906185150146484, -1.754647970199585, -1.8262900114059448, -2.0148439407348633, -1.6319891214370728, -1.388899564743042, -1.938904881477356, -2.307927370071411, -1.3768219947814941, -1.6993448734283447, -1.405273199081421, -1.6749334335327148, -1.545073390007019, -1.4064280986785889, -1.4916672706604004, -1.726657509803772, -1.4338557720184326, -1.4103633165359497, -1.6022123098373413, -1.636112093925476, -1.6005390882492065, -1.4486064910888672, -1.2556524276733398, -1.462693691253662, -1.4215401411056519, -1.8737419843673706, -1.406440019607544, -1.8258317708969116, -1.5747184753417969, -1.3430064916610718, -1.4694926738739014, -1.6887171268463135, -1.6639097929000854, -2.155956506729126, -1.56545090675354, -1.5106306076049805, -1.4405473470687866, -1.6423453092575073, -1.3839499950408936, -1.137257695198059, -1.4774670600891113, -1.665698528289795, -1.08119797706604, -1.3393255472183228, -1.7692877054214478, -2.09210467338562, -1.7559247016906738, -1.7925723791122437, -1.623660683631897, -1.5216152667999268, -1.5451653003692627, -1.6085350513458252, -1.5752251148223877, -1.6404814720153809, -1.8164869546890259, -1.7917579412460327, -1.6077289581298828, -1.7340331077575684, -1.4288406372070312, -1.5653327703475952, -1.5835589170455933, -1.5030066967010498, -1.537921667098999, -1.6020511388778687, -1.8757275342941284, -2.2126431465148926, -1.7198697328567505, -1.8349379301071167]}, "general": {"acc_test": 0.6, "precision_test": 0.5789473684210527, "recall_test": 0.7333333333333333, "f1_test": 0.6470588235294117, "auc_test": 0.645}}
{"name": "entropy_threshold", "predictions": {"test": [3.2783827781677246, 3.930830717086792, 3.548830509185791, 3.4145572185516357, 3.623509645462036, 3.8890273571014404, 3.6765024662017822, 3.2291765213012695, 3.8137025833129883, 3.839531898498535, 3.2230608463287354, 3.31546688079834, 3.288952589035034, 3.359699249267578, 3.6730990409851074, 3.85227108001709, 3.5272133350372314, 3.807250499725342, 3.2094550132751465, 3.3206851482391357, 3.8455002307891846, 3.946267604827881, 3.2612969875335693, 3.2134385108947754, 3.2215938568115234, 3.528266668319702, 3.2713944911956787, 2.9968161582946777, 3.334746837615967, 3.2061307430267334, 3.7325849533081055, 3.791299819946289, 3.667088508605957, 3.2502710819244385, 3.2677395343780518, 3.197566032409668, 3.3936493396759033, 3.421308994293213, 3.459169626235962, 3.4592230319976807, 3.341369390487671, 3.3327584266662598, 2.8724749088287354, 2.802168130874634, 3.3322701454162598, 3.696507453918457, 3.2341067790985107, 3.569157838821411, 3.4616951942443848, 3.4479165077209473, 3.266775369644165, 3.3963258266448975, 3.2821996212005615, 3.4852309226989746, 3.577923536300659, 3.6460540294647217, 3.09440279006958, 2.887233257293701, 3.696577548980713, 4.229419708251953, 2.96225905418396, 3.4590277671813965, 3.2436397075653076, 3.5271694660186768, 3.290980815887451, 3.30265212059021, 3.4367058277130127, 3.3219499588012695, 3.2077579498291016, 3.178894281387329, 3.3699862957000732, 3.523080348968506, 3.4762988090515137, 3.2134454250335693, 2.6569125652313232, 3.1708760261535645, 3.28410005569458, 3.6047165393829346, 3.2018818855285645, 3.4474222660064697, 3.186753988265991, 3.2342169284820557, 3.403770923614502, 3.5126945972442627, 3.028798818588257, 3.7993786334991455, 3.423924446105957, 2.912135601043701, 3.292618751525879, 3.406130790710449, 3.0691354274749756, 2.7599544525146484, 3.2779605388641357, 3.293154239654541, 2.538633346557617, 2.7151429653167725, 3.4141156673431396, 3.722368001937866, 3.6497864723205566, 3.5750014781951904, 3.240652561187744, 3.2250869274139404, 3.4004874229431152, 3.6716833114624023, 3.4521751403808594, 3.3182661533355713, 3.722848415374756, 3.5578505992889404, 3.3615658283233643, 3.461763381958008, 3.168180465698242, 3.292348861694336, 3.5316991806030273, 3.2560622692108154, 3.2203855514526367, 3.2721877098083496, 3.490809679031372, 3.973037004470825, 3.3833770751953125, 3.587005853652954]}, "general": {"acc_test": 0.5583333333333333, "precision_test": 0.5393258426966292, "recall_test": 0.8, "f1_test": 0.6442953020134228, "auc_test": 0.5808333333333333}}
{"name": "rank_GLTR_threshold", "predictions": {"test": [[0.7434782608695653, 0.1391304347826087, 0.08695652173913043, 0.030434782608695653], [0.676829268292683, 0.12804878048780488, 0.1402439024390244, 0.054878048780487805], [0.7268292682926829, 0.16585365853658537, 0.09268292682926829, 0.014634146341463415], [0.71875, 0.13020833333333334, 0.109375, 0.041666666666666664], [0.6612244897959184, 0.19183673469387755, 0.09795918367346938, 0.04897959183673469], [0.5810055865921788, 0.22905027932960895, 0.10614525139664804, 0.08379888268156424], [0.6987951807228916, 0.20481927710843373, 0.08433734939759036, 0.012048192771084338], [0.726775956284153, 0.14207650273224043, 0.09289617486338798, 0.03825136612021858], [0.6496815286624203, 0.2229299363057325, 0.11464968152866242, 0.012738853503184714], [0.5833333333333334, 0.25555555555555554, 0.12777777777777777, 0.03333333333333333], [0.7488151658767772, 0.17061611374407584, 0.07109004739336493, 0.009478672985781991], [0.7088607594936709, 0.18354430379746836, 0.0759493670886076, 0.03164556962025317], [0.6927083333333334, 0.23958333333333334, 0.057291666666666664, 0.010416666666666666], [0.6712328767123288, 0.22602739726027396, 0.0821917808219178, 0.02054794520547945], [0.631578947368421, 0.21052631578947367, 0.14912280701754385, 0.008771929824561403], [0.6103896103896104, 0.19480519480519481, 0.15584415584415584, 0.03896103896103896], [0.8016877637130801, 0.12658227848101267, 0.06751054852320675, 0.004219409282700422], [0.6838709677419355, 0.1870967741935484, 0.0967741935483871, 0.03225806451612903], [0.7777777777777778, 0.15555555555555556, 0.06666666666666667, 0.0], [0.7613636363636364, 0.14204545454545456, 0.07954545454545454, 0.017045454545454544], [0.6951871657754011, 0.13368983957219252, 0.1443850267379679, 0.026737967914438502], [0.7222222222222222, 0.14814814814814814, 0.08641975308641975, 0.043209876543209874], [0.7205882352941176, 0.18137254901960784, 0.07352941176470588, 0.024509803921568627], [0.7622377622377622, 0.15384615384615385, 0.055944055944055944, 0.027972027972027972], [0.74235807860262, 0.14410480349344978, 0.10480349344978165, 0.008733624454148471], [0.695364238410596, 0.19205298013245034, 0.059602649006622516, 0.052980132450331126], [0.7345132743362832, 0.17699115044247787, 0.07079646017699115, 0.017699115044247787], [0.8435374149659864, 0.08843537414965986, 0.047619047619047616, 0.02040816326530612], [0.7513227513227513, 0.13756613756613756, 0.08465608465608465, 0.026455026455026454], [0.7672955974842768, 0.12578616352201258, 0.06289308176100629, 0.0440251572327044], [0.6990291262135923, 0.15048543689320387, 0.11650485436893204, 0.03398058252427184], [0.6666666666666666, 0.13725490196078433, 0.13725490196078433, 0.058823529411764705], [0.6782608695652174, 0.2217391304347826, 0.08260869565217391, 0.017391304347826087], [0.7058823529411765, 0.17647058823529413, 0.09090909090909091, 0.026737967914438502], [0.7453703703703703, 0.19907407407407407, 0.037037037037037035, 0.018518518518518517], [0.8115942028985508, 0.12318840579710146, 0.036231884057971016, 0.028985507246376812], [0.7715736040609137, 0.16751269035532995, 0.03553299492385787, 0.025380710659898477], [0.7515151515151515, 0.13333333333333333, 0.07878787878787878, 0.03636363636363636], [0.753968253968254, 0.1388888888888889, 0.0873015873015873, 0.01984126984126984], [0.6987179487179487, 0.23076923076923078, 0.04487179487179487, 0.02564102564102564], [0.7261410788381742, 0.17842323651452283, 0.06639004149377593, 0.029045643153526972], [0.7, 0.18333333333333332, 0.05, 0.06666666666666667], [0.7953488372093023, 0.13953488372093023, 0.05581395348837209, 0.009302325581395349], [0.7721518987341772, 0.13924050632911392, 0.06962025316455696, 0.0189873417721519], [0.75, 0.18859649122807018, 0.04824561403508772, 0.013157894736842105], [0.7212121212121212, 0.15151515151515152, 0.09090909090909091, 0.03636363636363636], [0.775330396475771, 0.1277533039647577, 0.07488986784140969, 0.022026431718061675], [0.6909090909090909, 0.18787878787878787, 0.07878787878787878, 0.04242424242424243], [0.6995073891625616, 0.17733990147783252, 0.11822660098522167, 0.0049261083743842365], [0.738255033557047, 0.1476510067114094, 0.09395973154362416, 0.020134228187919462], [0.7560975609756098, 0.18048780487804877, 0.05853658536585366, 0.004878048780487805], [0.7272727272727273, 0.17532467532467533, 0.08441558441558442, 0.012987012987012988], [0.6842105263157895, 0.215311004784689, 0.0861244019138756, 0.014354066985645933], [0.654320987654321, 0.2654320987654321, 0.07407407407407407, 0.006172839506172839], [0.6856060606060606, 0.1590909090909091, 0.14015151515151514, 0.015151515151515152], [0.6296296296296297, 0.24074074074074073, 0.09876543209876543, 0.030864197530864196], [0.7252252252252253, 0.16666666666666666, 0.08558558558558559, 0.02252252252252252], [0.7634408602150538, 0.15591397849462366, 0.06989247311827956, 0.010752688172043012], [0.672566371681416, 0.17699115044247787, 0.12389380530973451, 0.02654867256637168], [0.6022099447513812, 0.2154696132596685, 0.13812154696132597, 0.04419889502762431], [0.7725118483412322, 0.15639810426540285, 0.05687203791469194, 0.014218009478672985], [0.7423312883435583, 0.15950920245398773, 0.06748466257668712, 0.03067484662576687], [0.7696078431372549, 0.18627450980392157, 0.029411764705882353, 0.014705882352941176], [0.7195121951219512, 0.15853658536585366, 0.0975609756097561, 0.024390243902439025], [0.7163461538461539, 0.18269230769230768, 0.08653846153846154, 0.014423076923076924], [0.7560975609756098, 0.15853658536585366, 0.06707317073170732, 0.018292682926829267], [0.7568807339449541, 0.15137614678899083, 0.06880733944954129, 0.022935779816513763], [0.6862745098039216, 0.19607843137254902, 0.08496732026143791, 0.032679738562091505], [0.7488372093023256, 0.17674418604651163, 0.06511627906976744, 0.009302325581395349], [0.7770700636942676, 0.1337579617834395, 0.07643312101910828, 0.012738853503184714], [0.7216981132075472, 0.1650943396226415, 0.08490566037735849, 0.02830188679245283], [0.7533333333333333, 0.15333333333333332, 0.06, 0.03333333333333333], [0.7400881057268722, 0.1762114537444934, 0.06167400881057269, 0.022026431718061675], [0.782608695652174, 0.13768115942028986, 0.057971014492753624, 0.021739130434782608], [0.8050847457627118, 0.11440677966101695, 0.06779661016949153, 0.012711864406779662], [0.7378048780487805, 0.1951219512195122, 0.036585365853658534, 0.03048780487804878], [0.7435897435897436, 0.19487179487179487, 0.05641025641025641, 0.005128205128205128], [0.7, 0.1625, 0.075, 0.0625], [0.7594339622641509, 0.1650943396226415, 0.06132075471698113, 0.014150943396226415], [0.6413043478260869, 0.2391304347826087, 0.09239130434782608, 0.02717391304347826], [0.7297297297297297, 0.17117117117117117, 0.08108108108108109, 0.018018018018018018], [0.7828947368421053, 0.17105263157894737, 0.03289473684210526, 0.013157894736842105], [0.7540983606557377, 0.15163934426229508, 0.0778688524590164, 0.01639344262295082], [0.7337278106508875, 0.15976331360946747, 0.08284023668639054, 0.023668639053254437], [0.6946107784431138, 0.20958083832335328, 0.0658682634730539, 0.029940119760479042], [0.610738255033557, 0.2550335570469799, 0.0738255033557047, 0.06040268456375839], [0.7216981132075472, 0.20754716981132076, 0.06132075471698113, 0.009433962264150943], [0.7642857142857142, 0.15714285714285714, 0.05, 0.02857142857142857], [0.7378640776699029, 0.19902912621359223, 0.05825242718446602, 0.0048543689320388345], [0.7357142857142858, 0.15, 0.1, 0.014285714285714285], [0.7321428571428571, 0.20535714285714285, 0.05803571428571429, 0.004464285714285714], [0.8260869565217391, 0.12318840579710146, 0.043478260869565216, 0.007246376811594203], [0.7216981132075472, 0.19811320754716982, 0.07547169811320754, 0.0047169811320754715], [0.7114093959731543, 0.1610738255033557, 0.11409395973154363, 0.013422818791946308], [0.8258706467661692, 0.11940298507462686, 0.04477611940298507, 0.009950248756218905], [0.7777777777777778, 0.17647058823529413, 0.013071895424836602, 0.032679738562091505], [0.6683168316831684, 0.22772277227722773, 0.08415841584158416, 0.019801980198019802], [0.6368715083798883, 0.21787709497206703, 0.09497206703910614, 0.05027932960893855], [0.7121212121212122, 0.13636363636363635, 0.12121212121212122, 0.030303030303030304], [0.7321428571428571, 0.13095238095238096, 0.08928571428571429, 0.047619047619047616], [0.7210526315789474, 0.20526315789473684, 0.07368421052631578, 0.0], [0.782608695652174, 0.13768115942028986, 0.06521739130434782, 0.014492753623188406], [0.755868544600939, 0.13145539906103287, 0.09389671361502347, 0.018779342723004695], [0.7482517482517482, 0.17482517482517482, 0.04895104895104895, 0.027972027972027972], [0.7272727272727273, 0.18181818181818182, 0.06493506493506493, 0.025974025974025976], [0.7352941176470589, 0.18823529411764706, 0.058823529411764705, 0.01764705882352941], [0.6666666666666666, 0.21296296296296297, 0.10185185185185185, 0.018518518518518517], [0.6891891891891891, 0.20945945945945946, 0.06756756756756757, 0.033783783783783786], [0.7076923076923077, 0.18461538461538463, 0.09230769230769231, 0.015384615384615385], [0.7261146496815286, 0.1337579617834395, 0.10828025477707007, 0.03184713375796178], [0.7740112994350282, 0.13559322033898305, 0.07344632768361582, 0.01694915254237288], [0.7412587412587412, 0.16783216783216784, 0.07692307692307693, 0.013986013986013986], [0.7192118226600985, 0.17733990147783252, 0.08866995073891626, 0.014778325123152709], [0.7161290322580646, 0.2, 0.07741935483870968, 0.0064516129032258064], [0.7252252252252253, 0.18018018018018017, 0.07657657657657657, 0.018018018018018018], [0.7470588235294118, 0.1411764705882353, 0.08235294117647059, 0.029411764705882353], [0.6502463054187192, 0.23645320197044334, 0.07881773399014778, 0.034482758620689655], [0.6521739130434783, 0.14285714285714285, 0.12422360248447205, 0.08074534161490683], [0.6854460093896714, 0.2112676056338028, 0.09389671361502347, 0.009389671361502348], [0.7012195121951219, 0.21951219512195122, 0.036585365853658534, 0.042682926829268296]]}, "general": {"acc_test": 0.5166666666666667, "precision_test": 0.5142857142857142, "recall_test": 0.6, "f1_test": 0.5538461538461538, "auc_test": 0.5294444444444444}}
{"name": "perturbation_10_z", "predictions": {"test": [0.0004100502289320173, 0.39530139933724984, 0.666160180666182, 0.562791345918758, 0.9330194946743151, -0.2590031078158071, 0.4735847243128575, 1.2632187696487682, -0.21702189457430432, 0.07989935585755838, 0.5649538354328789, 1.017816021860965, -0.00801490958208411, -0.5007561379969834, -0.5014549740137222, -0.25594114051614525, 1.6858983478856535, 0.9659256202357078, 1.0787148993914097, 0.02511972727260858, -0.02108861666707177, 1.054104878282301, 0.3130565843511696, 1.2072911722142576, 0.6449300081765976, 1.2910074002628156, 0.8415375480990956, 0.7387991797996479, -0.22502971619572948, -0.26864690970369465, 0.5859850344137987, 0.8389226263400471, 1.6663519271971592, 0.9878379169352228, 1.395615212199598, 0.4580855324607499, 0.2690097031351533, 0.1526763092199743, 0.5774651540095195, -0.15975469988458327, 0.08539384247311672, 0.1385542655158058, -0.12112238051684783, 0.6258228038175715, 1.7044427599331833, 0.4488922185999572, 0.9641751755061067, 1.3405256913834858, 0.6062139065331174, 0.19760813689963705, 2.1451909696626954, 0.9501616364402765, -0.4358137958527691, 0.4437201283656629, 0.35086220786729544, 0.08910428155793168, -0.5408845676936767, 1.170897109888799, 0.6032461345799826, -0.21303815102514698, 1.1987862490992938, 0.5103556147607531, 0.45165829897210924, 0.931285185014633, 0.17636081408597087, 0.6632607473943088, 0.9482692530819767, 0.2330793052392341, 0.6810110953134144, 0.5360446857369396, 0.15645680729909917, -0.10300487190071735, 0.5883236368457404, 0.5404023254588652, 0.6816966663181945, 1.9197383314653136, -0.21245094518895974, -0.13600472432284494, 0.5996793509889529, 1.1562964552425812, -0.09620896852032979, 0.33408663266393746, 1.1517189471227258, -0.06718648002527469, 0.16795126655089765, -0.3629019926899421, 0.251563285406808, 0.333171481760702, -0.007466075413600218, 0.28390385364578546, 0.6419132295391318, 0.6887796014714015, 0.8573317244412858, 0.670918206943931, 0.25875169075068966, 1.476328016798963, 0.9641793338863202, -0.21519313264780748, 0.5672725555641625, 0.297828615570212, 0.7179191108105629, 0.6593741983859706, 0.422802422678687, 0.7340982642009877, 0.19705998539218272, 0.590970708742863, 0.5952970869683832, 0.3333620392008429, 1.3614629766078086, -0.1746432639682143, 1.1180360443433524, 0.23868823779216683, -0.12994842094054723, 0.3610913505197443, 1.3174594568423628, 1.754781522765879, -0.125372568053328, -0.10455822402404084, 0.2921728563226176, 0.8322701061970299]}, "info": {"pct_words_masked": 0.3, "span_length": 2, "n_perturbations": 10}, "general": {"acc_test": 0.5166666666666667, "precision_test": 0.5142857142857142, "recall_test": 0.6, "f1_test": 0.5538461538461538, "auc_test": 0.5169444444444445}}
{"Name": "GPT-sentinel", "acc": 0.725}
{"name": "roberta-base-openai-detector", "predictions": {"test": [0.0001707250630715862, 0.00029502404504455626, 0.00025079125771299005, 0.00016931368736550212, 0.00035460409708321095, 0.0005042603006586432, 0.00020894163753837347, 0.00017396642942912877, 0.044118065387010574, 0.0005232719122432172, 0.9773099422454834, 0.009387560188770294, 0.00017053534975275397, 0.7839431762695312, 0.00018964199989568442, 0.005238086450845003, 0.0189665574580431, 0.00017164844030048698, 0.9856782555580139, 0.11015339195728302, 0.00017415084585081786, 0.001285659265704453, 0.00019577640341594815, 0.00016897404566407204, 0.00024200660118367523, 0.00017197791021317244, 0.00019772555970121175, 0.0009459447464905679, 0.00017435070185456425, 0.10202263295650482, 0.0002194319968111813, 0.00017135620873887092, 0.00017634802497923374, 0.014850187115371227, 0.001159625593572855, 0.006233577616512775, 0.008305419236421585, 0.1701645404100418, 0.0002977818076033145, 0.049872804433107376, 0.00024727199343033135, 0.00018139768508262932, 0.00024016908719204366, 0.00024352014588657767, 0.007059499155730009, 0.0001766672939993441, 0.0003288400184828788, 0.002130000153556466, 0.00018001324497163296, 0.0002408997534075752, 0.00027534132823348045, 0.002688745968043804, 0.0001722986198728904, 0.0005498495884239674, 0.00019212416373193264, 0.614955723285675, 0.00018114031990990043, 0.00016929273260757327, 0.0002858793886844069, 0.020309004932641983, 0.0001684335438767448, 0.00017821317305788398, 0.0001774731499608606, 0.00018483794701751322, 0.00017046870198100805, 0.0007248105248436332, 0.001558948657475412, 0.026018371805548668, 0.00018009907216764987, 0.0007172587211243808, 0.0006880268338136375, 0.0019131946610286832, 0.00026767238159663975, 0.0006019151187501848, 0.0002614357217680663, 0.0004839498142246157, 0.4590960741043091, 0.00017221731832250953, 0.00019481388153508306, 0.00027553830295801163, 0.0002152919623767957, 0.0008293126011267304, 0.0002515496453270316, 0.04508712515234947, 0.00020069947640877217, 0.00017955296789295971, 0.00017138580733444542, 0.00018198619363829494, 0.0003038099384866655, 0.00017854552424978465, 0.0002156202244805172, 0.02135397307574749, 0.00017697701696306467, 0.00033660506596788764, 0.00018574943533167243, 0.0002189807710237801, 0.00017353470320813358, 0.0004684352898038924, 0.00031221163226291537, 0.00017054268391802907, 0.00018710627045948058, 0.3960545063018799, 0.00018681676010601223, 0.846278965473175, 0.00029572981293313205, 0.00018256128532812, 0.0018969571683555841, 0.002227288205176592, 0.0001884618541225791, 0.0005339074996300042, 0.00019617966609075665, 0.12674760818481445, 0.00017983258294407278, 0.000439759052824229, 0.0001828241511248052, 0.00023540007532574236, 0.00017750142433214933, 0.00016789733490440995, 0.0002841159875970334, 0.00026578822871670127]}, "logits": {"test": [-4.706589698791504, -4.386967182159424, -4.479222297668457, -4.708128929138184, -4.290134906768799, -4.081507205963135, -4.592087268829346, -4.695643901824951, -1.6744754314422607, -4.077610969543457, 1.9463510513305664, -2.501375913619995, -4.712244987487793, 0.6067033410072327, -4.642093181610107, -2.8039026260375977, -2.1299936771392822, -4.709725856781006, 2.1932759284973145, -1.1376153230667114, -4.698614597320557, -3.5890989303588867, -4.629744052886963, -4.714416980743408, -4.509358882904053, -4.705385208129883, -4.625035285949707, -3.750912666320801, -4.696306228637695, -1.1979446411132812, -4.56297492980957, -4.703958988189697, -4.695004940032959, -2.254190444946289, -3.641141176223755, -2.7292494773864746, -2.5763931274414062, -0.8630472421646118, -4.389322757720947, -1.5980150699615479, -4.496209621429443, -4.670258045196533, -4.516479015350342, -4.5046706199646, -2.6726527214050293, -4.68046236038208, -4.330620765686035, -3.3020379543304443, -4.678945541381836, -4.510348796844482, -4.441348075866699, -3.1865320205688477, -4.701766014099121, -4.048521041870117, -4.63732385635376, 0.18401269614696503, -4.671449661254883, -4.715237617492676, -4.410472869873047, -2.0583252906799316, -4.71672248840332, -4.682336807250977, -4.687337875366211, -4.662384986877441, -4.712327003479004, -3.900494337081909, -3.4776358604431152, -1.9483014345169067, -4.678671360015869, -3.908032178878784, -3.9191250801086426, -3.3663856983184814, -4.447509288787842, -4.008166313171387, -4.467327117919922, -4.1210174560546875, -0.1486339271068573, -4.7010273933410645, -4.632256984710693, -4.4337382316589355, -4.576891899108887, -3.821125030517578, -4.488131999969482, -1.6568278074264526, -4.614766597747803, -4.678645610809326, -4.710564136505127, -4.668490409851074, -4.376410961151123, -4.677560806274414, -4.575793266296387, -2.0527307987213135, -4.687138557434082, -4.321429252624512, -4.665436744689941, -4.5668721199035645, -4.703073024749756, -4.143941402435303, -4.365187644958496, -4.710608005523682, -4.650410175323486, -0.27711355686187744, -4.6583099365234375, 0.8156725764274597, -4.3950653076171875, -4.670619010925293, -3.372434616088867, -3.2914905548095703, -4.655129432678223, -4.062135219573975, -4.634608745574951, -1.0481609106063843, -4.676638603210449, -4.182378768920898, -4.668061256408691, -4.516098499298096, -4.6773600578308105, -4.717751502990723, -4.410435676574707, -4.455366611480713]}, "general": {"acc_test": 0.49166666666666664, "precision_test": 0.4, "recall_test": 0.03333333333333333, "f1_test": 0.06153846153846154, "auc_test": 0.37027777777777776, "preds": [0.0001707250630715862, 0.00025079125771299005, 0.00035460409708321095, 0.00020894163753837347, 0.044118065387010574, 0.9773099422454834, 0.00017053534975275397, 0.00018964199989568442, 0.0189665574580431, 0.9856782555580139, 0.00017415084585081786, 0.00019577640341594815, 0.00024200660118367523, 0.00019772555970121175, 0.00017435070185456425, 0.0002194319968111813, 0.00017634802497923374, 0.001159625593572855, 0.008305419236421585, 0.0002977818076033145, 0.00024727199343033135, 0.00024016908719204366, 0.007059499155730009, 0.0003288400184828788, 0.00018001324497163296, 0.00027534132823348045, 0.0001722986198728904, 0.00019212416373193264, 0.00018114031990990043, 0.0002858793886844069, 0.0001684335438767448, 0.0001774731499608606, 0.00017046870198100805, 0.001558948657475412, 0.00018009907216764987, 0.0006880268338136375, 0.00026767238159663975, 0.0002614357217680663, 0.4590960741043091, 0.00019481388153508306, 0.0002152919623767957, 0.0002515496453270316, 0.00020069947640877217, 0.00017138580733444542, 0.0003038099384866655, 0.0002156202244805172, 0.00017697701696306467, 0.00018574943533167243, 0.00017353470320813358, 0.00031221163226291537, 0.00018710627045948058, 0.00018681676010601223, 0.00029572981293313205, 0.0018969571683555841, 0.0001884618541225791, 0.00019617966609075665, 0.00017983258294407278, 0.0001828241511248052, 0.00017750142433214933, 0.0002841159875970334]}}
{"name": "Hello-SimpleAI/chatgpt-detector-roberta", "predictions": {"test": [0.009142329916357994, 0.0033739462960511446, 0.9179946184158325, 0.0037386708427220583, 0.00466562295332551, 0.0013197577791288495, 0.1270584613084793, 0.31478214263916016, 0.08957124501466751, 0.00031857125577516854, 0.9984473586082458, 0.017998451367020607, 0.016862263903021812, 0.04867798462510109, 0.0006068371585570276, 0.0003942338516935706, 0.9955101013183594, 0.14354203641414642, 0.9952539205551147, 0.06694263219833374, 0.004649497102946043, 0.2961009442806244, 0.03139299526810646, 0.990143895149231, 0.0004919061320833862, 0.0006805001758038998, 0.0137640917673707, 0.051089461892843246, 0.9603356719017029, 0.44955307245254517, 0.9920234680175781, 0.04754111170768738, 0.018618175759911537, 0.28759223222732544, 0.7482166290283203, 0.11745341122150421, 0.36205020546913147, 0.1042061299085617, 0.046056002378463745, 0.9898180365562439, 0.9227786660194397, 0.014316963963210583, 0.24175293743610382, 0.05957787483930588, 0.02101784199476242, 0.014593711122870445, 0.9958057403564453, 0.939074695110321, 0.0012524037156254053, 0.06972901523113251, 0.9937455654144287, 0.9930712580680847, 0.229511097073555, 0.9021487236022949, 0.0012111421674489975, 0.07030908763408661, 0.931921124458313, 0.13835199177265167, 0.01785244233906269, 0.0007813590345904231, 0.0003255202027503401, 0.00027802909607999027, 0.9989445805549622, 0.0452565997838974, 0.15912660956382751, 0.05645149573683739, 0.38332003355026245, 0.8642202019691467, 0.01908397674560547, 0.05228765681385994, 0.00044012098805978894, 0.0035048688296228647, 0.10268223285675049, 0.2961519956588745, 0.947829008102417, 0.968285322189331, 0.9812178611755371, 0.006709489040076733, 0.9826433062553406, 0.008850098587572575, 0.007667042315006256, 0.12297175824642181, 0.002873961115255952, 0.0014487787848338485, 0.9984607696533203, 0.0010870543774217367, 0.9945072531700134, 0.8943161964416504, 0.9904239773750305, 0.3027280867099762, 0.2326788753271103, 0.0010770880617201328, 0.05178310349583626, 0.00921519286930561, 0.05903259292244911, 0.9052544236183167, 0.12035233527421951, 0.30640289187431335, 0.0005676617729477584, 0.0003310573229100555, 0.941623866558075, 0.29011255502700806, 0.945889413356781, 0.9519271850585938, 0.03644388169050217, 0.02071872353553772, 0.316384494304657, 0.04842656850814819, 0.31094542145729065, 0.0011864021653309464, 0.012071145698428154, 0.00034094968577846885, 0.9054520130157471, 0.9841984510421753, 0.0726165771484375, 0.32731714844703674, 0.15309138596057892, 0.0009185900562442839, 0.3201950788497925, 0.014104441739618778]}, "logits": {"test": [-2.277660608291626, -2.7040293216705322, 1.1764302253723145, -2.660949468612671, -2.5673012733459473, -3.087015390396118, -1.0580962896347046, -0.5304568409919739, -1.2338199615478516, -3.6087806224823, 2.8765902519226074, -1.9787949323654175, -2.0078837871551514, -1.525321364402771, -3.3851687908172607, -3.5385782718658447, 2.447470188140869, -0.9944543838500977, 2.4244508743286133, -1.374862551689148, -2.568779230117798, -0.5712088942527771, -1.7277828454971313, 2.116960287094116, -3.4614861011505127, -3.3425793647766113, -2.0979998111724854, -1.5027137994766235, 1.5098294019699097, 0.0128928292542696, 2.2067670822143555, -1.5363585948944092, -1.9636847972869873, -0.5902155041694641, 0.5959444046020508, -1.0983816385269165, -0.434717059135437, -1.1530890464782715, -1.5511478185653687, 2.103102922439575, 1.2046996355056763, -2.0805771350860596, -0.6997692584991455, -1.4303253889083862, -1.9093682765960693, -2.072077989578247, 2.4756765365600586, 1.31488835811615, -3.107738971710205, -1.3553370237350464, 2.3092164993286133, 2.266192674636841, -0.7310996651649475, 1.0921233892440796, -3.1209399700164795, -1.3513749837875366, 1.2635613679885864, -1.0138338804244995, -1.9824410676956177, -3.2904880046844482, -3.601902723312378, -3.650161027908325, 3.0231106281280518, -1.5593057870864868, -0.9393987655639648, -1.4557760953903198, -0.11300097405910492, 0.9312838315963745, -1.952630639076233, -1.491845726966858, -3.500722646713257, -2.6880853176116943, -0.88225257396698, -0.5711274147033691, 1.3859622478485107, 1.6095895767211914, 1.8395451307296753, -2.411797523498535, 1.8738211393356323, -2.29182505607605, -2.3541476726531982, -1.0749266147613525, -2.7709195613861084, -3.0499508380889893, 2.8799540996551514, -3.1633167266845703, 2.3635811805725098, 1.0550471544265747, 2.1292359828948975, -0.5568530559539795, -0.7230347990989685, -3.166914701461792, -1.4963901042938232, -2.274200916290283, -1.434683918952942, 1.1077593564987183, -1.0859448909759521, -0.5485316514968872, -3.409696102142334, -3.596468687057495, 1.334546685218811, -0.5846738815307617, 1.369305968284607, 1.4231514930725098, -1.6594469547271729, -1.915807843208313, -0.5272474884986877, -1.5277470350265503, -0.5390177369117737, -3.129056215286255, -2.155900239944458, -3.5869195461273193, 1.1085468530654907, 1.9144550561904907, -1.3358455896377563, -0.5041486024856567, -0.9602155685424805, -3.228624105453491, -0.5192813277244568, -2.0871822834014893]}, "general": {"acc_test": 0.5833333333333334, "precision_test": 0.65625, "recall_test": 0.35, "f1_test": 0.4565217391304347, "auc_test": 0.6147222222222223, "preds": [0.009142329916357994, 0.9179946184158325, 0.00466562295332551, 0.1270584613084793, 0.08957124501466751, 0.9984473586082458, 0.016862263903021812, 0.0006068371585570276, 0.9955101013183594, 0.9952539205551147, 0.004649497102946043, 0.03139299526810646, 0.0004919061320833862, 0.0137640917673707, 0.9603356719017029, 0.9920234680175781, 0.018618175759911537, 0.7482166290283203, 0.36205020546913147, 0.046056002378463745, 0.9227786660194397, 0.24175293743610382, 0.02101784199476242, 0.9958057403564453, 0.0012524037156254053, 0.9937455654144287, 0.229511097073555, 0.0012111421674489975, 0.931921124458313, 0.01785244233906269, 0.0003255202027503401, 0.9989445805549622, 0.15912660956382751, 0.38332003355026245, 0.01908397674560547, 0.00044012098805978894, 0.10268223285675049, 0.947829008102417, 0.9812178611755371, 0.9826433062553406, 0.007667042315006256, 0.002873961115255952, 0.9984607696533203, 0.9945072531700134, 0.9904239773750305, 0.2326788753271103, 0.05178310349583626, 0.05903259292244911, 0.12035233527421951, 0.0005676617729477584, 0.941623866558075, 0.945889413356781, 0.03644388169050217, 0.316384494304657, 0.31094542145729065, 0.012071145698428154, 0.9054520130157471, 0.0726165771484375, 0.15309138596057892, 0.3201950788497925]}}
