{"name": "likelihood_threshold", "predictions": {"test": [-2.040914535522461, -2.256312847137451, -2.6148083209991455, -2.707425355911255, -2.5286614894866943, -2.5501561164855957, -3.1722962856292725, -3.257305383682251, -2.270256996154785, -2.317502975463867, -1.8226268291473389, -2.286710262298584, -1.9234946966171265, -1.9920364618301392, -2.4718332290649414, -2.5816996097564697, -2.027639389038086, -2.1625633239746094, -1.8304073810577393, -1.8947749137878418, -3.1010942459106445, -3.2160446643829346, -0.876023530960083, -0.9136336445808411, -3.7227816581726074, -3.6537094116210938, -2.31231689453125, -2.324337959289551, -1.9918932914733887, -2.2780165672302246, -3.0984299182891846, -3.202991485595703, -2.2531845569610596, -2.5761284828186035, -2.438354253768921, -2.7147586345672607, -2.4522876739501953, -2.5579066276550293, -2.182967185974121, -2.2112197875976562, -1.9201587438583374, -2.3529160022735596, -1.814741611480713, -1.8997355699539185, -2.39117431640625, -2.6264829635620117, -1.855143427848816, -2.5705947875976562, -2.914802312850952, -2.961245536804199, -3.315427303314209, -3.3129353523254395, -2.1137187480926514, -2.3127601146698, -2.6616179943084717, -3.0898356437683105, -1.4411365985870361, -1.9223787784576416, -1.8767300844192505, -2.1148481369018555, -2.7124128341674805, -2.860800266265869, -3.496633768081665, -3.326892375946045, -3.632734537124634, -3.5433716773986816, -1.505628228187561, -1.7277051210403442, -2.255605697631836, -2.887547731399536, -1.5308269262313843, -1.9171556234359741, -1.6339218616485596, -1.8687344789505005, -2.142117977142334, -2.46814227104187, -2.637336254119873, -2.412156581878662, -1.7890777587890625, -2.582287073135376, -2.2566909790039062, -2.82993745803833, -1.8404045104980469, -2.1527698040008545, -2.5083229541778564, -3.1221585273742676, -2.4613914489746094, -2.661151170730591, -2.3539912700653076, -2.5763461589813232, -1.9126300811767578, -2.2537729740142822, -3.585561990737915, -3.7353129386901855, -2.0576395988464355, -2.4191741943359375, -2.3226945400238037, -2.8189589977264404, -3.2626311779022217, -3.094633102416992, -2.922060251235962, -3.008913278579712, -2.5030083656311035, -2.5030083656311035, -2.6269290447235107, -2.6269290447235107, -3.361213207244873, -3.370353937149048, -1.9519016742706299, -2.2283918857574463, -3.1957061290740967, -3.1957061290740967, -2.310695171356201, -2.142876148223877, -1.502984642982483, -1.4948844909667969, -2.689821720123291, -3.084320068359375, -3.379305124282837, -3.4913277626037598]}, "general": {"acc_test": 0.5083333333333333, "precision_test": 0.5048543689320388, "recall_test": 0.8666666666666667, "f1_test": 0.6380368098159509, "auc_test": 0.6037499999999999}}
{"name": "rank_threshold", "predictions": {"test": [-25.98000144958496, -21.529850006103516, -51.57142639160156, -44.89855194091797, -105.87692260742188, -103.87023162841797, -51.0578498840332, -79.2032470703125, -25.577180862426758, -14.973684310913086, -7.841270446777344, -40.98245620727539, -23.669902801513672, -43.7068977355957, -31.687149047851562, -36.33152389526367, -84.81879425048828, -80.26351165771484, -26.80740737915039, -28.244443893432617, -137.30833435058594, -175.35043334960938, -81.07200622558594, -74.67200469970703, -442.5107421875, -445.9894104003906, -63.34074020385742, -62.74803161621094, -143.33334350585938, -133.10000610351562, -177.07937622070312, -139.0681915283203, -82.9136734008789, -132.09230041503906, -162.07070922851562, -187.89999389648438, -19.428571701049805, -19.008930206298828, -12.970588684082031, -11.109999656677246, -45.051612854003906, -78.06475067138672, -36.19047546386719, -25.974842071533203, -132.24346923828125, -160.13912963867188, -6.776397705078125, -54.256412506103516, -88.20635223388672, -88.7443618774414, -85.10400390625, -85.09928894042969, -25.632001876831055, -34.27642059326172, -33.75, -47.95098114013672, -59.50819396972656, -24.439023971557617, -11.395683288574219, -19.48091697692871, -86.42974853515625, -103.81356048583984, -158.51266479492188, -154.3231658935547, -174.05426025390625, -264.6842041015625, -3.238410711288452, -9.728571891784668, -273.6031799316406, -332.8164978027344, -9.655843734741211, -62.657535552978516, -13.744000434875488, -19.196720123291016, -40.49580001831055, -26.587154388427734, -36.832000732421875, -14.48360538482666, -10.527472496032715, -40.576473236083984, -12.959348678588867, -29.280990600585938, -7.3828125, -14.380165100097656, -31.254716873168945, -51.03370666503906, -82.3499984741211, -107.2582778930664, -25.59503936767578, -21.086956024169922, -25.303030014038086, -21.30434799194336, -171.377197265625, -225.0177001953125, -70.02857208251953, -177.2449951171875, -160.90476989746094, -97.27941131591797, -68.08000183105469, -52.544002532958984, -132.62294006347656, -126.73333740234375, -18.30172348022461, -18.30172348022461, -33.741668701171875, -33.741668701171875, -339.99200439453125, -348.98486328125, -27.43809700012207, -60.990478515625, -135.0932159423828, -135.0932159423828, -23.166667938232422, -15.239999771118164, -75.50387573242188, -76.28681945800781, -109.65546417236328, -236.54310607910156, -155.7027130126953, -130.6554718017578]}, "general": {"acc_test": 0.525, "precision_test": 0.5142857142857142, "recall_test": 0.9, "f1_test": 0.6545454545454545, "auc_test": 0.5445833333333333}}
{"name": "log_rank_threshold", "predictions": {"test": [-0.9484389424324036, -1.0590403079986572, -1.253125786781311, -1.3152564764022827, -1.1963248252868652, -1.2112478017807007, -1.648710012435913, -1.7768088579177856, -1.010392427444458, -1.0290963649749756, -0.7251565456390381, -1.0960693359375, -0.9250451922416687, -0.9815216064453125, -1.2117283344268799, -1.3107773065567017, -0.9294605851173401, -0.9849581718444824, -0.9366686344146729, -0.9964624047279358, -1.6477534770965576, -1.751295804977417, -0.40340420603752136, -0.42458200454711914, -2.020272970199585, -1.9762506484985352, -1.1419771909713745, -1.1541324853897095, -0.8912352919578552, -1.0975030660629272, -1.679117202758789, -1.755876898765564, -0.9971421360969543, -1.2575103044509888, -1.1929383277893066, -1.337538719177246, -1.1843894720077515, -1.2247552871704102, -0.9923322200775146, -1.0201640129089355, -0.8051332831382751, -1.0609949827194214, -0.8361642956733704, -0.8629780411720276, -1.1235138177871704, -1.3301351070404053, -0.7574282288551331, -1.2356334924697876, -1.4795160293579102, -1.5662531852722168, -1.75788414478302, -1.7299031019210815, -0.8924294710159302, -1.0932989120483398, -1.2906827926635742, -1.586008071899414, -0.543388843536377, -0.8740314245223999, -0.845234215259552, -1.0092331171035767, -1.3358889818191528, -1.453649878501892, -1.9957427978515625, -1.9301872253417969, -1.962188720703125, -1.8623738288879395, -0.5298862457275391, -0.7153588533401489, -0.9363034963607788, -1.417672872543335, -0.5631880164146423, -0.8810652494430542, -0.7225778698921204, -0.8482556939125061, -0.9136475324630737, -1.1216460466384888, -1.193672776222229, -1.122497797012329, -0.7049924731254578, -1.2112455368041992, -0.9832174777984619, -1.4280726909637451, -0.7231109738349915, -0.9153605103492737, -1.113293170928955, -1.527273416519165, -1.248937964439392, -1.328314185142517, -1.056881070137024, -1.2141484022140503, -0.7823763489723206, -1.0631639957427979, -1.9850260019302368, -2.074476718902588, -1.0165046453475952, -1.2636704444885254, -1.0479940176010132, -1.4172942638397217, -1.7913694381713867, -1.6344079971313477, -1.5027397871017456, -1.584974765777588, -1.1214230060577393, -1.1214230060577393, -1.2402219772338867, -1.2402219772338867, -1.7413274049758911, -1.7681611776351929, -0.8334762454032898, -1.0388911962509155, -1.643681526184082, -1.643681526184082, -1.0551469326019287, -0.9362248182296753, -0.5829758644104004, -0.5772786736488342, -1.3012837171554565, -1.5991528034210205, -1.8361775875091553, -1.8818155527114868]}, "general": {"acc_test": 0.5083333333333333, "precision_test": 0.504950495049505, "recall_test": 0.85, "f1_test": 0.6335403726708074, "auc_test": 0.6201388888888889}}
{"name": "entropy_threshold", "predictions": {"test": [2.7070858478546143, 2.8119406700134277, 3.1060259342193604, 3.1329991817474365, 3.31490421295166, 3.3560407161712646, 3.452775716781616, 3.5240378379821777, 3.038378953933716, 3.0883262157440186, 2.9508988857269287, 3.0688908100128174, 2.767075538635254, 2.649676561355591, 2.940181255340576, 2.935614824295044, 2.874880313873291, 2.988813638687134, 2.046809673309326, 2.033032178878784, 3.0847246646881104, 3.064655065536499, 1.2726342678070068, 1.3238457441329956, 3.7266347408294678, 3.7117693424224854, 2.9840104579925537, 2.82768177986145, 2.8790805339813232, 2.8526768684387207, 3.335610866546631, 3.357200860977173, 3.2212419509887695, 3.333759069442749, 3.0949792861938477, 3.1918671131134033, 2.707843542098999, 2.7625956535339355, 2.995497226715088, 2.999258279800415, 2.923715114593506, 3.0756218433380127, 2.45078706741333, 2.460437297821045, 3.2522099018096924, 3.171489953994751, 2.8254952430725098, 3.2121076583862305, 3.168339729309082, 3.2223095893859863, 3.387704849243164, 3.411130905151367, 3.088594913482666, 2.9831888675689697, 3.2703967094421387, 3.3640825748443604, 2.106257915496826, 2.3288097381591797, 2.5291860103607178, 2.6276919841766357, 3.520603895187378, 3.3562729358673096, 3.716883897781372, 3.66501522064209, 3.390637159347534, 3.4184420108795166, 2.4221861362457275, 2.5843942165374756, 3.120577335357666, 3.3377721309661865, 2.5064194202423096, 2.459087610244751, 2.180030584335327, 2.1954185962677, 2.907682180404663, 2.993842840194702, 3.5118727684020996, 3.400838613510132, 2.937112331390381, 3.1081953048706055, 3.193931818008423, 3.2914834022521973, 2.9603896141052246, 3.031066656112671, 3.4082207679748535, 3.504082441329956, 2.9086132049560547, 2.960731267929077, 3.199099540710449, 3.1694231033325195, 2.825287103652954, 3.009783983230591, 3.720973014831543, 3.8584156036376953, 2.500544309616089, 2.694492816925049, 3.0560519695281982, 3.20971941947937, 3.5485665798187256, 3.531909465789795, 3.394118547439575, 3.4237589836120605, 3.277146339416504, 3.277146339416504, 2.7710273265838623, 2.7710273265838623, 3.2837159633636475, 3.231934070587158, 2.663940906524658, 2.6540002822875977, 3.5319406986236572, 3.5319406986236572, 3.126859426498413, 3.030712842941284, 2.2736337184906006, 2.2682812213897705, 3.2315480709075928, 3.407646417617798, 3.5610511302948, 3.5028858184814453]}, "general": {"acc_test": 0.49166666666666664, "precision_test": 0.4954128440366973, "recall_test": 0.9, "f1_test": 0.6390532544378699, "auc_test": 0.5334722222222222}}
{"name": "rank_GLTR_threshold", "predictions": {"test": [[0.86, 0.12, 0.013333333333333334, 0.006666666666666667], [0.8283582089552238, 0.15671641791044777, 0.007462686567164179, 0.007462686567164179], [0.7959183673469388, 0.14965986394557823, 0.047619047619047616, 0.006802721088435374], [0.7536231884057971, 0.18840579710144928, 0.050724637681159424, 0.007246376811594203], [0.823076923076923, 0.12307692307692308, 0.03076923076923077, 0.023076923076923078], [0.8244274809160306, 0.12213740458015267, 0.030534351145038167, 0.022900763358778626], [0.7024793388429752, 0.2066115702479339, 0.0743801652892562, 0.01652892561983471], [0.7154471544715447, 0.17886178861788618, 0.07317073170731707, 0.032520325203252036], [0.8590604026845637, 0.12080536912751678, 0.006711409395973154, 0.013422818791946308], [0.8421052631578947, 0.125, 0.03289473684210526, 0.0], [0.8968253968253969, 0.07142857142857142, 0.031746031746031744, 0.0], [0.8421052631578947, 0.07017543859649122, 0.07894736842105263, 0.008771929824561403], [0.8252427184466019, 0.14563106796116504, 0.02912621359223301, 0.0], [0.8189655172413793, 0.09482758620689655, 0.07758620689655173, 0.008620689655172414], [0.7988826815642458, 0.1452513966480447, 0.05027932960893855, 0.00558659217877095], [0.7771739130434783, 0.15760869565217392, 0.06521739130434782, 0.0], [0.8791946308724832, 0.09395973154362416, 0.020134228187919462, 0.006711409395973154], [0.8851351351351351, 0.07432432432432433, 0.02702702702702703, 0.013513513513513514], [0.8518518518518519, 0.08888888888888889, 0.05925925925925926, 0.0], [0.837037037037037, 0.0962962962962963, 0.06666666666666667, 0.0], [0.7083333333333334, 0.14166666666666666, 0.10833333333333334, 0.041666666666666664], [0.6752136752136753, 0.1794871794871795, 0.10256410256410256, 0.042735042735042736], [0.936, 0.032, 0.016, 0.016], [0.928, 0.048, 0.008, 0.016], [0.6612903225806451, 0.1774193548387097, 0.11290322580645161, 0.04838709677419355], [0.671957671957672, 0.17989417989417988, 0.10052910052910052, 0.047619047619047616], [0.8148148148148148, 0.11851851851851852, 0.05185185185185185, 0.014814814814814815], [0.8031496062992126, 0.13385826771653545, 0.047244094488188976, 0.015748031496062992], [0.8933333333333333, 0.08666666666666667, 0.006666666666666667, 0.013333333333333334], [0.83125, 0.1375, 0.025, 0.00625], [0.7063492063492064, 0.18253968253968253, 0.07936507936507936, 0.031746031746031744], [0.7045454545454546, 0.16666666666666666, 0.09848484848484848, 0.030303030303030304], [0.8633093525179856, 0.10071942446043165, 0.02158273381294964, 0.014388489208633094], [0.8076923076923077, 0.13076923076923078, 0.038461538461538464, 0.023076923076923078], [0.7777777777777778, 0.16161616161616163, 0.030303030303030304, 0.030303030303030304], [0.77, 0.14, 0.06, 0.03], [0.8214285714285714, 0.13392857142857142, 0.044642857142857144, 0.0], [0.7678571428571429, 0.1875, 0.044642857142857144, 0.0], [0.8333333333333334, 0.13725490196078433, 0.029411764705882353, 0.0], [0.83, 0.14, 0.03, 0.0], [0.8838709677419355, 0.10967741935483871, 0.0, 0.0064516129032258064], [0.8489208633093526, 0.11510791366906475, 0.014388489208633094, 0.02158273381294964], [0.8809523809523809, 0.08928571428571429, 0.023809523809523808, 0.005952380952380952], [0.8553459119496856, 0.1069182389937107, 0.031446540880503145, 0.006289308176100629], [0.8608695652173913, 0.09565217391304348, 0.017391304347826087, 0.02608695652173913], [0.8260869565217391, 0.08695652173913043, 0.06086956521739131, 0.02608695652173913], [0.8819875776397516, 0.11180124223602485, 0.006211180124223602, 0.0], [0.7884615384615384, 0.14743589743589744, 0.04487179487179487, 0.019230769230769232], [0.746031746031746, 0.16666666666666666, 0.05555555555555555, 0.031746031746031744], [0.7293233082706767, 0.17293233082706766, 0.07518796992481203, 0.022556390977443608], [0.68, 0.224, 0.072, 0.024], [0.6879432624113475, 0.1773049645390071, 0.11347517730496454, 0.02127659574468085], [0.896, 0.072, 0.024, 0.008], [0.8211382113821138, 0.11382113821138211, 0.056910569105691054, 0.008130081300813009], [0.76, 0.19, 0.04, 0.01], [0.696078431372549, 0.21568627450980393, 0.0784313725490196, 0.00980392156862745], [0.9426229508196722, 0.02459016393442623, 0.02459016393442623, 0.00819672131147541], [0.8455284552845529, 0.11382113821138211, 0.032520325203252036, 0.008130081300813009], [0.8561151079136691, 0.11510791366906475, 0.02877697841726619, 0.0], [0.8396946564885496, 0.09923664122137404, 0.061068702290076333, 0.0], [0.7851239669421488, 0.1487603305785124, 0.04132231404958678, 0.024793388429752067], [0.7711864406779662, 0.15254237288135594, 0.05084745762711865, 0.025423728813559324], [0.6645569620253164, 0.14556962025316456, 0.13924050632911392, 0.05063291139240506], [0.676829268292683, 0.1402439024390244, 0.13414634146341464, 0.04878048780487805], [0.6666666666666666, 0.20930232558139536, 0.10852713178294573, 0.015503875968992248], [0.6766917293233082, 0.21804511278195488, 0.09774436090225563, 0.007518796992481203], [0.9337748344370861, 0.06622516556291391, 0.0, 0.0], [0.9, 0.07857142857142857, 0.02142857142857143, 0.0], [0.873015873015873, 0.1111111111111111, 0.007936507936507936, 0.007936507936507936], [0.7431192660550459, 0.1926605504587156, 0.05504587155963303, 0.009174311926605505], [0.9285714285714286, 0.05194805194805195, 0.01948051948051948, 0.0], [0.8767123287671232, 0.07534246575342465, 0.03424657534246575, 0.0136986301369863], [0.92, 0.048, 0.032, 0.0], [0.8524590163934426, 0.11475409836065574, 0.02459016393442623, 0.00819672131147541], [0.8907563025210085, 0.06722689075630252, 0.025210084033613446, 0.01680672268907563], [0.8256880733944955, 0.11009174311926606, 0.06422018348623854, 0.0], [0.84, 0.104, 0.048, 0.008], [0.819672131147541, 0.1557377049180328, 0.02459016393442623, 0.0], [0.9120879120879121, 0.06593406593406594, 0.02197802197802198, 0.0], [0.8235294117647058, 0.10588235294117647, 0.07058823529411765, 0.0], [0.8373983739837398, 0.13821138211382114, 0.024390243902439025, 0.0], [0.7603305785123967, 0.1652892561983471, 0.0743801652892562, 0.0], [0.8984375, 0.0859375, 0.015625, 0.0], [0.8677685950413223, 0.09917355371900827, 0.03305785123966942, 0.0], [0.839622641509434, 0.11320754716981132, 0.03773584905660377, 0.009433962264150943], [0.7752808988764045, 0.14606741573033707, 0.06741573033707865, 0.011235955056179775], [0.7785714285714286, 0.15, 0.06428571428571428, 0.007142857142857143], [0.7682119205298014, 0.15894039735099338, 0.059602649006622516, 0.013245033112582781], [0.859504132231405, 0.09090909090909091, 0.04132231404958678, 0.008264462809917356], [0.808695652173913, 0.12173913043478261, 0.06956521739130435, 0.0], [0.9090909090909091, 0.06060606060606061, 0.020202020202020204, 0.010101010101010102], [0.8369565217391305, 0.13043478260869565, 0.03260869565217391, 0.0], [0.631578947368421, 0.24561403508771928, 0.08771929824561403, 0.03508771929824561], [0.6548672566371682, 0.18584070796460178, 0.10619469026548672, 0.05309734513274336], [0.8114285714285714, 0.15428571428571428, 0.022857142857142857, 0.011428571428571429], [0.79, 0.13, 0.045, 0.035], [0.9047619047619048, 0.07142857142857142, 0.007936507936507936, 0.015873015873015872], [0.7720588235294118, 0.17647058823529413, 0.03676470588235294, 0.014705882352941176], [0.704, 0.152, 0.128, 0.016], [0.688, 0.208, 0.096, 0.008], [0.7459016393442623, 0.16393442622950818, 0.06557377049180328, 0.02459016393442623], [0.7416666666666667, 0.15, 0.075, 0.03333333333333333], [0.8362068965517241, 0.12931034482758622, 0.034482758620689655, 0.0], [0.8362068965517241, 0.12931034482758622, 0.034482758620689655, 0.0], [0.7833333333333333, 0.15, 0.06666666666666667, 0.0], [0.7833333333333333, 0.15, 0.06666666666666667, 0.0], [0.736, 0.144, 0.072, 0.048], [0.75, 0.11363636363636363, 0.09090909090909091, 0.045454545454545456], [0.8857142857142857, 0.08571428571428572, 0.01904761904761905, 0.009523809523809525], [0.8571428571428571, 0.10476190476190476, 0.02857142857142857, 0.009523809523809525], [0.7627118644067796, 0.1016949152542373, 0.09322033898305085, 0.0423728813559322], [0.7627118644067796, 0.1016949152542373, 0.09322033898305085, 0.0423728813559322], [0.84375, 0.11458333333333333, 0.041666666666666664, 0.0], [0.87, 0.1, 0.03, 0.0], [0.9302325581395349, 0.031007751937984496, 0.031007751937984496, 0.007751937984496124], [0.9302325581395349, 0.023255813953488372, 0.03875968992248062, 0.007751937984496124], [0.7899159663865546, 0.13445378151260504, 0.05042016806722689, 0.025210084033613446], [0.7758620689655172, 0.14655172413793102, 0.034482758620689655, 0.04310344827586207], [0.7117117117117117, 0.15315315315315314, 0.08108108108108109, 0.05405405405405406], [0.6974789915966386, 0.15126050420168066, 0.11764705882352941, 0.03361344537815126]]}, "general": {"acc_test": 0.5083333333333333, "precision_test": 0.5050505050505051, "recall_test": 0.8333333333333334, "f1_test": 0.6289308176100629, "auc_test": 0.6270833333333333}}
{"name": "perturbation_10_z", "predictions": {"test": [1.4816989412791612, 0.4366831273023984, 1.0057859073831068, 1.0434822521037104, 0.6785914122009579, 0.8859776651063856, 0.6556216252368379, 0.12375360374622009, 1.2034822183972136, 2.314504341853102, 0.7141711769058, 0.9985529463101208, 1.4984444904205463, 0.42243120973280274, 0.8968628211085391, 0.6449724403137935, 0.583581812648235, 1.1696595202573432, 1.5301440743244084, 0.8193073142837786, -0.2740790115134775, 1.0539703681828707, 0.7432349813578519, 0.31615920393474645, -0.22573392531768532, 0.06277526421796586, -0.18253672767039059, 0.881403400319958, 1.0722945569337816, 0.5300917683018674, 0.21455991107169975, 0.5783438124785595, 0.7893805635025564, 0.7027498556095417, 0.047474999118810174, -0.6055492498106537, 0.6846395283060424, 1.6738285899768375, 0.8897646060454548, 1.584725220801785, 1.4906691817385538, 0.7535210384865503, 1.2474353035557624, 1.099992896381825, 0.5670217725804951, 0.7549277189538863, 1.271929727799108, 0.5278028881127025, 0.0871211150784131, 0.944426680850905, 0.25860238925025153, -0.4665126136947078, 0.9587571447986836, 0.5691952626296237, 1.0146382424341953, -0.18684097944848957, -0.4358707093748442, -0.23731759245981487, 1.953858254860337, 0.5719705275073957, 0.3321609185301931, 0.468915481777423, -0.1755623860638219, 0.7825253987133095, -0.16041358827779423, -0.7865238579428336, 0.8794476152580177, 0.5176848513329935, 0.518109609719634, -0.21906830349582446, 1.9856115411780588, 1.2977072397655358, 1.443214574726309, 0.5912498974084544, 1.0557484438536713, 0.32562411703790123, 1.6248641389384555, 1.4402148630407017, 0.8280000003951293, -0.1249755406837991, 1.1276719810327671, 0.07912953893563532, 1.2219983964900147, 1.1178117486023265, 1.9912592046575426, 0.2284061737626344, 0.774364770285243, 0.1386324745880669, 1.353183981829835, 1.0897051286821304, 0.8271129018484817, 0.8076405646298962, -0.5481717426545677, 0.03988091928072176, 1.4837910920127122, 1.4988768584839312, 1.0433147717022326, 0.6298567559615043, -0.07274898411740147, 0.812727063321259, 0.3104709614556429, 0.4399618017249517, -0.1883794713730417, -0.00957011015079088, -0.25899051647106913, -0.44599502707854666, 0.080657181106334, -0.24801101418870694, 0.9994564823209391, 0.9295924128474112, -0.4674336531182158, -0.5402189046533115, 0.9199296595672573, 0.8224460821964841, 1.5227387293281656, 1.375999083830692, 0.32075725949411427, 0.13326954116833334, -0.011822942285292475, 0.03783968499089107]}, "info": {"pct_words_masked": 0.3, "span_length": 2, "n_perturbations": 10}, "general": {"acc_test": 0.5083333333333333, "precision_test": 0.5063291139240507, "recall_test": 0.6666666666666666, "f1_test": 0.5755395683453238, "auc_test": 0.5808333333333334}}
{"Name": "GPT-sentinel", "acc": 0.47058823529411764}
{"name": "roberta-base-openai-detector", "predictions": {"test": [0.9998279809951782, 0.35117071866989136, 0.0027535995468497276, 0.0005113875376991928, 0.9935232400894165, 0.9997045397758484, 0.01740945875644684, 0.00938174407929182, 0.9988497495651245, 0.9981557726860046, 0.999785840511322, 0.9709058403968811, 0.9996488094329834, 0.9997687935829163, 0.9997151494026184, 0.9701144695281982, 0.8627093434333801, 0.01171200256794691, 0.9625478982925415, 0.7952728271484375, 0.00023087096633389592, 0.001241241698153317, 0.9982604384422302, 0.9893492460250854, 0.0008024066919460893, 0.0001961082307389006, 0.9944871068000793, 0.9996199607849121, 0.6028531193733215, 0.0038586612790822983, 0.0033309338614344597, 0.0006358026876114309, 0.17132455110549927, 0.011896498501300812, 0.9992235898971558, 0.9997552037239075, 0.9912093877792358, 0.9913012385368347, 0.9993500113487244, 0.9983614087104797, 0.9998177886009216, 0.9838714599609375, 0.9995265007019043, 0.8133484721183777, 0.852998673915863, 0.9589106440544128, 0.9998247027397156, 0.04031362384557724, 0.07165483385324478, 0.0002342099614907056, 0.5414075255393982, 0.11157659441232681, 0.9998212456703186, 0.9985193610191345, 0.8768101334571838, 0.007439392153173685, 0.9995137453079224, 0.9998010993003845, 0.9997683167457581, 0.998434841632843, 0.9997430443763733, 0.5802344083786011, 0.0002609558287076652, 0.0012044894974678755, 0.005689506884664297, 0.027798498049378395, 0.9997946619987488, 0.9998047947883606, 0.9997702240943909, 0.0848829448223114, 0.9997990727424622, 0.9088159203529358, 0.9962970614433289, 0.9995254278182983, 0.5007665753364563, 0.5399395823478699, 0.9951270818710327, 0.9997518658638, 0.9998049139976501, 0.6933903694152832, 0.9998183846473694, 0.21572354435920715, 0.9998267292976379, 0.9998090863227844, 0.9997900128364563, 0.22316686809062958, 0.8772062659263611, 0.8605067729949951, 0.9582007527351379, 0.051850222051143646, 0.999742329120636, 0.9783830046653748, 0.0020010587759315968, 0.00024446716997772455, 0.9939170479774475, 0.008530116640031338, 0.9998183846473694, 0.8886925578117371, 0.0002092740178341046, 0.0013038197066634893, 0.8731918334960938, 0.09508724510669708, 0.0031923390924930573, 0.0031923390924930573, 0.003354310290887952, 0.003354310290887952, 0.007259732577949762, 0.0005957697867415845, 0.9971458315849304, 0.980420708656311, 0.008137025870382786, 0.008137025870382786, 0.9888753890991211, 0.9998061060905457, 0.9998237490653992, 0.9998242259025574, 0.9455514550209045, 0.00614112988114357, 0.001364530879072845, 0.00018470970098860562]}, "logits": {"test": [4.703356742858887, -0.3972356617450714, -3.180346965789795, -4.099205017089844, 2.609144449234009, 4.37929105758667, -2.193657159805298, -2.5362279415130615, 3.5874123573303223, 3.3201417922973633, 4.572038173675537, 1.7642720937728882, 4.274041652679443, 4.521637439727783, 4.407729625701904, 1.75895094871521, 0.8820370435714722, -2.3817477226257324, 1.6120184659957886, 0.6197205185890198, -4.541580677032471, -3.6077277660369873, 3.3536319732666016, 2.3313684463500977, -3.8253347873687744, -4.622273921966553, 2.6885900497436523, 4.225883960723877, 0.14011824131011963, -2.996330976486206, -3.0680012702941895, -3.974628448486328, -0.8759059906005859, -2.379084348678589, 3.8129682540893555, 4.491578578948975, 2.4252736568450928, 2.4323272705078125, 3.917365550994873, 3.384895086288452, 4.680624008178711, 2.0934784412384033, 4.100150108337402, 0.6748089790344238, 0.8379484415054321, 1.5700573921203613, 4.695990562438965, -1.71979820728302, -1.4082231521606445, -4.54074239730835, 0.018898850306868553, -1.132533073425293, 4.687295913696289, 3.4453020095825195, 0.9457442164421082, -2.637406349182129, 4.086246490478516, 4.611414909362793, 4.524998664855957, 3.4199161529541016, 4.4579949378967285, 0.08476494252681732, -4.460755348205566, -3.6074395179748535, -2.7724480628967285, -1.9082040786743164, 4.628896236419678, 4.6508402824401855, 4.525841236114502, -1.3026988506317139, 4.635009288787842, 1.1053982973098755, 2.913273334503174, 4.1051716804504395, -0.0845986157655716, -0.007845435291528702, 2.7599856853485107, 4.4807562828063965, 4.62330436706543, 0.34374865889549255, 4.667498588562012, -0.7394330501556396, 4.704310894012451, 4.6365275382995605, 4.578646183013916, -0.7071751952171326, 0.9506869912147522, 0.8729837536811829, 1.5604474544525146, -1.5818842649459839, 4.4542460441589355, 1.9218223094940186, -3.3569161891937256, -4.510232925415039, 2.6370856761932373, -2.5657403469085693, 4.68033504486084, 1.0084348917007446, -4.598975658416748, -3.5882863998413086, 0.9228981137275696, -1.2336344718933105, -3.090557336807251, -3.090557336807251, -3.057114839553833, -3.057114839553833, -2.6608736515045166, -4.020527362823486, 3.062013864517212, 1.9816701412200928, -2.579474449157715, -2.579474449157715, 2.2927803993225098, 4.6279377937316895, 4.6929144859313965, 4.6942362785339355, 1.4225635528564453, -2.730093002319336, -3.5519731044769287, -4.6637091636657715]}, "general": {"acc_test": 0.6083333333333333, "precision_test": 0.5866666666666667, "recall_test": 0.7333333333333333, "f1_test": 0.6518518518518519, "auc_test": 0.6340277777777777, "preds": [0.9998279809951782, 0.0027535995468497276, 0.9935232400894165, 0.01740945875644684, 0.9988497495651245, 0.999785840511322, 0.9996488094329834, 0.9997151494026184, 0.8627093434333801, 0.9625478982925415, 0.00023087096633389592, 0.9982604384422302, 0.0008024066919460893, 0.9944871068000793, 0.6028531193733215, 0.0033309338614344597, 0.17132455110549927, 0.9992235898971558, 0.9912093877792358, 0.9993500113487244, 0.9998177886009216, 0.9995265007019043, 0.852998673915863, 0.9998247027397156, 0.07165483385324478, 0.5414075255393982, 0.9998212456703186, 0.8768101334571838, 0.9995137453079224, 0.9997683167457581, 0.9997430443763733, 0.0002609558287076652, 0.005689506884664297, 0.9997946619987488, 0.9997702240943909, 0.9997990727424622, 0.9962970614433289, 0.5007665753364563, 0.9951270818710327, 0.9998049139976501, 0.9998183846473694, 0.9998267292976379, 0.9997900128364563, 0.8772062659263611, 0.9582007527351379, 0.999742329120636, 0.0020010587759315968, 0.9939170479774475, 0.9998183846473694, 0.0002092740178341046, 0.8731918334960938, 0.0031923390924930573, 0.003354310290887952, 0.007259732577949762, 0.9971458315849304, 0.008137025870382786, 0.9888753890991211, 0.9998237490653992, 0.9455514550209045, 0.001364530879072845]}}
{"name": "Hello-SimpleAI/chatgpt-detector-roberta", "predictions": {"test": [0.9992455244064331, 0.9992178678512573, 0.9992340803146362, 0.9992357492446899, 0.9992378950119019, 0.9992395639419556, 0.15111204981803894, 0.035401850938797, 0.9992465972900391, 0.9992438554763794, 0.9992387294769287, 0.9991317391395569, 0.9990338087081909, 0.9980924725532532, 0.3010612428188324, 0.04187477007508278, 0.9992411136627197, 0.9992382526397705, 0.9968818426132202, 0.9954114556312561, 0.020067201927304268, 0.015680920332670212, 0.0981334000825882, 0.15761695802211761, 0.04697398096323013, 0.10764508694410324, 0.2126583456993103, 0.9401995539665222, 0.9982403516769409, 0.9142422676086426, 0.007329641375690699, 0.009704407304525375, 0.999235987663269, 0.998660683631897, 0.9992376565933228, 0.999234676361084, 0.9989383816719055, 0.9987667798995972, 0.9992315769195557, 0.9992270469665527, 0.9992311000823975, 0.9006215333938599, 0.9966063499450684, 0.9727296829223633, 0.9992161989212036, 0.9989035129547119, 0.9992437362670898, 0.986158549785614, 0.017138345167040825, 0.09520133584737778, 0.0028985512908548117, 0.0026203717570751905, 0.9951501488685608, 0.9734585881233215, 0.999238133430481, 0.999051034450531, 0.9992333650588989, 0.9990390539169312, 0.9992361068725586, 0.9991525411605835, 0.9710864424705505, 0.1147264689207077, 0.9759089350700378, 0.8981959819793701, 0.013431432656943798, 0.041921116411685944, 0.9992374181747437, 0.9991846680641174, 0.9990092515945435, 0.8565648198127747, 0.9992326498031616, 0.9864562749862671, 0.9992413520812988, 0.999208390712738, 0.9992509484291077, 0.9992498755455017, 0.06800107657909393, 0.3600691854953766, 0.9992425441741943, 0.9986553192138672, 0.9991151690483093, 0.9988070726394653, 0.999241828918457, 0.9992353916168213, 0.9992467164993286, 0.9992415904998779, 0.0009260172955691814, 0.008605347946286201, 0.999237060546875, 0.9991242289543152, 0.9992361068725586, 0.9972104430198669, 0.027151692658662796, 0.03090173378586769, 0.8506856560707092, 0.0004351598909124732, 0.9985778331756592, 0.3123287558555603, 0.2893873453140259, 0.7865878939628601, 0.12517867982387543, 0.2753711938858032, 0.9992409944534302, 0.9992409944534302, 0.9981920123100281, 0.9981920123100281, 0.9238390326499939, 0.9129220843315125, 0.999241828918457, 0.9992270469665527, 0.9960499405860901, 0.9960499405860901, 0.9978908896446228, 0.9992331266403198, 0.9989176988601685, 0.9989227652549744, 0.9982692003250122, 0.9659730195999146, 0.004750075284391642, 0.0020775403827428818]}, "logits": {"test": [3.1247522830963135, 3.121311902999878, 3.1239140033721924, 3.123924970626831, 3.1239306926727295, 3.12402081489563, -0.9671621322631836, -1.672755241394043, 3.1248857975006104, 3.1245484352111816, 3.1239511966705322, 3.0913684368133545, 3.0548627376556396, 2.795562267303467, -0.5601887702941895, -1.595347285270691, 3.1241252422332764, 3.1239168643951416, 2.5975019931793213, 2.4384634494781494, -1.930128574371338, -2.040194034576416, -1.1887229681015015, -0.9445371627807617, -1.5419669151306152, -1.1424968242645264, -0.7765758633613586, 1.3234930038452148, 2.827484607696533, 1.1552166938781738, -2.373641014099121, -2.2516298294067383, 3.123926877975464, 2.933722972869873, 3.123960494995117, 3.1239213943481445, 3.0209875106811523, 2.965160608291626, 3.1237916946411133, 3.1232621669769287, 3.123755693435669, 1.0848231315612793, 2.5628812313079834, 1.6763383150100708, 3.120880126953125, 3.0090975761413574, 3.124553918838501, 1.9715880155563354, -2.0006515979766846, -1.203756332397461, -2.7673847675323486, -2.8091917037963867, 2.4154515266418457, 1.6882668733596802, 3.1239261627197266, 3.061174154281616, 3.1238903999328613, 3.056791067123413, 3.1239054203033447, 3.0991365909576416, 1.6505330801010132, -1.110323190689087, 1.7308549880981445, 1.073181390762329, -2.108802556991577, -1.5948318243026733, 3.1239659786224365, 3.110819101333618, 3.0459630489349365, 0.9033276438713074, 3.1238677501678467, 1.9809417724609375, 3.1241984367370605, 3.1186635494232178, 3.124610662460327, 3.1248579025268555, -1.367374300956726, -0.43849819898605347, 3.12436580657959, 2.9322166442871094, 3.085129976272583, 2.977691411972046, 3.124328851699829, 3.1239352226257324, 3.124882459640503, 3.124234676361084, -3.2255184650421143, -2.304018974304199, 3.1239073276519775, 3.0885159969329834, 3.1239004135131836, 2.642850637435913, -1.7938148975372314, -1.7349696159362793, 0.8830470442771912, -3.504657030105591, 2.9106342792510986, -0.5357615947723389, -0.5860543251037598, 0.6911146640777588, -1.065773367881775, -0.618333101272583, 3.1241142749786377, 3.1241142749786377, 2.816807508468628, 2.816807508468628, 1.2112051248550415, 1.1480084657669067, 3.124185562133789, 3.123270034790039, 2.5004467964172363, 2.5004467964172363, 2.75553822517395, 3.1238903999328613, 3.013885498046875, 3.01562762260437, 2.834015369415283, 1.5783226490020752, -2.559676170349121, -2.904520034790039]}, "general": {"acc_test": 0.5083333333333333, "precision_test": 0.5057471264367817, "recall_test": 0.7333333333333333, "f1_test": 0.598639455782313, "auc_test": 0.5951388888888889, "preds": [0.9992455244064331, 0.9992340803146362, 0.9992378950119019, 0.15111204981803894, 0.9992465972900391, 0.9992387294769287, 0.9990338087081909, 0.3010612428188324, 0.9992411136627197, 0.9968818426132202, 0.020067201927304268, 0.0981334000825882, 0.04697398096323013, 0.2126583456993103, 0.9982403516769409, 0.007329641375690699, 0.999235987663269, 0.9992376565933228, 0.9989383816719055, 0.9992315769195557, 0.9992311000823975, 0.9966063499450684, 0.9992161989212036, 0.9992437362670898, 0.017138345167040825, 0.0028985512908548117, 0.9951501488685608, 0.999238133430481, 0.9992333650588989, 0.9992361068725586, 0.9710864424705505, 0.9759089350700378, 0.013431432656943798, 0.9992374181747437, 0.9990092515945435, 0.9992326498031616, 0.9992413520812988, 0.9992509484291077, 0.06800107657909393, 0.9992425441741943, 0.9991151690483093, 0.999241828918457, 0.9992467164993286, 0.0009260172955691814, 0.999237060546875, 0.9992361068725586, 0.027151692658662796, 0.8506856560707092, 0.9985778331756592, 0.2893873453140259, 0.12517867982387543, 0.9992409944534302, 0.9981920123100281, 0.9238390326499939, 0.999241828918457, 0.9960499405860901, 0.9978908896446228, 0.9989176988601685, 0.9982692003250122, 0.004750075284391642]}}
