{"name": "likelihood_threshold", "predictions": {"test": [-2.040914535522461, -3.2781238555908203, -2.5058610439300537, -3.830322504043579, -2.5007431507110596, -3.839064836502075, -3.1841890811920166, -3.659374237060547, -1.9147295951843262, -3.6345808506011963, -1.8767043352127075, -3.9150102138519287, -2.339132308959961, -3.780179023742676, -2.3519887924194336, -3.7209227085113525, -2.027639389038086, -3.346973180770874, -2.125450372695923, -3.2771902084350586, -2.88389253616333, -3.7729249000549316, -0.8623782396316528, -3.571908712387085, -3.590430974960327, -3.676255702972412, -2.2651727199554443, -3.314650297164917, -2.432988405227661, -3.2727930545806885, -3.345688819885254, -3.4039926528930664, -2.022440195083618, -3.790379285812378, -2.091463327407837, -3.767954111099243, -2.4522876739501953, -3.4970498085021973, -2.276989698410034, -3.0320980548858643, -1.9201587438583374, -3.606097936630249, -1.814741611480713, -3.550675868988037, -2.39117431640625, -3.2557034492492676, -1.855143427848816, -3.2101619243621826, -2.914802312850952, -3.8057360649108887, -3.315427303314209, -3.5411107540130615, -2.1137187480926514, -3.291588306427002, -2.81020188331604, -3.4328739643096924, -1.4411365985870361, -3.4767088890075684, -2.5095691680908203, -3.0129106044769287, -2.7371997833251953, -4.146044731140137, -3.496633768081665, -3.6900088787078857, -3.632734537124634, -3.721700429916382, -1.505628228187561, -3.2446205615997314, -2.255605697631836, -2.9934275150299072, -1.5315288305282593, -3.434563636779785, -1.6339218616485596, -3.9512698650360107, -2.142117977142334, -3.3870739936828613, -2.637336254119873, -3.4917614459991455, -1.9386329650878906, -3.3823375701904297, -2.382077217102051, -3.4899213314056396, -1.8404045104980469, -3.716887950897217, -2.5247840881347656, -3.780508518218994, -2.4868810176849365, -3.8710432052612305, -2.3539912700653076, -3.6413302421569824, -1.7800616025924683, -3.2046029567718506, -3.585561990737915, -3.7799816131591797, -1.8072290420532227, -3.13647723197937, -2.3226945400238037, -3.2983968257904053, -2.9631266593933105, -3.6567249298095703, -2.834228992462158, -3.713371992111206, -2.014176845550537, -3.4226768016815186, -2.7070109844207764, -3.9339778423309326, -3.5880627632141113, -3.8233017921447754, -1.907870888710022, -3.294398546218872, -2.8738512992858887, -3.3513245582580566, -1.8318519592285156, -3.2490038871765137, -2.3296871185302734, -3.222085952758789, -2.6773014068603516, -3.7102904319763184, -3.401209592819214, -3.590864419937134]}, "general": {"acc_test": 0.8916666666666667, "precision_test": 0.9122807017543859, "recall_test": 0.8666666666666667, "f1_test": 0.8888888888888888, "auc_test": 0.9397222222222222}}
{"name": "rank_threshold", "predictions": {"test": [-25.98000144958496, -105.70742797851562, -37.40876007080078, -127.90625, -104.38805389404297, -147.61607360839844, -51.08064270019531, -125.47926330566406, -12.243590354919434, -201.59825134277344, -8.333333969116211, -392.286865234375, -400.2644348144531, -203.2274169921875, -67.113037109375, -198.71812438964844, -84.81879425048828, -107.72401428222656, -61.598541259765625, -202.0855255126953, -87.36666870117188, -217.3663787841797, -80.96000671386719, -149.11428833007812, -332.4810791015625, -231.2411346435547, -61.03007507324219, -97.7983627319336, -87.817138671875, -107.08275604248047, -259.32000732421875, -80.01744079589844, -9.67391300201416, -188.74481201171875, -22.891088485717773, -132.4250030517578, -19.428571701049805, -168.75, -168.6732635498047, -60.75454330444336, -45.051612854003906, -155.3831787109375, -36.19047546386719, -232.3791046142578, -132.24346923828125, -79.09954833984375, -6.776397705078125, -49.69056701660156, -88.20635223388672, -325.9666748046875, -85.10400390625, -101.7704849243164, -25.632001876831055, -76.29717254638672, -96.33333587646484, -97.26697540283203, -59.50819396972656, -136.242919921875, -221.92086791992188, -95.81600189208984, -86.4380111694336, -268.35955810546875, -158.51266479492188, -181.4895782470703, -174.05426025390625, -279.3496398925781, -3.238410711288452, -62.580787658691406, -273.6031799316406, -73.66431427001953, -9.580644607543945, -240.22540283203125, -13.744000434875488, -199.039306640625, -40.49580001831055, -184.06964111328125, -36.832000732421875, -79.7283935546875, -33.344085693359375, -132.4213104248047, -16.94444465637207, -142.9345703125, -7.3828125, -207.5313720703125, -31.24761962890625, -128.54891967773438, -82.99275207519531, -133.43667602539062, -25.59503936767578, -284.07244873046875, -21.270000457763672, -76.70588684082031, -171.377197265625, -100.63948822021484, -99.6021499633789, -155.91798400878906, -160.90476989746094, -157.0673370361328, -50.529415130615234, -129.96641540527344, -88.04838562011719, -200.49020385742188, -9.631579399108887, -152.78282165527344, -32.71794891357422, -206.4923858642578, -288.2291564941406, -230.92739868164062, -27.056074142456055, -231.1979217529297, -83.5314712524414, -128.5483856201172, -12.064516067504883, -167.18856811523438, -383.1969909667969, -183.46763610839844, -110.3277359008789, -251.93023681640625, -264.0243835449219, -143.00961303710938]}, "general": {"acc_test": 0.6166666666666667, "precision_test": 0.5813953488372093, "recall_test": 0.8333333333333334, "f1_test": 0.684931506849315, "auc_test": 0.7774999999999999}}
{"name": "log_rank_threshold", "predictions": {"test": [-0.9484389424324036, -1.7514251470565796, -1.2235525846481323, -2.1635560989379883, -1.2008092403411865, -2.069751262664795, -1.6682775020599365, -1.940582275390625, -0.7473580241203308, -1.9185460805892944, -0.7634127736091614, -2.1265695095062256, -1.2421640157699585, -2.044063091278076, -1.0774520635604858, -2.0549845695495605, -0.9294605851173401, -1.7538763284683228, -1.133331537246704, -1.809151291847229, -1.4823721647262573, -1.969936490058899, -0.3927241563796997, -1.8373819589614868, -1.9391921758651733, -2.001032829284668, -1.1187974214553833, -1.7281876802444458, -1.121699333190918, -1.6720935106277466, -1.8100539445877075, -1.807905673980713, -0.8313326239585876, -2.0287492275238037, -0.8880733847618103, -2.008622169494629, -1.1843894720077515, -1.8808226585388184, -1.0323612689971924, -1.5124095678329468, -0.8051332831382751, -1.9441754817962646, -0.8361642956733704, -1.9100549221038818, -1.1235138177871704, -1.648478388786316, -0.7574282288551331, -1.66130530834198, -1.4795160293579102, -2.0966978073120117, -1.75788414478302, -1.8577102422714233, -0.8924294710159302, -1.7310916185379028, -1.3860501050949097, -1.8042114973068237, -0.543388843536377, -1.8377525806427002, -1.227563738822937, -1.5365701913833618, -1.3405286073684692, -2.391068696975708, -1.9957427978515625, -2.0835320949554443, -1.962188720703125, -1.986262559890747, -0.5298862457275391, -1.5979031324386597, -0.9363034963607788, -1.5416611433029175, -0.5516535639762878, -1.8028450012207031, -0.7225778698921204, -2.0914995670318604, -0.9136475324630737, -1.7848838567733765, -1.193672776222229, -1.8407917022705078, -0.7752448320388794, -1.7605575323104858, -1.0468207597732544, -1.8806613683700562, -0.7231109738349915, -1.9604421854019165, -1.1188490390777588, -2.075378656387329, -1.2704534530639648, -2.124922037124634, -1.056881070137024, -1.8533953428268433, -0.7151866555213928, -1.6398009061813354, -1.9850260019302368, -2.0052738189697266, -0.8177006244659424, -1.6661088466644287, -1.0479940176010132, -1.701641321182251, -1.577429175376892, -2.0357282161712646, -1.4076323509216309, -2.043466329574585, -0.8079723715782166, -1.7463219165802002, -1.3044297695159912, -2.1683452129364014, -1.973430871963501, -2.1717631816864014, -0.7972075343132019, -1.7162612676620483, -1.3669919967651367, -1.740207552909851, -0.6980440020561218, -1.6892098188400269, -1.2470009326934814, -1.6394842863082886, -1.2998424768447876, -2.0328125953674316, -1.8231929540634155, -1.9478247165679932]}, "general": {"acc_test": 0.85, "precision_test": 0.8387096774193549, "recall_test": 0.8666666666666667, "f1_test": 0.8524590163934426, "auc_test": 0.9247222222222221}}
{"name": "entropy_threshold", "predictions": {"test": [2.7070858478546143, 3.6199114322662354, 3.0237555503845215, 3.809169292449951, 3.098104238510132, 4.170540809631348, 3.549593925476074, 4.005420207977295, 3.046172618865967, 4.059255599975586, 2.9622459411621094, 4.236329555511475, 2.9495015144348145, 3.983414888381958, 3.3122646808624268, 3.9023826122283936, 2.874880313873291, 3.554147720336914, 2.22326397895813, 3.444554328918457, 2.992021322250366, 3.9248902797698975, 1.2726342678070068, 3.9869325160980225, 3.6062235832214355, 3.8776586055755615, 2.9028403759002686, 3.34035325050354, 3.2989861965179443, 3.7150845527648926, 3.329655170440674, 3.8724777698516846, 3.0899765491485596, 3.7355093955993652, 2.92232084274292, 4.03259801864624, 2.707843542098999, 3.5434958934783936, 3.1355412006378174, 3.6211915016174316, 2.923715114593506, 3.6890480518341064, 2.45078706741333, 3.474334239959717, 3.2522099018096924, 3.6311473846435547, 2.8254952430725098, 3.491985321044922, 3.168339729309082, 3.810544013977051, 3.387704849243164, 3.6897940635681152, 3.088594913482666, 3.6074447631835938, 3.4057891368865967, 3.609891653060913, 2.106257915496826, 3.5730457305908203, 2.9511117935180664, 3.0607588291168213, 3.5158851146698, 4.010621070861816, 3.716883897781372, 4.074227333068848, 3.390637159347534, 4.045238494873047, 2.4221861362457275, 3.6503207683563232, 3.120577335357666, 3.6880767345428467, 2.5213241577148438, 3.6779894828796387, 2.180030584335327, 4.008157253265381, 2.907682180404663, 3.6580846309661865, 3.5118727684020996, 3.8756368160247803, 3.0455098152160645, 3.7519242763519287, 3.2046282291412354, 3.310556411743164, 2.9603896141052246, 3.7342052459716797, 3.4177308082580566, 3.9937217235565186, 2.920469045639038, 3.877329111099243, 3.199099540710449, 3.7712042331695557, 2.855668783187866, 3.764047861099243, 3.720973014831543, 3.9638917446136475, 2.4068126678466797, 3.195403575897217, 3.0560519695281982, 3.4324936866760254, 3.3998451232910156, 3.7577879428863525, 3.462455987930298, 3.791271924972534, 3.0358004570007324, 3.626652479171753, 2.8146474361419678, 4.013477325439453, 3.565342903137207, 3.9086358547210693, 2.6858553886413574, 3.3164114952087402, 3.5537471771240234, 3.683535099029541, 2.9092936515808105, 3.5508739948272705, 3.2039542198181152, 3.6672444343566895, 3.261028528213501, 3.652543067932129, 3.5362329483032227, 3.760127544403076]}, "general": {"acc_test": 0.8666666666666667, "precision_test": 0.8548387096774194, "recall_test": 0.8833333333333333, "f1_test": 0.8688524590163934, "auc_test": 0.9477777777777777}}
{"name": "rank_GLTR_threshold", "predictions": {"test": [[0.86, 0.12, 0.013333333333333334, 0.006666666666666667], [0.6768558951965066, 0.2052401746724891, 0.09606986899563319, 0.021834061135371178], [0.8175182481751825, 0.11678832116788321, 0.051094890510948905, 0.014598540145985401], [0.609375, 0.20833333333333334, 0.15104166666666666, 0.03125], [0.8134328358208955, 0.11940298507462686, 0.04477611940298507, 0.022388059701492536], [0.6160714285714286, 0.2544642857142857, 0.09375, 0.03571428571428571], [0.7258064516129032, 0.18548387096774194, 0.07258064516129033, 0.016129032258064516], [0.6682027649769585, 0.17511520737327188, 0.11981566820276497, 0.03686635944700461], [0.9230769230769231, 0.0641025641025641, 0.00641025641025641, 0.00641025641025641], [0.6637554585152838, 0.19213973799126638, 0.12663755458515283, 0.017467248908296942], [0.8888888888888888, 0.07936507936507936, 0.031746031746031744, 0.0], [0.6434426229508197, 0.19672131147540983, 0.09016393442622951, 0.06967213114754098], [0.7768595041322314, 0.15702479338842976, 0.024793388429752067, 0.04132231404958678], [0.6268221574344023, 0.24489795918367346, 0.09329446064139942, 0.03498542274052478], [0.8173913043478261, 0.14782608695652175, 0.02608695652173913, 0.008695652173913044], [0.6476510067114094, 0.1912751677852349, 0.11073825503355705, 0.050335570469798654], [0.8791946308724832, 0.09395973154362416, 0.020134228187919462, 0.006711409395973154], [0.7060931899641577, 0.17921146953405018, 0.08602150537634409, 0.02867383512544803], [0.8248175182481752, 0.08759124087591241, 0.08029197080291971, 0.0072992700729927005], [0.7138157894736842, 0.14802631578947367, 0.10197368421052631, 0.03618421052631579], [0.75, 0.14166666666666666, 0.08333333333333333, 0.025], [0.6379310344827587, 0.19827586206896552, 0.1336206896551724, 0.03017241379310345], [0.944, 0.024, 0.016, 0.016], [0.7, 0.16666666666666666, 0.10952380952380952, 0.023809523809523808], [0.6810810810810811, 0.16216216216216217, 0.11351351351351352, 0.043243243243243246], [0.6453900709219859, 0.2127659574468085, 0.09574468085106383, 0.04609929078014184], [0.8195488721804511, 0.11278195488721804, 0.05263157894736842, 0.015037593984962405], [0.6866485013623979, 0.19346049046321526, 0.10626702997275204, 0.013623978201634877], [0.8342857142857143, 0.10285714285714286, 0.045714285714285714, 0.017142857142857144], [0.7, 0.19310344827586207, 0.0896551724137931, 0.017241379310344827], [0.688, 0.176, 0.112, 0.024], [0.6686046511627907, 0.22093023255813954, 0.08139534883720931, 0.029069767441860465], [0.8840579710144928, 0.08695652173913043, 0.028985507246376812, 0.0], [0.658753709198813, 0.18694362017804153, 0.12759643916913946, 0.026706231454005934], [0.8514851485148515, 0.12871287128712872, 0.019801980198019802, 0.0], [0.64, 0.205, 0.115, 0.04], [0.8214285714285714, 0.13392857142857142, 0.044642857142857144, 0.0], [0.6693548387096774, 0.1935483870967742, 0.10887096774193548, 0.028225806451612902], [0.8217821782178217, 0.13861386138613863, 0.0297029702970297, 0.009900990099009901], [0.740909090909091, 0.17727272727272728, 0.06818181818181818, 0.013636363636363636], [0.8838709677419355, 0.10967741935483871, 0.0, 0.0064516129032258064], [0.677570093457944, 0.17289719626168223, 0.10747663551401869, 0.04205607476635514], [0.8809523809523809, 0.08928571428571429, 0.023809523809523808, 0.005952380952380952], [0.6805970149253732, 0.1701492537313433, 0.11641791044776119, 0.03283582089552239], [0.8608695652173913, 0.09565217391304348, 0.017391304347826087, 0.02608695652173913], [0.7104072398190046, 0.18552036199095023, 0.07239819004524888, 0.03167420814479638], [0.8819875776397516, 0.11180124223602485, 0.006211180124223602, 0.0], [0.690566037735849, 0.20754716981132076, 0.09056603773584905, 0.011320754716981131], [0.746031746031746, 0.16666666666666666, 0.05555555555555555, 0.031746031746031744], [0.6222222222222222, 0.2388888888888889, 0.07222222222222222, 0.06666666666666667], [0.68, 0.224, 0.072, 0.024], [0.6598360655737705, 0.24180327868852458, 0.07377049180327869, 0.02459016393442623], [0.896, 0.072, 0.024, 0.008], [0.6792452830188679, 0.20754716981132076, 0.09905660377358491, 0.014150943396226415], [0.7575757575757576, 0.18181818181818182, 0.030303030303030304, 0.030303030303030304], [0.6561085972850679, 0.248868778280543, 0.07692307692307693, 0.01809954751131222], [0.9426229508196722, 0.02459016393442623, 0.02459016393442623, 0.00819672131147541], [0.680161943319838, 0.18218623481781376, 0.11740890688259109, 0.020242914979757085], [0.7985611510791367, 0.14388489208633093, 0.050359712230215826, 0.007194244604316547], [0.74, 0.156, 0.076, 0.028], [0.7851239669421488, 0.1487603305785124, 0.04132231404958678, 0.024793388429752067], [0.5617977528089888, 0.25280898876404495, 0.12921348314606743, 0.056179775280898875], [0.6645569620253164, 0.14556962025316456, 0.13924050632911392, 0.05063291139240506], [0.6354166666666666, 0.19444444444444445, 0.13541666666666666, 0.034722222222222224], [0.6666666666666666, 0.20930232558139536, 0.10852713178294573, 0.015503875968992248], [0.6616541353383458, 0.19924812030075187, 0.10150375939849623, 0.03759398496240601], [0.9337748344370861, 0.06622516556291391, 0.0, 0.0], [0.7117903930131004, 0.20087336244541484, 0.07423580786026202, 0.013100436681222707], [0.873015873015873, 0.1111111111111111, 0.007936507936507936, 0.007936507936507936], [0.7173144876325088, 0.19081272084805653, 0.07420494699646643, 0.0176678445229682], [0.9290322580645162, 0.05161290322580645, 0.01935483870967742, 0.0], [0.6857142857142857, 0.1746031746031746, 0.09841269841269841, 0.04126984126984127], [0.92, 0.048, 0.032, 0.0], [0.6157205240174672, 0.2445414847161572, 0.09606986899563319, 0.043668122270742356], [0.8907563025210085, 0.06722689075630252, 0.025210084033613446, 0.01680672268907563], [0.681592039800995, 0.19402985074626866, 0.10945273631840796, 0.014925373134328358], [0.84, 0.104, 0.048, 0.008], [0.6831275720164609, 0.18930041152263374, 0.09876543209876543, 0.02880658436213992], [0.9139784946236559, 0.053763440860215055, 0.021505376344086023, 0.010752688172043012], [0.6852791878172588, 0.2131979695431472, 0.07614213197969544, 0.025380710659898477], [0.8333333333333334, 0.12698412698412698, 0.03968253968253968, 0.0], [0.6962616822429907, 0.16355140186915887, 0.102803738317757, 0.037383177570093455], [0.8984375, 0.0859375, 0.015625, 0.0], [0.6401673640167364, 0.20502092050209206, 0.11715481171548117, 0.03765690376569038], [0.8380952380952381, 0.12380952380952381, 0.02857142857142857, 0.009523809523809525], [0.592391304347826, 0.28804347826086957, 0.09782608695652174, 0.021739130434782608], [0.7753623188405797, 0.15217391304347827, 0.06521739130434782, 0.007246376811594203], [0.62, 0.22333333333333333, 0.12, 0.03666666666666667], [0.859504132231405, 0.09090909090909091, 0.04132231404958678, 0.008264462809917356], [0.6956521739130435, 0.19806763285024154, 0.0821256038647343, 0.024154589371980676], [0.92, 0.07, 0.0, 0.01], [0.7205882352941176, 0.13725490196078433, 0.12254901960784313, 0.0196078431372549], [0.631578947368421, 0.24561403508771928, 0.08771929824561403, 0.03508771929824561], [0.6523605150214592, 0.2017167381974249, 0.12446351931330472, 0.02145922746781116], [0.8548387096774194, 0.11827956989247312, 0.016129032258064516, 0.010752688172043012], [0.7066246056782335, 0.167192429022082, 0.0946372239747634, 0.031545741324921134], [0.9047619047619048, 0.07142857142857142, 0.007936507936507936, 0.015873015873015872], [0.7205387205387206, 0.1717171717171717, 0.08080808080808081, 0.026936026936026935], [0.7226890756302521, 0.18487394957983194, 0.08403361344537816, 0.008403361344537815], [0.6156716417910447, 0.23507462686567165, 0.11194029850746269, 0.03731343283582089], [0.7419354838709677, 0.1693548387096774, 0.06451612903225806, 0.024193548387096774], [0.6392156862745098, 0.21176470588235294, 0.11764705882352941, 0.03137254901960784], [0.9385964912280702, 0.043859649122807015, 0.017543859649122806, 0.0], [0.7424242424242424, 0.15656565656565657, 0.06060606060606061, 0.04040404040404041], [0.7606837606837606, 0.15384615384615385, 0.08547008547008547, 0.0], [0.6142131979695431, 0.2131979695431472, 0.1319796954314721, 0.04060913705583756], [0.6736111111111112, 0.1597222222222222, 0.125, 0.041666666666666664], [0.636963696369637, 0.17491749174917492, 0.132013201320132, 0.056105610561056105], [0.897196261682243, 0.07476635514018691, 0.018691588785046728, 0.009345794392523364], [0.6822916666666666, 0.21875, 0.07291666666666667, 0.026041666666666668], [0.7692307692307693, 0.17482517482517482, 0.04195804195804196, 0.013986013986013986], [0.6989247311827957, 0.2007168458781362, 0.06810035842293907, 0.03225806451612903], [0.946236559139785, 0.043010752688172046, 0.010752688172043012, 0.0], [0.6914285714285714, 0.19428571428571428, 0.08571428571428572, 0.02857142857142857], [0.8106060606060606, 0.07575757575757576, 0.07575757575757576, 0.03787878787878788], [0.7302158273381295, 0.16906474820143885, 0.07553956834532374, 0.025179856115107913], [0.7899159663865546, 0.13445378151260504, 0.05042016806722689, 0.025210084033613446], [0.627906976744186, 0.20930232558139536, 0.11627906976744186, 0.046511627906976744], [0.6910569105691057, 0.16260162601626016, 0.0975609756097561, 0.04878048780487805], [0.6474358974358975, 0.22115384615384615, 0.08974358974358974, 0.041666666666666664]]}, "general": {"acc_test": 0.8833333333333333, "precision_test": 0.896551724137931, "recall_test": 0.8666666666666667, "f1_test": 0.8813559322033899, "auc_test": 0.9352777777777778}}
{"name": "perturbation_10_z", "predictions": {"test": [1.4816989412791612, 0.9191872264599585, 1.1670193063818357, -0.4548481438543281, 1.0081167094650811, 0.9949934571872809, 0.10222790174041645, -0.22511611875268878, 0.8202344827422807, 0.4495989271898449, 1.0722139133182886, -0.05403533562754845, 0.39060692714458645, 0.06192015262943828, 1.3492271319662539, 1.7744868107947351, 1.6114162466136162, 0.2649696183167684, 0.8407889456642357, 1.8694748810510222, 0.40984951820344345, 0.4357839902353995, 0.4212511946283, -0.4412136084172287, -0.14441052113652822, 0.40686199071817103, 0.2686953316484121, 0.6490235903957593, 1.4138589962913988, 2.3319023057161705, 0.15254976040148083, 0.21759155499530067, 1.2581976382806952, 0.0029518433003781408, 0.947198799274712, -0.007163621403531505, 0.8126695784626466, -0.029566038631767558, 0.656046153183053, -0.15607173378408726, 1.045589877755155, 0.19461069425011668, 1.3823504758954706, 0.5328849689639628, 0.5794498787830935, 0.9342443869608202, 1.1920791685957066, 0.0804219408242658, 1.0984017633874052, -0.16985785273693926, -1.2121403542191134, 0.13570353203386032, 1.2692271638913246, 0.7041933000562525, 0.9315910592316178, 0.7442617914855012, 0.20419016242376092, -0.760895735805402, 0.30786071643865126, -0.1934045456961427, 0.35590769480271556, 0.692050671120054, 0.6077324924852564, 0.2816131248585323, 0.29000888518283086, 0.5693160476518941, 1.4833471169193886, -0.16783773362999052, 0.5568041066236307, 1.0764118538908083, 2.1205160822011035, 0.49983630566736453, 1.0639136770082591, -0.4464750516746715, 0.6180095801954566, 1.2015779979890693, 1.29148852436702, 0.488540707397751, 0.3609821546747102, 0.27278990979189843, 1.1269392473426696, -0.7528227606798498, 1.3205402972392377, 0.34971199434297695, 0.599645777774578, -0.14798561767941196, 0.36941681725462044, 0.2524908423254325, 0.7738851871745854, -0.303273236375452, 0.6594389539406972, 1.268810033970728, 1.0350183189903632, 0.06865681001582939, 1.5383182611981465, -0.3476223155608917, 0.9462074693752541, -0.8551856825183681, 1.0169459303216715, 0.7456553241763869, 0.16165494022904076, 0.654755612596554, 1.6216022438093305, -0.39471733524401204, -0.6953415837167589, -0.7177287347743397, 0.5211159527817805, 1.095683312701937, 1.5421454998723925, -0.01259886387443293, 0.4601143733245657, 0.43389192728247994, 1.6019363573485068, 1.046466867034038, 0.5076504652186727, 1.0804520985168788, -0.13519005505043985, 0.7122233001758147, 0.4599043537025336, 0.14880239679320262]}, "info": {"pct_words_masked": 0.3, "span_length": 2, "n_perturbations": 10}, "general": {"acc_test": 0.675, "precision_test": 0.6363636363636364, "recall_test": 0.8166666666666667, "f1_test": 0.7153284671532846, "auc_test": 0.7222222222222223}}
{"Name": "GPT-sentinel", "acc": 0.9333333333333333}
{"name": "roberta-base-openai-detector", "predictions": {"test": [0.9998279809951782, 0.00017585924069862813, 0.14438706636428833, 0.00039939902490004897, 0.9818267822265625, 0.00031057826709002256, 0.17248667776584625, 0.0002683842903934419, 0.9997993111610413, 0.00034997620969079435, 0.9997912049293518, 0.00018453858501743525, 0.9997658133506775, 0.00022262913989834487, 0.9993359446525574, 0.0003636129549704492, 0.8627108931541443, 0.00032230987562797964, 0.0008271690458059311, 0.00034809880889952183, 0.006536569446325302, 0.0006312626646831632, 0.9974907636642456, 0.9998112320899963, 0.0030508865602314472, 0.0004289714270271361, 0.9881882071495056, 0.0002220114547526464, 0.0004338046710472554, 0.00017413556633982807, 0.006840709131211042, 0.00018100910529028624, 0.9998262524604797, 0.00019872444681823254, 0.9998181462287903, 0.01020705047994852, 0.9912095069885254, 0.0002069103647954762, 0.9656395316123962, 0.00023128557950258255, 0.9998177886009216, 0.00040281188557855785, 0.9995265007019043, 0.0004500072682276368, 0.853000283241272, 0.00042510475032031536, 0.9998247027397156, 0.0001798461307771504, 0.07165517657995224, 0.00019509141566231847, 0.541408360004425, 0.0001858769974205643, 0.9998212456703186, 0.0002280789485666901, 0.9378952980041504, 0.00030512487865053117, 0.9995137453079224, 0.00023657210113015026, 0.0036975527182221413, 0.00040046253707259893, 0.9997444748878479, 0.00026248994981870055, 0.0002609548100735992, 0.00042509083868935704, 0.005689504090696573, 0.0003548460954334587, 0.9997946619987488, 0.0001852335117291659, 0.9997702240943909, 0.00044601832632906735, 0.999795138835907, 0.0005094254156574607, 0.9962970614433289, 0.0002568842319305986, 0.500768780708313, 0.00024397563538514078, 0.9951270818710327, 0.00017564606969244778, 0.9993368983268738, 0.000187693236512132, 0.9998190999031067, 0.00017259755986742675, 0.9998267292976379, 0.00030914280796423554, 0.9994833469390869, 0.0002299129992024973, 0.576957106590271, 0.000521217763889581, 0.9582013487815857, 0.00020902234246023, 0.9998145699501038, 0.00031797835254110396, 0.002001055981963873, 0.0003512334660626948, 0.9998192191123962, 0.000178125366801396, 0.9998183846473694, 0.00024424889124929905, 0.4797230064868927, 0.00037932366831228137, 0.9240918159484863, 0.0003961439069826156, 0.9403393268585205, 0.00025263868155889213, 0.009785761125385761, 0.0001767658832250163, 0.00016784612671472132, 0.00031369092175737023, 0.9963208436965942, 0.00028194751939736307, 0.5325238704681396, 0.000245065544731915, 0.999825656414032, 0.00019445364887360483, 0.0009392877109348774, 0.000247415155172348, 0.963331937789917, 0.00018789003661368042, 0.00030692326254211366, 0.00022967746190261096]}, "logits": {"test": [4.703356742858887, -4.690785884857178, -0.9791628122329712, -4.216859817504883, 2.033606767654419, -4.362357139587402, -0.8846580982208252, -4.447956562042236, 4.614153861999512, -4.293798446655273, 4.587179660797119, -4.650195598602295, 4.5185017585754395, -4.546666145324707, 3.904792308807373, -4.274201393127441, 0.8820436000823975, -4.3384246826171875, -3.83209228515625, -4.294808387756348, -2.70123553276062, -3.934699296951294, 3.1438236236572266, 4.665739059448242, -3.093670129776001, -4.181730270385742, 2.2603542804718018, -4.552999019622803, -4.176973342895508, -4.68892765045166, -2.678696393966675, -4.672659397125244, 4.699390411376953, -4.6149582862854, 4.665229797363281, -2.4115161895751953, 2.425281286239624, -4.596930027008057, 1.6752040386199951, -4.529937267303467, 4.680624008178711, -4.215900897979736, 4.100152492523193, -4.152346611022949, 0.8379549980163574, -4.187204360961914, 4.695990562438965, -4.673917293548584, -1.4082201719284058, -4.630769729614258, 0.01890031434595585, -4.657650470733643, 4.687295913696289, -4.538774490356445, 1.341737985610962, -4.376811504364014, 4.086246967315674, -4.518950939178467, -3.029310703277588, -4.2199811935424805, 4.4613237380981445, -4.461452484130859, -4.460757255554199, -4.18044376373291, -2.7724483013153076, -4.283667087554932, 4.628896713256836, -4.653286933898926, 4.525841236114502, -4.158275604248047, 4.6261091232299805, -4.0825090408325195, 2.913271903991699, -4.473326206207275, -0.08459390699863434, -4.501387596130371, 2.759982109069824, -4.678138732910156, 3.895282745361328, -4.650439262390137, 4.669209957122803, -4.696626663208008, 4.704310894012451, -4.356659889221191, 4.047172546386719, -4.52699089050293, 0.0918278768658638, -4.068593978881836, 1.5604559183120728, -4.580018043518066, 4.652621269226074, -4.340236186981201, -3.356916904449463, -4.289332866668701, 4.67038631439209, -4.67575740814209, 4.68033504486084, -4.499890327453613, -0.11502745002508163, -4.251471996307373, 1.2295043468475342, -4.2228169441223145, 1.3615641593933105, -4.475741863250732, -2.478195905685425, -4.671727180480957, -4.720663547515869, -4.36063814163208, 2.916564702987671, -4.425965309143066, 0.0012409593909978867, -4.501306533813477, 4.698371887207031, -4.630241870880127, -3.7427785396575928, -4.491609573364258, 1.6460022926330566, -4.650595664978027, -4.367841720581055, -4.530383586883545]}, "general": {"acc_test": 0.85, "precision_test": 0.9772727272727273, "recall_test": 0.7166666666666667, "f1_test": 0.826923076923077, "auc_test": 0.9516666666666667, "preds": [0.9998279809951782, 0.14438706636428833, 0.9818267822265625, 0.17248667776584625, 0.9997993111610413, 0.9997912049293518, 0.9997658133506775, 0.9993359446525574, 0.8627108931541443, 0.0008271690458059311, 0.006536569446325302, 0.9974907636642456, 0.0030508865602314472, 0.9881882071495056, 0.0004338046710472554, 0.006840709131211042, 0.9998262524604797, 0.9998181462287903, 0.9912095069885254, 0.9656395316123962, 0.9998177886009216, 0.9995265007019043, 0.853000283241272, 0.9998247027397156, 0.07165517657995224, 0.541408360004425, 0.9998212456703186, 0.9378952980041504, 0.9995137453079224, 0.0036975527182221413, 0.9997444748878479, 0.0002609548100735992, 0.005689504090696573, 0.9997946619987488, 0.9997702240943909, 0.999795138835907, 0.9962970614433289, 0.500768780708313, 0.9951270818710327, 0.9993368983268738, 0.9998190999031067, 0.9998267292976379, 0.9994833469390869, 0.576957106590271, 0.9582013487815857, 0.9998145699501038, 0.002001055981963873, 0.9998192191123962, 0.9998183846473694, 0.4797230064868927, 0.9240918159484863, 0.9403393268585205, 0.009785761125385761, 0.00016784612671472132, 0.9963208436965942, 0.5325238704681396, 0.999825656414032, 0.0009392877109348774, 0.963331937789917, 0.00030692326254211366]}}
{"name": "Hello-SimpleAI/chatgpt-detector-roberta", "predictions": {"test": [0.9992455244064331, 0.02841223031282425, 0.9990518689155579, 0.0007605931023135781, 0.9992173910140991, 0.9841152429580688, 0.07866289466619492, 0.0024572659749537706, 0.9992477893829346, 0.021498998627066612, 0.9992390871047974, 0.00031682749977335334, 0.24000106751918793, 0.0052463640458881855, 0.9991958737373352, 0.031101785600185394, 0.9992411136627197, 0.029294418171048164, 0.959696352481842, 0.00043845499749295413, 0.0009962634649127722, 0.0013824523193761706, 0.16868236660957336, 0.025299405679106712, 0.8621002435684204, 0.007334750145673752, 0.06861506402492523, 0.02430029585957527, 0.9960811734199524, 0.05918016657233238, 0.00958183128386736, 0.0017023943364620209, 0.9992426633834839, 0.0003671740123536438, 0.9992423057556152, 0.14383548498153687, 0.9989383816719055, 0.016832392662763596, 0.9992268085479736, 0.1332939714193344, 0.9992311000823975, 0.8392273187637329, 0.9966063499450684, 0.008828033693134785, 0.9992161989212036, 0.9779930114746094, 0.9992437362670898, 0.9991211295127869, 0.01713830605149269, 0.006627904251217842, 0.002898548496887088, 0.9925895929336548, 0.9951501488685608, 0.06612760573625565, 0.9992378950119019, 0.9576152563095093, 0.9992333650588989, 0.1709718257188797, 0.9992222785949707, 0.02924012579023838, 0.9721716642379761, 0.001072755316272378, 0.9759089350700378, 0.00481881108134985, 0.01343142706900835, 0.0011984661687165499, 0.9992374181747437, 0.10189951956272125, 0.9990092515945435, 0.9966118931770325, 0.9992332458496094, 0.9554559588432312, 0.9992413520812988, 0.0024188384413719177, 0.9992509484291077, 0.29198282957077026, 0.06800112128257751, 0.00033357759821228683, 0.9992419481277466, 0.04984494298696518, 0.003248291090130806, 0.0018093446269631386, 0.999241828918457, 0.01102516520768404, 0.9992446899414062, 0.015147422440350056, 0.000914151081815362, 0.0004114018811378628, 0.999237060546875, 0.9842484593391418, 0.9992399215698242, 0.006583488080650568, 0.027151620015501976, 0.0736812949180603, 0.999133288860321, 0.01607852801680565, 0.9985778331756592, 0.8648215532302856, 0.9840824604034424, 0.013021550141274929, 0.004195462912321091, 0.0009446879848837852, 0.9992469549179077, 0.00044347537914291024, 0.997043788433075, 0.24575868248939514, 0.060587022453546524, 0.0014749988913536072, 0.9992426633834839, 0.9854381084442139, 0.015838991850614548, 0.000470286380732432, 0.9991521835327148, 0.02204756811261177, 0.38151848316192627, 0.016102654859423637, 0.9982050657272339, 0.8859190344810486, 0.0015880800783634186, 0.006257433444261551]}, "logits": {"test": [3.1247525215148926, -1.7732107639312744, 3.061486005783081, -3.300694465637207, 3.1211817264556885, 1.9121967554092407, -1.297200083732605, -2.8357093334198, 3.1249587535858154, -1.8992112874984741, 3.1239664554595947, -3.610527753829956, -0.7038178443908691, -2.517348051071167, 3.114651918411255, -1.732033133506775, 3.1241252422332764, -1.7593201398849487, 1.5026655197143555, -3.50203800201416, -3.1972544193267822, -3.068603754043579, -0.9075888395309448, -1.825825572013855, 0.9235341548919678, -2.3733346462249756, -1.3630586862564087, -1.8445385694503784, 2.5037178993225098, -1.4334827661514282, -2.2571794986724854, -2.9852848052978516, 3.124406337738037, -3.5624873638153076, 3.124356269836426, -0.9933682084083557, 3.0209875106811523, -2.008676767349243, 3.1232173442840576, -1.0332690477371216, 3.123755931854248, 0.844881534576416, 2.562880754470825, -2.2929019927978516, 3.120880365371704, 1.7704683542251587, 3.1245534420013428, 3.0874009132385254, -2.00065279006958, -2.4170806407928467, -2.767385244369507, 2.237867832183838, 2.415452718734741, -1.3807380199432373, 3.123915195465088, 1.4800206422805786, 3.1238906383514404, -0.9003083109855652, 3.1223535537719727, -1.7601540088653564, 1.6674219369888306, -3.168485164642334, 1.7308554649353027, -2.553571939468384, -2.1088027954101562, -3.12507700920105, 3.123966693878174, -1.1699813604354858, 3.0459628105163574, 2.563581705093384, 3.1238901615142822, 1.4576278924942017, 3.1241984367370605, -2.8422000408172607, 3.1246111392974854, -0.5803459882736206, -1.3673738241195679, -3.5940191745758057, 3.1242525577545166, -1.5142585039138794, -2.7199478149414062, -2.960684061050415, 3.124329090118408, -2.1957428455352783, 3.124661684036255, -2.0555737018585205, -3.2304863929748535, -3.524038553237915, 3.1239078044891357, 1.9158378839492798, 3.1240274906158447, -2.4199795722961426, -1.7938164472579956, -1.3288401365280151, 3.0919361114501953, -2.029064655303955, 2.9106340408325195, 0.9349781274795532, 1.9112985134124756, -2.122497081756592, -2.612332820892334, -3.2178189754486084, 3.124890089035034, -3.498072624206543, 2.6192686557769775, -0.689576268196106, -1.4223403930664062, -3.042797803878784, 3.124293565750122, 1.9497305154800415, -2.035736322402954, -3.4774539470672607, 3.0990164279937744, -1.887868046760559, -0.11647090315818787, -2.028409004211426, 2.8196616172790527, 1.017777681350708, -3.0132291316986084, -2.441828966140747]}, "general": {"acc_test": 0.75, "precision_test": 0.7777777777777778, "recall_test": 0.7, "f1_test": 0.7368421052631577, "auc_test": 0.8319444444444444, "preds": [0.9992455244064331, 0.9990518689155579, 0.9992173910140991, 0.07866289466619492, 0.9992477893829346, 0.9992390871047974, 0.24000106751918793, 0.9991958737373352, 0.9992411136627197, 0.959696352481842, 0.0009962634649127722, 0.16868236660957336, 0.8621002435684204, 0.06861506402492523, 0.9960811734199524, 0.00958183128386736, 0.9992426633834839, 0.9992423057556152, 0.9989383816719055, 0.9992268085479736, 0.9992311000823975, 0.9966063499450684, 0.9992161989212036, 0.9992437362670898, 0.01713830605149269, 0.002898548496887088, 0.9951501488685608, 0.9992378950119019, 0.9992333650588989, 0.9992222785949707, 0.9721716642379761, 0.9759089350700378, 0.01343142706900835, 0.9992374181747437, 0.9990092515945435, 0.9992332458496094, 0.9992413520812988, 0.9992509484291077, 0.06800112128257751, 0.9992419481277466, 0.003248291090130806, 0.999241828918457, 0.9992446899414062, 0.000914151081815362, 0.999237060546875, 0.9992399215698242, 0.027151620015501976, 0.999133288860321, 0.9985778331756592, 0.9840824604034424, 0.004195462912321091, 0.9992469549179077, 0.997043788433075, 0.060587022453546524, 0.9992426633834839, 0.015838991850614548, 0.9991521835327148, 0.38151848316192627, 0.9982050657272339, 0.0015880800783634186]}}
