{"name": "likelihood_threshold", "predictions": {"test": [-3.1302974224090576, -3.466762065887451, -3.317063331604004, -3.8471269607543945, -3.7291524410247803, -2.851383924484253, -3.057276487350464, -3.8047640323638916, -3.928959846496582, -2.9847285747528076, -3.5193469524383545, -4.059943199157715, -3.187117338180542, -3.566673755645752, -3.197319507598877, -2.883329153060913, -2.958897113800049, -3.4290854930877686, -2.761479139328003, -2.7288475036621094, -3.5002682209014893, -3.7069172859191895, -2.865732192993164, -3.8474435806274414, -3.23996901512146, -3.8061656951904297, -3.3070240020751953, -2.621767997741699, -2.5241940021514893, -4.115074634552002, -3.2210817337036133, -3.236172676086426, -3.170506000518799, -2.753695011138916, -3.209721326828003, -3.9547371864318848, -3.7974188327789307, -2.8323161602020264, -3.784775495529175, -3.5236783027648926, -4.176632404327393, -2.6735422611236572, -3.759638547897339, -3.0061707496643066, -3.29359769821167, -3.2254576683044434, -3.0239782333374023, -3.7467780113220215, -2.982618570327759, -3.0945253372192383, -4.317185878753662, -3.72566556930542, -3.268526077270508, -2.9755966663360596, -2.556337356567383, -3.5060160160064697, -3.118399143218994, -3.9694104194641113, -4.408134460449219, -3.867565870285034, -3.3351898193359375, -4.207999229431152, -3.3290045261383057, -3.1848037242889404, -3.022451877593994, -3.0989766120910645, -2.4685521125793457, -3.8362925052642822, -2.9263455867767334, -3.8642826080322266, -3.0189104080200195, -4.131157875061035, -3.01708984375, -2.5303955078125, -3.4147229194641113, -3.6616928577423096, -3.801077365875244, -3.1159987449645996, -2.7279934883117676, -3.9999914169311523, -3.491492986679077, -2.8850975036621094, -3.961944580078125, -4.260087966918945, -3.436861276626587, -3.6710853576660156, -4.1099748611450195, -3.324493885040283, -4.247433662414551, -2.8718812465667725, -2.898073196411133, -2.92744517326355, -3.797938346862793, -3.064150333404541, -3.7315564155578613, -3.270768165588379, -3.3766932487487793, -3.67740797996521, -3.5355587005615234, -3.86555552482605, -3.1256484985351562, -3.2061755657196045, -2.8097174167633057, -3.3198916912078857, -2.890608310699463, -3.752838611602783, -3.746946096420288, -3.9376375675201416, -3.6428651809692383, -3.5304958820343018, -3.8537118434906006, -3.5560407638549805, -3.143124580383301, -3.00453519821167, -2.8449795246124268, -3.797097682952881, -3.4187581539154053, -3.356994152069092, -3.473106622695923, -2.853945016860962]}, "acc_test": 0.5416666666666666, "precision_test": 0.6511627906976745, "recall_test": 0.4117647058823529, "f1_test": 0.5045045045045045, "auc_test": 0.6340497737556561}
{"name": "rank_threshold", "predictions": {"test": [-153.16392517089844, -203.43016052246094, -251.40110778808594, -388.8266906738281, -279.24853515625, -107.79267883300781, -59.858062744140625, -163.87661743164062, -353.2802734375, -80.45128631591797, -263.8282165527344, -266.6257019042969, -62.6129035949707, -274.2742919921875, -344.90740966796875, -51.586666107177734, -97.81065368652344, -367.7401428222656, -128.9388885498047, -96.489013671875, -168.91275024414062, -436.59869384765625, -205.20730590820312, -232.74713134765625, -103.30177307128906, -462.5137023925781, -159.61380004882812, -75.54609680175781, -43.954837799072266, -160.43016052246094, -133.23077392578125, -169.356689453125, -130.66860961914062, -75.8553466796875, -152.77456665039062, -217.015869140625, -281.04791259765625, -61.779571533203125, -181.67251586914062, -218.3426971435547, -419.81610107421875, -27.8896541595459, -208.06040954589844, -97.33547973632812, -309.1190490722656, -185.47662353515625, -62.034881591796875, -241.0598907470703, -298.8702087402344, -104.70503997802734, -753.546630859375, -243.5426788330078, -132.8950653076172, -71.43225860595703, -103.42766571044922, -179.13587951660156, -85.57432556152344, -388.4285888671875, -317.5505676269531, -400.6145935058594, -169.3426513671875, -349.4171142578125, -227.49765014648438, -127.00609588623047, -84.07142639160156, -66.84276580810547, -148.44927978515625, -266.04876708984375, -31.15231704711914, -101.30220031738281, -134.79641723632812, -329.0735168457031, -196.31053161621094, -589.423095703125, -168.1901397705078, -234.375, -402.23809814453125, -110.31645965576172, -157.32386779785156, -663.8579711914062, -220.60264587402344, -74.02325439453125, -272.55487060546875, -445.34423828125, -81.75155639648438, -232.49069213867188, -356.2908020019531, -147.56082153320312, -312.0457458496094, -106.07735443115234, -46.30573272705078, -167.76087951660156, -268.9140930175781, -62.050724029541016, -142.0749969482422, -185.20713806152344, -143.0, -268.05657958984375, -258.0119934082031, -83.9000015258789, -94.96470642089844, -224.4466094970703, -254.44586181640625, -141.8128662109375, -62.38587188720703, -270.91802978515625, -212.7176513671875, -220.91358947753906, -214.8838653564453, -149.11842346191406, -265.11932373046875, -226.5192413330078, -126.49090576171875, -76.2967758178711, -90.8299331665039, -226.55882263183594, -159.61111450195312, -196.69281005859375, -83.73648834228516, -29.093334197998047]}, "acc_test": 0.625, "precision_test": 0.7090909090909091, "recall_test": 0.5735294117647058, "f1_test": 0.6341463414634145, "auc_test": 0.6911764705882354}
{"name": "log_rank_threshold", "predictions": {"test": [-1.6961174011230469, -1.932659387588501, -1.7337061166763306, -2.1172306537628174, -2.1435046195983887, -1.4064280986785889, -1.6435478925704956, -2.2551426887512207, -2.186129570007324, -1.5702506303787231, -1.9258793592453003, -2.358292579650879, -1.6686519384384155, -2.0169270038604736, -1.6615945100784302, -1.4623346328735352, -1.5185476541519165, -1.9412180185317993, -1.3454889059066772, -1.3933082818984985, -1.9253853559494019, -2.0692336559295654, -1.462693691253662, -2.208495616912842, -1.7626721858978271, -2.1805126667022705, -1.7136648893356323, -1.3170424699783325, -1.2551592588424683, -2.2886440753936768, -1.69674551486969, -1.7340331077575684, -1.681936264038086, -1.4807896614074707, -1.700439453125, -2.1597657203674316, -2.132718801498413, -1.5805563926696777, -2.1297366619110107, -1.9600685834884644, -2.374502182006836, -1.338295340538025, -2.0301003456115723, -1.5571589469909668, -1.7925723791122437, -1.7540810108184814, -1.571677327156067, -2.053913116455078, -1.579882264137268, -1.6502758264541626, -2.620326042175293, -2.027073383331299, -1.7006430625915527, -1.5030066967010498, -1.3064818382263184, -1.9669408798217773, -1.7254984378814697, -2.3622841835021973, -2.5655202865600586, -2.157388210296631, -1.7228641510009766, -2.4259605407714844, -1.8093308210372925, -1.6749334335327148, -1.5107784271240234, -1.645962119102478, -1.137257695198059, -2.16579008102417, -1.4702975749969482, -2.1144514083862305, -1.5101897716522217, -2.3985581398010254, -1.5132856369018555, -1.4992146492004395, -1.7774159908294678, -1.9794551134109497, -2.0992112159729004, -1.6836944818496704, -1.400146484375, -2.281623125076294, -1.833297610282898, -1.4729984998703003, -2.288986921310425, -2.4273831844329834, -1.8065580129623413, -2.0020861625671387, -2.3174777030944824, -1.7917579412460327, -2.3329415321350098, -1.475517988204956, -1.4733537435531616, -1.4486064910888672, -2.083876371383667, -1.5216152667999268, -2.0118987560272217, -1.7355774641036987, -1.8323711156845093, -1.9726663827896118, -1.96196711063385, -2.1244494915008545, -1.6404814720153809, -1.7953535318374634, -1.4103633165359497, -1.7388523817062378, -1.55376136302948, -2.111161947250366, -2.134636878967285, -2.135902166366577, -2.0138139724731445, -1.8713680505752563, -2.1275479793548584, -1.9712599515914917, -1.585797667503357, -1.5239886045455933, -1.382354736328125, -2.1737828254699707, -1.907055139541626, -1.8717657327651978, -1.8994953632354736, -1.4415853023529053]}, "acc_test": 0.5083333333333333, "precision_test": 0.6153846153846154, "recall_test": 0.35294117647058826, "f1_test": 0.4485981308411215, "auc_test": 0.6224547511312217}
{"name": "entropy_threshold", "predictions": {"test": [3.0354957580566406, 3.8479440212249756, 3.3772542476654053, 4.101503372192383, 3.6185171604156494, 3.30265212059021, 3.35093092918396, 3.85227108001709, 4.077671527862549, 3.1763241291046143, 3.5591378211975098, 4.180115699768066, 3.3265531063079834, 3.497032642364502, 3.946267604827881, 3.0217716693878174, 3.1151976585388184, 3.605426073074341, 3.1244006156921387, 3.0103933811187744, 4.082995414733887, 3.6602237224578857, 3.1708760261535645, 3.684643268585205, 3.431631565093994, 3.853274345397949, 3.617387056350708, 3.310328245162964, 2.611050844192505, 3.999070405960083, 3.5791404247283936, 3.461763381958008, 3.3677942752838135, 2.6446993350982666, 3.626797914505005, 4.156911849975586, 3.911165475845337, 3.0447685718536377, 3.9464471340179443, 3.313005208969116, 4.12717866897583, 2.9312338829040527, 4.138619422912598, 3.3875226974487305, 3.5750014781951904, 3.1902945041656494, 3.062054395675659, 4.173164367675781, 3.297945499420166, 3.3500559329986572, 4.270984172821045, 3.691171169281006, 3.2202706336975098, 3.2560622692108154, 2.779216766357422, 3.747502565383911, 3.1668577194213867, 3.7531025409698486, 4.252992153167725, 4.2100396156311035, 3.4484822750091553, 4.232248783111572, 3.447226047515869, 3.5271694660186768, 3.3963258266448975, 3.3231101036071777, 2.7599544525146484, 3.6209053993225098, 3.2748184204101562, 3.7828383445739746, 3.256566047668457, 4.219871997833252, 2.7391297817230225, 2.5864062309265137, 3.67704176902771, 3.535337448120117, 4.078829288482666, 3.714890241622925, 3.3206851482391357, 3.90620493888855, 3.6987926959991455, 2.9991817474365234, 4.087619304656982, 4.307387828826904, 3.736480951309204, 3.9421005249023438, 4.126904487609863, 3.5578505992889404, 4.392469882965088, 3.4613139629364014, 3.271549701690674, 3.2134454250335693, 3.8075103759765625, 3.2250869274139404, 3.221287488937378, 3.396275520324707, 3.4109692573547363, 3.7598085403442383, 3.331963062286377, 3.8774688243865967, 3.3182661533355713, 3.5602362155914307, 3.178894281387329, 3.4995267391204834, 3.109375476837158, 3.6186609268188477, 4.051818370819092, 3.8948214054107666, 3.7808995246887207, 3.7278354167938232, 4.029226303100586, 3.6854615211486816, 3.421308994293213, 3.4050474166870117, 3.281886339187622, 3.7888901233673096, 3.8865575790405273, 3.583449363708496, 3.5826539993286133, 3.2851505279541016]}, "acc_test": 0.5916666666666667, "precision_test": 0.6666666666666666, "recall_test": 0.5588235294117647, "f1_test": 0.608, "auc_test": 0.6855203619909503}
{"name": "rank_GLTR_threshold", "predictions": {"test": [[0.7049180327868853, 0.17486338797814208, 0.08196721311475409, 0.03825136612021858], [0.6871508379888268, 0.1340782122905028, 0.1340782122905028, 0.0446927374301676], [0.7252747252747253, 0.14285714285714285, 0.0989010989010989, 0.03296703296703297], [0.6533333333333333, 0.19333333333333333, 0.08666666666666667, 0.06666666666666667], [0.6416184971098265, 0.1676300578034682, 0.14450867052023122, 0.046242774566473986], [0.7560975609756098, 0.15853658536585366, 0.06707317073170732, 0.018292682926829267], [0.7096774193548387, 0.2, 0.07741935483870968, 0.012903225806451613], [0.6103896103896104, 0.19480519480519481, 0.15584415584415584, 0.03896103896103896], [0.6242038216560509, 0.17834394904458598, 0.10828025477707007, 0.08917197452229299], [0.7230769230769231, 0.14358974358974358, 0.11794871794871795, 0.015384615384615385], [0.6687116564417178, 0.20245398773006135, 0.08588957055214724, 0.04294478527607362], [0.5921787709497207, 0.20670391061452514, 0.11173184357541899, 0.0893854748603352], [0.7032258064516129, 0.2129032258064516, 0.06451612903225806, 0.01935483870967742], [0.64, 0.21714285714285714, 0.09142857142857143, 0.05142857142857143], [0.7222222222222222, 0.14814814814814814, 0.08641975308641975, 0.043209876543209874], [0.74, 0.17333333333333334, 0.07333333333333333, 0.013333333333333334], [0.7337278106508875, 0.1834319526627219, 0.0650887573964497, 0.01775147928994083], [0.6653543307086615, 0.1732283464566929, 0.11023622047244094, 0.051181102362204724], [0.7777777777777778, 0.13333333333333333, 0.06666666666666667, 0.022222222222222223], [0.7802197802197802, 0.12637362637362637, 0.08241758241758242, 0.01098901098901099], [0.6778523489932886, 0.1610738255033557, 0.12751677852348994, 0.03355704697986577], [0.6776315789473685, 0.13815789473684212, 0.125, 0.05921052631578947], [0.7378048780487805, 0.1951219512195122, 0.036585365853658534, 0.03048780487804878], [0.6551724137931034, 0.14367816091954022, 0.12643678160919541, 0.07471264367816093], [0.6804733727810651, 0.21301775147928995, 0.07692307692307693, 0.029585798816568046], [0.5958904109589042, 0.22602739726027396, 0.0958904109589041, 0.0821917808219178], [0.7241379310344828, 0.16551724137931034, 0.06896551724137931, 0.041379310344827586], [0.7943262411347518, 0.15602836879432624, 0.028368794326241134, 0.02127659574468085], [0.7741935483870968, 0.1870967741935484, 0.025806451612903226, 0.012903225806451613], [0.5642458100558659, 0.2737430167597765, 0.11173184357541899, 0.05027932960893855], [0.7202797202797203, 0.13986013986013987, 0.11188811188811189, 0.027972027972027972], [0.7261146496815286, 0.1337579617834395, 0.10828025477707007, 0.03184713375796178], [0.7151162790697675, 0.1511627906976744, 0.09302325581395349, 0.040697674418604654], [0.7421383647798742, 0.13836477987421383, 0.1069182389937107, 0.012578616352201259], [0.7283236994219653, 0.16184971098265896, 0.06358381502890173, 0.046242774566473986], [0.6031746031746031, 0.2328042328042328, 0.12169312169312169, 0.042328042328042326], [0.6706586826347305, 0.1497005988023952, 0.10778443113772455, 0.0718562874251497], [0.6827956989247311, 0.1935483870967742, 0.11290322580645161, 0.010752688172043012], [0.631578947368421, 0.1871345029239766, 0.13450292397660818, 0.04678362573099415], [0.6853932584269663, 0.12359550561797752, 0.14606741573033707, 0.0449438202247191], [0.5804597701149425, 0.22988505747126436, 0.10919540229885058, 0.08045977011494253], [0.7655172413793103, 0.13793103448275862, 0.09655172413793103, 0.0], [0.6040268456375839, 0.26174496644295303, 0.08053691275167785, 0.053691275167785234], [0.7096774193548387, 0.18064516129032257, 0.08387096774193549, 0.025806451612903226], [0.7321428571428571, 0.13095238095238096, 0.08928571428571429, 0.047619047619047616], [0.6915887850467289, 0.19158878504672897, 0.06542056074766354, 0.0514018691588785], [0.686046511627907, 0.23255813953488372, 0.06976744186046512, 0.011627906976744186], [0.6467065868263473, 0.19760479041916168, 0.10778443113772455, 0.04790419161676647], [0.7463126843657817, 0.13569321533923304, 0.07669616519174041, 0.04129793510324484], [0.7410071942446043, 0.12949640287769784, 0.1079136690647482, 0.02158273381294964], [0.5508474576271186, 0.1906779661016949, 0.15677966101694915, 0.1016949152542373], [0.676829268292683, 0.18902439024390244, 0.07926829268292683, 0.054878048780487805], [0.7283950617283951, 0.16049382716049382, 0.09259259259259259, 0.018518518518518517], [0.7161290322580646, 0.2, 0.07741935483870968, 0.0064516129032258064], [0.7547169811320755, 0.1761006289308176, 0.05660377358490566, 0.012578616352201259], [0.6630434782608695, 0.1956521739130435, 0.09239130434782608, 0.04891304347826087], [0.6959459459459459, 0.16891891891891891, 0.11486486486486487, 0.02027027027027027], [0.5934065934065934, 0.17032967032967034, 0.15934065934065933, 0.07692307692307693], [0.5168539325842697, 0.25280898876404495, 0.16292134831460675, 0.06741573033707865], [0.6302083333333334, 0.19270833333333334, 0.09895833333333333, 0.078125], [0.6713286713286714, 0.20279720279720279, 0.0979020979020979, 0.027972027972027972], [0.5775401069518716, 0.2192513368983957, 0.13368983957219252, 0.06951871657754011], [0.676056338028169, 0.2112676056338028, 0.0892018779342723, 0.023474178403755867], [0.7195121951219512, 0.15853658536585366, 0.0975609756097561, 0.024390243902439025], [0.7272727272727273, 0.17532467532467533, 0.08441558441558442, 0.012987012987012988], [0.7044025157232704, 0.2138364779874214, 0.06918238993710692, 0.012578616352201259], [0.8260869565217391, 0.12318840579710146, 0.043478260869565216, 0.007246376811594203], [0.6158536585365854, 0.21951219512195122, 0.12195121951219512, 0.042682926829268296], [0.7218543046357616, 0.2251655629139073, 0.046357615894039736, 0.006622516556291391], [0.6043956043956044, 0.24175824175824176, 0.13736263736263737, 0.016483516483516484], [0.7425149700598802, 0.1377245508982036, 0.09580838323353294, 0.023952095808383235], [0.5919117647058824, 0.20588235294117646, 0.11764705882352941, 0.08455882352941177], [0.7526315789473684, 0.16842105263157894, 0.05789473684210526, 0.021052631578947368], [0.7637362637362637, 0.09340659340659341, 0.06593406593406594, 0.07692307692307693], [0.6901408450704225, 0.20422535211267606, 0.08450704225352113, 0.02112676056338028], [0.6521739130434783, 0.19021739130434784, 0.11956521739130435, 0.03804347826086957], [0.6428571428571429, 0.20238095238095238, 0.13095238095238096, 0.023809523809523808], [0.7088607594936709, 0.15822784810126583, 0.10126582278481013, 0.03164556962025317], [0.7613636363636364, 0.14204545454545456, 0.07954545454545454, 0.017045454545454544], [0.6306818181818182, 0.1590909090909091, 0.13636363636363635, 0.07386363636363637], [0.7152317880794702, 0.17218543046357615, 0.06622516556291391, 0.046357615894039736], [0.7558139534883721, 0.1569767441860465, 0.06976744186046512, 0.01744186046511628], [0.6097560975609756, 0.18292682926829268, 0.12804878048780488, 0.07926829268292683], [0.5956284153005464, 0.18579234972677597, 0.12568306010928962, 0.09289617486338798], [0.6894409937888198, 0.19875776397515527, 0.09316770186335403, 0.018633540372670808], [0.6708074534161491, 0.19254658385093168, 0.08074534161490683, 0.055900621118012424], [0.5969387755102041, 0.20408163265306123, 0.1377551020408163, 0.061224489795918366], [0.6891891891891891, 0.20945945945945946, 0.06756756756756757, 0.033783783783783786], [0.6209150326797386, 0.16993464052287582, 0.1503267973856209, 0.058823529411764705], [0.7679558011049724, 0.13259668508287292, 0.0718232044198895, 0.027624309392265192], [0.7452229299363057, 0.17834394904458598, 0.06369426751592357, 0.012738853503184714], [0.782608695652174, 0.13768115942028986, 0.057971014492753624, 0.021739130434782608], [0.6257668711656442, 0.2147239263803681, 0.10429447852760736, 0.05521472392638037], [0.782608695652174, 0.13768115942028986, 0.06521739130434782, 0.014492753623188406], [0.66875, 0.14375, 0.1375, 0.05], [0.7142857142857143, 0.16428571428571428, 0.09285714285714286, 0.02857142857142857], [0.65, 0.21428571428571427, 0.12142857142857143, 0.014285714285714285], [0.6477987421383647, 0.23270440251572327, 0.07547169811320754, 0.0440251572327044], [0.6826347305389222, 0.1497005988023952, 0.12574850299401197, 0.041916167664670656], [0.63125, 0.20625, 0.14375, 0.01875], [0.7352941176470589, 0.18823529411764706, 0.058823529411764705, 0.01764705882352941], [0.6893203883495146, 0.16019417475728157, 0.10194174757281553, 0.04854368932038835], [0.7770700636942676, 0.1337579617834395, 0.07643312101910828, 0.012738853503184714], [0.6900584795321637, 0.16374269005847952, 0.1111111111111111, 0.03508771929824561], [0.7065217391304348, 0.17391304347826086, 0.10869565217391304, 0.010869565217391304], [0.6284153005464481, 0.22404371584699453, 0.09836065573770492, 0.04918032786885246], [0.6470588235294118, 0.14705882352941177, 0.15294117647058825, 0.052941176470588235], [0.6419753086419753, 0.18518518518518517, 0.10493827160493827, 0.06790123456790123], [0.6774193548387096, 0.17419354838709677, 0.09032258064516129, 0.05806451612903226], [0.6710526315789473, 0.18421052631578946, 0.10526315789473684, 0.039473684210526314], [0.625, 0.23863636363636365, 0.08522727272727272, 0.05113636363636364], [0.6794871794871795, 0.14743589743589744, 0.10256410256410256, 0.07051282051282051], [0.7515151515151515, 0.13333333333333333, 0.07878787878787878, 0.03636363636363636], [0.7354838709677419, 0.18064516129032257, 0.07741935483870968, 0.0064516129032258064], [0.7687074829931972, 0.14285714285714285, 0.06802721088435375, 0.02040816326530612], [0.6235294117647059, 0.21176470588235294, 0.1, 0.06470588235294118], [0.6728395061728395, 0.17901234567901234, 0.08641975308641975, 0.06172839506172839], [0.6993464052287581, 0.1568627450980392, 0.0784313725490196, 0.06535947712418301], [0.6283783783783784, 0.21621621621621623, 0.13513513513513514, 0.02027027027027027], [0.7533333333333333, 0.19333333333333333, 0.04666666666666667, 0.006666666666666667]]}, "acc_test": 0.48333333333333334, "precision_test": 0.5789473684210527, "recall_test": 0.3235294117647059, "f1_test": 0.4150943396226416, "auc_test": 0.6117081447963801}
{"name": "perturbation_10_z", "predictions": {"test": [0.6570930490882821, 1.0637631144821584, -0.6322748741063794, -0.03736157793212386, 0.17209117204344265, 1.7657305493692614, 0.5777927020605702, -0.3188352278437269, -0.10361932111301743, 0.08240780024531029, -0.12264125599719726, -0.06544390460221484, -0.37377992407463595, -1.284015881240658, 0.7243585096144477, 1.6305064376707221, 1.0028026410552922, 0.8672769524797621, 0.034812391977843325, 1.225340909265211, 0.6355587578466144, -0.5009078998812915, 1.035791299422649, -0.7028437621596025, 0.949912933563161, -0.2514911019754209, -0.6889280170001087, 0.34941599555857294, 0.6040466206577483, -1.199423631129111, 0.1681403396906443, 0.15343363861410145, 0.6959236034534259, 0.2841834883136224, -0.6561072457056948, 0.303639239056489, -0.07693407158778771, 0.9898676905280133, -0.15027832127028273, -0.7386251794269673, -0.11284805645116351, -0.33799938161508086, 0.2008417378386438, 0.6871056190563666, 0.5670451397110773, 0.5932477899839671, -0.31316270552157216, 0.37518922639617225, 1.1746019871702622, 0.7671220719962305, 0.8089179104041156, -0.15771947062430097, 0.026376299554311877, 0.30201030360498404, 0.539703215303747, 1.0924643211705842, 0.12634020745406788, -0.43373346195862567, 0.4058606690894625, -0.16572384241900556, 1.1419039446688313, 0.5099205335062115, 0.9515761837981058, 0.5603911656394089, 0.02808430347526183, 0.07663914630949455, 0.9933901971898096, -0.9282610574186667, 0.7464073024493357, -0.3079970520119027, 0.8773071224224529, -0.41360905057374464, 0.05116245217968336, -0.9349603817800883, 0.18700229840893876, 0.15022461755246913, 0.3024848053781792, 0.5568502856341243, 0.44257969564851146, -1.008163579046329, 0.06084066596871336, 0.2768402456215563, 0.753660475410546, 0.18023748211099433, 0.04660004638911895, 0.08243488085227382, -0.6813332867614361, 0.19348127310272253, -0.5983056802280303, -0.26692600244612086, 0.9696237819741229, 0.8457511999895547, 0.26738092637638433, 0.809449624273129, 0.010941263134484885, -0.04614111115591034, 1.1488809379786804, 0.6571433930327268, 0.35330178125547246, 0.5019620196942984, 0.8141181721596298, 0.8267738186033916, 0.5021653699513465, -0.03037354987612762, 0.6010890271623205, 0.2866510831373279, -0.2597473467338092, 0.584467529925485, -0.9553753004537788, 0.4907362904238199, 0.0024701002277828115, -0.9089154034174556, -0.21948833517880634, 0.3633877332948105, 0.9304200160691373, -0.13756175981053348, 0.17995295698632532, 0.14337826223866956, -0.22042716717708305, 0.40996597791954925]}, "info": {"pct_words_masked": 0.3, "span_length": 2, "n_perturbations": 10}, "general": {"acc_test": 0.49166666666666664, "precision_test": 0.5686274509803921, "recall_test": 0.4264705882352941, "f1_test": 0.4873949579831932, "auc_test": 0.5110294117647058}}
{"name": "GPT-sentinel", "acc": 0.6416666666666667}
{"name": "roberta-base-openai-detector", "predictions": {"test": [0.00017240611487068236, 0.0004765025223605335, 0.0001767855865182355, 0.0001718888815958053, 0.00016814148693811148, 0.0007248105248436332, 0.6032084226608276, 0.005238086450845003, 0.00017041977844201028, 0.00018772420298773795, 0.0007598871598020196, 0.0020122958812862635, 0.0001682582515059039, 0.00046371418284252286, 0.001285659265704453, 0.0002247928496217355, 0.0009223062661476433, 0.013670722022652626, 0.021803423762321472, 0.9965338706970215, 0.992331862449646, 0.00039900801493786275, 0.00048394707846455276, 0.00017038581427186728, 0.0005711460253223777, 0.00026786382659338415, 0.00017537530220579356, 0.999748170375824, 0.00017107298481278121, 0.03280748426914215, 0.0045580691657960415, 0.0005339111085049808, 0.00023448637512046844, 0.00017082343401852995, 0.00018051978258881718, 0.0008115604287013412, 0.0357770211994648, 0.0001683081645751372, 0.00022840016754344106, 0.00016864937788341194, 0.0008315753075294197, 0.0003290899330750108, 0.0005269520333968103, 0.00017626211047172546, 0.00017054268391802907, 0.00017072945774998516, 0.0005741827771998942, 0.0009025674662552774, 0.0002772585430648178, 0.000373569579096511, 0.0002827785210683942, 0.00017217856657225639, 0.00017682435282040387, 0.0004397609445732087, 0.17516480386257172, 0.013810994103550911, 0.005016162060201168, 0.0003894024412147701, 0.003900231560692191, 0.00020904606208205223, 0.00017825921531766653, 0.000478529604151845, 0.0003368570760358125, 0.00018483794701751322, 0.002688745968043804, 0.0010953277815133333, 0.021354109048843384, 0.01552589051425457, 0.00047064738464541733, 0.00020322651835158467, 0.00021523529721889645, 0.018866371363401413, 0.0001861245691543445, 0.998920202255249, 0.0001969655422726646, 0.01680799573659897, 0.00022260496916715056, 0.0001727668131934479, 0.11015498638153076, 0.0002145043108612299, 0.0001795635762391612, 0.003800058038905263, 0.0001681660214671865, 0.0002931427152361721, 0.0004634947399608791, 0.06506997346878052, 0.0001731590018607676, 0.002227288205176592, 0.00028029916575178504, 0.0005855114432051778, 0.0001815404393710196, 0.0006019151187501848, 0.007049310952425003, 0.3960545063018799, 0.00016808827058412135, 0.00017126115562859923, 0.00017401573131792247, 0.0001704718015389517, 0.0006121566402725875, 0.0007740009459666908, 0.00018256128532812, 0.0001846766099333763, 0.0007172587211243808, 0.00021246231335680932, 0.00016779698489699513, 0.00019634228374343365, 0.0001957422646228224, 0.00035016893525607884, 0.003570572007447481, 0.1204637661576271, 0.00019914741278626025, 0.011121191084384918, 0.17016436159610748, 0.0002632192336022854, 0.000795154192019254, 0.00018354323401581496, 0.00018679270579013973, 0.00020128993492107838, 0.00016859550669323653, 0.36473265290260315]}, "logits": {"test": [-4.701962471008301, -4.1170172691345215, -4.683246612548828, -4.703149795532227, -4.7123847007751465, -3.900494337081909, 0.15272575616836548, -2.8039026260375977, -4.7114949226379395, -4.652939796447754, -3.8583059310913086, -3.3195860385894775, -4.7107110023498535, -4.141548156738281, -3.5890989303588867, -4.555803298950195, -3.7731475830078125, -2.2981295585632324, -2.0438435077667236, 2.995286226272583, 2.51865553855896, -4.2361249923706055, -4.121020793914795, -4.706141948699951, -4.027247905731201, -4.4381103515625, -4.688222885131836, 4.467536926269531, -4.707596302032471, -1.8018053770065308, -2.8912465572357178, -4.062131404876709, -4.5284013748168945, -4.705502033233643, -4.674033164978027, -3.8292133808135986, -1.7650222778320312, -4.716915607452393, -4.5373921394348145, -4.710330486297607, -3.810459852218628, -4.3464436531066895, -4.065081596374512, -4.687906265258789, -4.71060848236084, -4.7078537940979, -4.007767200469971, -3.759460926055908, -4.4300384521484375, -4.26176118850708, -4.419027328491211, -4.703658103942871, -4.684208393096924, -4.182376384735107, -0.8708327412605286, -2.283782958984375, -2.8490443229675293, -4.237056732177734, -2.963012456893921, -4.590071201324463, -4.67858362197876, -4.1142425537109375, -4.316953182220459, -4.662384986877441, -3.1865320205688477, -3.660454273223877, -2.052727460861206, -2.2120308876037598, -4.130773544311523, -4.608422756195068, -4.573716163635254, -2.101670980453491, -4.6571855545043945, 3.62302827835083, -4.625263690948486, -2.1822147369384766, -4.548731327056885, -4.699046611785889, -1.1376068592071533, -4.5754194259643555, -4.681064128875732, -3.004287004470825, -4.716272830963135, -4.3862128257751465, -4.1463212966918945, -1.4391809701919556, -4.693633556365967, -3.2914905548095703, -4.421962261199951, -4.014444828033447, -4.6766510009765625, -4.008166313171387, -2.6390626430511475, -0.27711355686187744, -4.7186713218688965, -4.706768035888672, -4.69671630859375, -4.700935363769531, -3.9821724891662598, -3.8558237552642822, -4.670619010925293, -4.655303478240967, -3.908032178878784, -4.583241939544678, -4.718014717102051, -4.622964382171631, -4.6209716796875, -4.291272163391113, -2.995950937271118, -1.0657081604003906, -4.618623733520508, -2.4094011783599854, -0.8630478382110596, -4.4657440185546875, -3.8486335277557373, -4.6616926193237305, -4.65282678604126, -4.614588737487793, -4.715210437774658, -0.35405638813972473]}, "acc_test": 0.44166666666666665, "precision_test": 0.6, "recall_test": 0.04411764705882353, "f1_test": 0.08219178082191782, "auc_test": 0.4536199095022625, "preds": [0.00017240611487068236, 0.0004765025223605335, 0.00018772420298773795, 0.0007598871598020196, 0.0001682582515059039, 0.0002247928496217355, 0.0009223062661476433, 0.013670722022652626, 0.021803423762321472, 0.9965338706970215, 0.992331862449646, 0.00039900801493786275, 0.00017038581427186728, 0.0005711460253223777, 0.00017537530220579356, 0.999748170375824, 0.00017107298481278121, 0.0045580691657960415, 0.00023448637512046844, 0.00017082343401852995, 0.0001683081645751372, 0.00016864937788341194, 0.0008315753075294197, 0.0003290899330750108, 0.00017072945774998516, 0.0005741827771998942, 0.0002772585430648178, 0.000373569579096511, 0.00017682435282040387, 0.17516480386257172, 0.013810994103550911, 0.005016162060201168, 0.0003894024412147701, 0.00017825921531766653, 0.0010953277815133333, 0.01552589051425457, 0.00047064738464541733, 0.00020322651835158467, 0.00021523529721889645, 0.018866371363401413, 0.0001861245691543445, 0.01680799573659897, 0.0001727668131934479, 0.0001795635762391612, 0.003800058038905263, 0.0004634947399608791, 0.0001731590018607676, 0.0005855114432051778, 0.0001815404393710196, 0.00016808827058412135, 0.00017126115562859923, 0.00017401573131792247, 0.0006121566402725875, 0.0001846766099333763, 0.00021246231335680932, 0.00019634228374343365, 0.0001957422646228224, 0.00035016893525607884, 0.003570572007447481, 0.1204637661576271, 0.011121191084384918, 0.0002632192336022854, 0.000795154192019254, 0.00018354323401581496, 0.00018679270579013973, 0.00020128993492107838, 0.00016859550669323653, 0.36473265290260315]}
{"name": "Hello-SimpleAI/chatgpt-detector-roberta", "predictions": {"test": [0.9957795143127441, 0.033790212124586105, 0.021993324160575867, 0.2395825982093811, 0.007208201102912426, 0.05645149573683739, 0.0019801349844783545, 0.0003942338516935706, 0.0003354607615619898, 0.22078658640384674, 0.00035757210571318865, 0.00046352631761692464, 0.0022062568459659815, 0.0011175982654094696, 0.2961009442806244, 0.004117491189390421, 0.8855203986167908, 0.004344400484114885, 0.03552175313234329, 0.9979052543640137, 0.04336526617407799, 0.0004445191298145801, 0.968285322189331, 0.002849927404895425, 0.019385825842618942, 0.0005094672087579966, 0.03250977769494057, 0.064661405980587, 0.9353366494178772, 0.00029576587257906795, 0.20815016329288483, 0.0011864027474075556, 0.03764726221561432, 0.3049909770488739, 0.06379321217536926, 0.0007950974977575243, 0.1137772798538208, 0.021099895238876343, 0.00038015429163351655, 0.0008693641284480691, 0.0004025988164357841, 0.0658191442489624, 0.0006462131859734654, 0.006634535267949104, 0.0003310573229100555, 0.00035361823393031955, 0.00037894214619882405, 0.00028792431112378836, 0.021097935736179352, 0.08084216713905334, 0.00036344019463285804, 0.000409372296417132, 0.22205258905887604, 0.9841983318328857, 0.9959589838981628, 0.026252852752804756, 0.9911901950836182, 0.003956666216254234, 0.000297663442324847, 0.0005905330763198435, 0.12415025383234024, 0.0013102220837026834, 0.016526570543646812, 0.04525657743215561, 0.9930712580680847, 0.01557700615376234, 0.0010770849185064435, 0.010390138253569603, 0.2989256680011749, 0.0028395093977451324, 0.0004300618020351976, 0.0014853955945000052, 0.24401278793811798, 0.006279610097408295, 0.00246828212402761, 0.00038424195372499526, 0.00027887997566722333, 0.008549381047487259, 0.06694269180297852, 0.030432553961873055, 0.00035530407330952585, 0.31561562418937683, 0.00044428781257010996, 0.0003204198437742889, 0.019348055124282837, 0.1388479620218277, 0.007193938363343477, 0.04842656850814819, 0.00033807431464083493, 0.036557137966156006, 0.05910081788897514, 0.2961519956588745, 0.0010523770470172167, 0.29011255502700806, 0.889880895614624, 0.05191326141357422, 0.003305405378341675, 0.0005411435849964619, 0.0005645176279358566, 0.0003773467615246773, 0.02071872353553772, 0.033549293875694275, 0.05228765681385994, 0.3294796645641327, 0.055932916700839996, 0.001310424180701375, 0.0032510864548385143, 0.00043978466419503093, 0.08197157829999924, 0.0005846270942129195, 0.0014153671218082309, 0.17301826179027557, 0.10418201982975006, 0.026638483628630638, 0.2882450520992279, 0.006306913681328297, 0.012615062296390533, 0.0007860744372010231, 0.001140903914347291, 0.1016683354973793]}, "logits": {"test": [2.4730987548828125, -1.694118618965149, -1.8889689445495605, -0.7051045894622803, -2.380847215652466, -1.4557760953903198, -2.924082040786743, -3.5385782718658447, -3.592193365097046, -0.7539926171302795, -3.571284055709839, -3.4825642108917236, -2.8799588680267334, -3.152482748031616, -0.5712088942527771, -2.6202638149261475, 1.0160446166992188, -2.5975680351257324, -1.6712113618850708, 2.7582943439483643, -1.5791223049163818, -3.497255563735962, 1.6095898151397705, -2.7744016647338867, -1.9456051588058472, -3.4489243030548096, -1.711807370185852, -1.3914076089859009, 1.2874191999435425, -3.6319186687469482, -0.789130449295044, -3.129056453704834, -1.6444909572601318, -0.551598072052002, -1.3978480100631714, -3.2838661670684814, -1.114532232284546, -1.9076086282730103, -3.550861358642578, -3.249779462814331, -3.531437635421753, -1.3829569816589355, -3.3618690967559814, -2.416639804840088, -3.596468925476074, -3.5749545097351074, -3.551938056945801, -3.63999080657959, -1.9076530933380127, -1.2839385271072388, -3.5658836364746094, -3.525730848312378, -0.7511485815048218, 1.914453387260437, 2.491056203842163, -1.8090827465057373, 2.164667844772339, -2.637075901031494, -3.629965305328369, -3.395209550857544, -1.0700181722640991, -3.0898923873901367, -2.0168297290802, -1.559306025505066, 2.266192674636841, -2.0431458950042725, -3.1669161319732666, -2.221747398376465, -0.5648478269577026, -2.775919198989868, -3.508756637573242, -3.0399935245513916, -0.6937373876571655, -2.4403254985809326, -2.8338677883148193, -3.5472640991210938, -3.6492919921875, -2.3068618774414062, -1.3748618364334106, -1.7419391870498657, -3.5733866691589355, -0.5287311673164368, -3.497431516647339, -3.6069445610046387, -1.9464739561080933, -1.0119497776031494, -2.381708860397339, -1.5277470350265503, -3.5896763801574707, -1.6580030918121338, -1.4341096878051758, -0.5711274147033691, -3.1759650707244873, -0.5846738815307617, 1.035048246383667, -1.4951977729797363, -2.7126221656799316, -3.4271321296691895, -3.411726713180542, -3.553354501724243, -1.915807843208313, -1.6973949670791626, -1.491845726966858, -0.4997222125530243, -1.4601287841796875, -3.0898306369781494, -2.7195470333099365, -3.5009868144989014, -1.277185082435608, -3.3989012241363525, -3.059243679046631, -0.8937691450119019, -1.1532062292099, -1.8024611473083496, -0.5886372327804565, -2.4384396076202393, -2.136484384536743, -3.288203477859497, -3.144409656524658, -1.1711089611053467]}, "acc_test": 0.4666666666666667, "precision_test": 0.7, "recall_test": 0.10294117647058823, "f1_test": 0.1794871794871795, "auc_test": 0.6346153846153846, "preds": [0.9957795143127441, 0.033790212124586105, 0.22078658640384674, 0.00035757210571318865, 0.0022062568459659815, 0.004117491189390421, 0.8855203986167908, 0.004344400484114885, 0.03552175313234329, 0.9979052543640137, 0.04336526617407799, 0.0004445191298145801, 0.002849927404895425, 0.019385825842618942, 0.03250977769494057, 0.064661405980587, 0.9353366494178772, 0.20815016329288483, 0.03764726221561432, 0.3049909770488739, 0.021099895238876343, 0.0008693641284480691, 0.0004025988164357841, 0.0658191442489624, 0.00035361823393031955, 0.00037894214619882405, 0.021097935736179352, 0.08084216713905334, 0.22205258905887604, 0.9959589838981628, 0.026252852752804756, 0.9911901950836182, 0.003956666216254234, 0.12415025383234024, 0.01557700615376234, 0.010390138253569603, 0.2989256680011749, 0.0028395093977451324, 0.0004300618020351976, 0.0014853955945000052, 0.24401278793811798, 0.00038424195372499526, 0.008549381047487259, 0.00035530407330952585, 0.31561562418937683, 0.019348055124282837, 0.007193938363343477, 0.036557137966156006, 0.05910081788897514, 0.889880895614624, 0.05191326141357422, 0.003305405378341675, 0.0005645176279358566, 0.033549293875694275, 0.3294796645641327, 0.001310424180701375, 0.0032510864548385143, 0.00043978466419503093, 0.08197157829999924, 0.0005846270942129195, 0.17301826179027557, 0.026638483628630638, 0.2882450520992279, 0.006306913681328297, 0.012615062296390533, 0.0007860744372010231, 0.001140903914347291, 0.1016683354973793]}
