{"name": "likelihood_threshold", "predictions": {"test": [-2.7443928718566895, -3.771592140197754, -3.317063331604004, -3.8471269607543945, -3.7291524410247803, -2.851383924484253, -3.057276487350464, -3.8047640323638916, -3.928959846496582, -3.6721606254577637, -2.3424277305603027, -4.059943199157715, -3.4046382904052734, -3.566673755645752, -3.197319507598877, -3.0964417457580566, -2.7300193309783936, -3.808049201965332, -2.8187615871429443, -3.014838933944702, -3.405604362487793, -3.7601094245910645, -2.865732192993164, -3.472911834716797, -3.3257761001586914, -3.8061656951904297, -2.8047471046447754, -2.2503397464752197, -3.0068483352661133, -4.115074634552002, -2.549121856689453, -3.236172676086426, -2.8811848163604736, -2.441563844680786, -3.209721326828003, -3.9547371864318848, -3.7974188327789307, -2.9686121940612793, -3.784775495529175, -4.285823345184326, -4.222318649291992, -2.733647584915161, -3.759638547897339, -3.0061707496643066, -3.29359769821167, -2.9711289405822754, -2.440246105194092, -3.7467780113220215, -2.9994137287139893, -2.8260977268218994, -4.317185878753662, -3.72566556930542, -2.7488489151000977, -2.9755966663360596, -2.6768124103546143, -2.6485559940338135, -3.272517442703247, -3.8627254962921143, -4.408134460449219, -3.867565870285034, -3.2385616302490234, -4.207999229431152, -3.3290045261383057, -3.1848037242889404, -3.022451877593994, -3.0080299377441406, -2.4685521125793457, -3.8030731678009033, -3.4007863998413086, -3.7095038890838623, -2.9822707176208496, -3.452176332473755, -2.678379774093628, -2.5303955078125, -3.4147229194641113, -3.584794044494629, -3.801077365875244, -3.017599582672119, -2.7279934883117676, -3.9999914169311523, -3.1532669067382812, -2.535003423690796, -3.961944580078125, -4.260087966918945, -2.6863949298858643, -3.6710853576660156, -4.328306198120117, -3.324493885040283, -4.247433662414551, -3.2482874393463135, -2.8003015518188477, -2.92744517326355, -3.797938346862793, -3.064150333404541, -3.831333637237549, -2.9745311737060547, -3.4711482524871826, -3.67740797996521, -3.3985633850097656, -3.86555552482605, -3.1256484985351562, -3.2616147994995117, -2.8097174167633057, -2.988851547241211, -2.890608310699463, -3.6002683639526367, -2.843716859817505, -3.581312894821167, -3.362811326980591, -3.120107412338257, -3.8537118434906006, -3.2436742782592773, -3.143124580383301, -2.382343292236328, -2.9498698711395264, -3.54649019241333, -3.2600409984588623, -2.9267725944519043, -2.9234321117401123, -2.6924631595611572]}, "acc_test": 0.625, "precision_test": 0.7169811320754716, "recall_test": 0.5588235294117647, "f1_test": 0.6280991735537189, "auc_test": 0.706447963800905}
{"name": "rank_threshold", "predictions": {"test": [-111.7028579711914, -212.23484802246094, -251.40110778808594, -388.8266906738281, -279.24853515625, -107.79267883300781, -59.858062744140625, -163.87661743164062, -353.2802734375, -111.68539428710938, -43.598358154296875, -266.6257019042969, -60.60162353515625, -274.2742919921875, -344.90740966796875, -82.9137954711914, -66.04103088378906, -893.8877563476562, -56.70000076293945, -135.6993865966797, -158.54310607910156, -214.05357360839844, -205.20730590820312, -139.25869750976562, -108.44445037841797, -462.5137023925781, -34.119998931884766, -11.629032135009766, -62.339447021484375, -160.43016052246094, -28.264286041259766, -169.356689453125, -51.282257080078125, -37.86991882324219, -152.77456665039062, -217.015869140625, -281.04791259765625, -84.9068374633789, -181.67251586914062, -374.45806884765625, -654.797607421875, -41.941749572753906, -208.06040954589844, -97.33547973632812, -309.1190490722656, -137.13409423828125, -28.784313201904297, -241.0598907470703, -328.7218933105469, -81.86000061035156, -753.546630859375, -243.5426788330078, -60.42391586303711, -71.43225860595703, -99.45081329345703, -88.98285675048828, -139.75894165039062, -178.4952392578125, -317.5505676269531, -400.6145935058594, -103.85848999023438, -349.4171142578125, -227.49765014648438, -127.00609588623047, -84.07142639160156, -138.4923095703125, -148.44927978515625, -234.85275268554688, -49.4040412902832, -82.79605102539062, -79.14556884765625, -373.86669921875, -64.72027587890625, -589.423095703125, -168.1901397705078, -212.53488159179688, -402.23809814453125, -71.50349426269531, -157.32386779785156, -663.8579711914062, -230.91734313964844, -45.802398681640625, -272.55487060546875, -445.34423828125, -75.64382934570312, -232.49069213867188, -265.783447265625, -147.56082153320312, -312.0457458496094, -176.0564422607422, -76.53892517089844, -167.76087951660156, -268.9140930175781, -62.050724029541016, -115.67825317382812, -52.59503936767578, -158.52032470703125, -268.05657958984375, -310.54547119140625, -83.9000015258789, -94.96470642089844, -259.7430114746094, -254.44586181640625, -216.22653198242188, -62.38587188720703, -194.32237243652344, -78.09150695800781, -117.5797119140625, -267.51531982421875, -63.992366790771484, -265.11932373046875, -91.23188781738281, -126.49090576171875, -131.0895538330078, -44.221309661865234, -124.19200897216797, -183.53378295898438, -60.685482025146484, -35.73410415649414, -37.000003814697266]}, "acc_test": 0.7083333333333334, "precision_test": 0.7538461538461538, "recall_test": 0.7205882352941176, "f1_test": 0.7368421052631577, "auc_test": 0.7686651583710408}
{"name": "log_rank_threshold", "predictions": {"test": [-1.4348548650741577, -2.109809160232544, -1.7337061166763306, -2.1172306537628174, -2.1435046195983887, -1.4064280986785889, -1.6435478925704956, -2.2551426887512207, -2.186129570007324, -2.094792127609253, -1.111906886100769, -2.358292579650879, -1.7240217924118042, -2.0169270038604736, -1.6615945100784302, -1.6374870538711548, -1.3853657245635986, -2.224146604537964, -1.385855793952942, -1.606637954711914, -1.8331135511398315, -2.1676042079925537, -1.462693691253662, -1.8759567737579346, -1.7633124589920044, -2.1805126667022705, -1.3722628355026245, -1.0258291959762573, -1.624837875366211, -2.2886440753936768, -1.1871259212493896, -1.7340331077575684, -1.4264272451400757, -1.2706791162490845, -1.700439453125, -2.1597657203674316, -2.132718801498413, -1.6157804727554321, -2.1297366619110107, -2.4422335624694824, -2.421449661254883, -1.3983863592147827, -2.0301003456115723, -1.5571589469909668, -1.7925723791122437, -1.5820012092590332, -1.1612672805786133, -2.053913116455078, -1.5511246919631958, -1.3990790843963623, -2.620326042175293, -2.027073383331299, -1.4771608114242554, -1.5030066967010498, -1.3878799676895142, -1.323617935180664, -1.816488265991211, -2.2298812866210938, -2.5655202865600586, -2.157388210296631, -1.74327552318573, -2.4259605407714844, -1.8093308210372925, -1.6749334335327148, -1.5107784271240234, -1.584731101989746, -1.137257695198059, -2.1487271785736084, -1.7124342918395996, -2.0309226512908936, -1.5508071184158325, -1.8886343240737915, -1.3841477632522583, -1.4992146492004395, -1.7774159908294678, -2.073446750640869, -2.0992112159729004, -1.5755815505981445, -1.400146484375, -2.281623125076294, -1.6863129138946533, -1.1950950622558594, -2.288986921310425, -2.4273831844329834, -1.3114345073699951, -2.0020861625671387, -2.4521355628967285, -1.7917579412460327, -2.3329415321350098, -1.8345028162002563, -1.4104641675949097, -1.4486064910888672, -2.083876371383667, -1.5216152667999268, -1.8934047222137451, -1.5724027156829834, -1.9490416049957275, -1.9726663827896118, -1.8458951711654663, -2.1244494915008545, -1.6404814720153809, -1.8018579483032227, -1.4103633165359497, -1.6498191356658936, -1.55376136302948, -2.024601697921753, -1.445268154144287, -1.9698920249938965, -1.8783513307571411, -1.5904905796051025, -2.1275479793548584, -1.724778175354004, -1.585797667503357, -1.1504799127578735, -1.5110695362091064, -2.0131514072418213, -1.792559266090393, -1.4647260904312134, -1.477608323097229, -1.323432445526123]}, "acc_test": 0.6166666666666667, "precision_test": 0.7115384615384616, "recall_test": 0.5441176470588235, "f1_test": 0.6166666666666666, "auc_test": 0.6925904977375565}
{"name": "entropy_threshold", "predictions": {"test": [2.8646228313446045, 3.6427485942840576, 3.3772542476654053, 4.101503372192383, 3.6185171604156494, 3.30265212059021, 3.35093092918396, 3.85227108001709, 4.077671527862549, 3.6957061290740967, 3.008911371231079, 4.180115699768066, 3.7052574157714844, 3.497032642364502, 3.946267604827881, 3.347252607345581, 3.375443696975708, 3.7610251903533936, 3.1040570735931396, 3.3207197189331055, 3.711472272872925, 3.6797122955322266, 3.1708760261535645, 3.6056714057922363, 3.3732261657714844, 3.853274345397949, 3.397221088409424, 3.0519707202911377, 2.78769850730896, 3.999070405960083, 3.2776618003845215, 3.461763381958008, 3.481938123703003, 2.560098648071289, 3.626797914505005, 4.156911849975586, 3.911165475845337, 3.226313591003418, 3.9464471340179443, 3.917482852935791, 4.022871017456055, 2.879305362701416, 4.138619422912598, 3.3875226974487305, 3.5750014781951904, 3.054210901260376, 2.8727357387542725, 4.173164367675781, 3.2228786945343018, 3.3539412021636963, 4.270984172821045, 3.691171169281006, 3.001910448074341, 3.2560622692108154, 2.781822681427002, 3.0179905891418457, 3.312288522720337, 3.642303943634033, 4.252992153167725, 4.2100396156311035, 3.560519218444824, 4.232248783111572, 3.447226047515869, 3.5271694660186768, 3.3963258266448975, 3.2953171730041504, 2.7599544525146484, 3.697960615158081, 3.520834445953369, 3.595294713973999, 3.4469573497772217, 3.6676270961761475, 2.8477232456207275, 2.5864062309265137, 3.67704176902771, 3.6329071521759033, 4.078829288482666, 3.301635980606079, 3.3206851482391357, 3.90620493888855, 3.087118625640869, 2.874685525894165, 4.087619304656982, 4.307387828826904, 3.0843594074249268, 3.9421005249023438, 4.215964317321777, 3.5578505992889404, 4.392469882965088, 3.571364164352417, 3.0972235202789307, 3.2134454250335693, 3.8075103759765625, 3.2250869274139404, 2.9922091960906982, 3.1938798427581787, 3.395104169845581, 3.7598085403442383, 3.2482218742370605, 3.8774688243865967, 3.3182661533355713, 3.490983724594116, 3.178894281387329, 3.1691157817840576, 3.109375476837158, 3.5903232097625732, 3.4597482681274414, 3.8137967586517334, 3.41616153717041, 3.424508810043335, 4.029226303100586, 3.35945725440979, 3.421308994293213, 3.027024984359741, 3.3372609615325928, 3.896665096282959, 3.595227003097534, 3.362584352493286, 3.420578718185425, 3.2231554985046387]}, "acc_test": 0.6583333333333333, "precision_test": 0.7076923076923077, "recall_test": 0.6764705882352942, "f1_test": 0.6917293233082707, "auc_test": 0.7406674208144797}
{"name": "rank_GLTR_threshold", "predictions": {"test": [[0.76, 0.15428571428571428, 0.05714285714285714, 0.02857142857142857], [0.6515151515151515, 0.15151515151515152, 0.15151515151515152, 0.045454545454545456], [0.7252747252747253, 0.14285714285714285, 0.0989010989010989, 0.03296703296703297], [0.6533333333333333, 0.19333333333333333, 0.08666666666666667, 0.06666666666666667], [0.6416184971098265, 0.1676300578034682, 0.14450867052023122, 0.046242774566473986], [0.7560975609756098, 0.15853658536585366, 0.06707317073170732, 0.018292682926829267], [0.7096774193548387, 0.2, 0.07741935483870968, 0.012903225806451613], [0.6103896103896104, 0.19480519480519481, 0.15584415584415584, 0.03896103896103896], [0.6242038216560509, 0.17834394904458598, 0.10828025477707007, 0.08917197452229299], [0.6067415730337079, 0.2247191011235955, 0.15730337078651685, 0.011235955056179775], [0.819672131147541, 0.13114754098360656, 0.040983606557377046, 0.00819672131147541], [0.5921787709497207, 0.20670391061452514, 0.11173184357541899, 0.0893854748603352], [0.7073170731707317, 0.14634146341463414, 0.13821138211382114, 0.008130081300813009], [0.64, 0.21714285714285714, 0.09142857142857143, 0.05142857142857143], [0.7222222222222222, 0.14814814814814814, 0.08641975308641975, 0.043209876543209874], [0.6810344827586207, 0.25, 0.04310344827586207, 0.02586206896551724], [0.7692307692307693, 0.13333333333333333, 0.08717948717948718, 0.010256410256410256], [0.6428571428571429, 0.16326530612244897, 0.07142857142857142, 0.12244897959183673], [0.7307692307692307, 0.17692307692307693, 0.08461538461538462, 0.007692307692307693], [0.7239263803680982, 0.15950920245398773, 0.08588957055214724, 0.03067484662576687], [0.7241379310344828, 0.13793103448275862, 0.10344827586206896, 0.034482758620689655], [0.6160714285714286, 0.21428571428571427, 0.09821428571428571, 0.07142857142857142], [0.7378048780487805, 0.1951219512195122, 0.036585365853658534, 0.03048780487804878], [0.681592039800995, 0.18407960199004975, 0.08955223880597014, 0.04477611940298507], [0.6904761904761905, 0.1984126984126984, 0.0873015873015873, 0.023809523809523808], [0.5958904109589042, 0.22602739726027396, 0.0958904109589041, 0.0821917808219178], [0.75, 0.15, 0.1, 0.0], [0.8306451612903226, 0.13709677419354838, 0.03225806451612903, 0.0], [0.6880733944954128, 0.21100917431192662, 0.07339449541284404, 0.027522935779816515], [0.5642458100558659, 0.2737430167597765, 0.11173184357541899, 0.05027932960893855], [0.8142857142857143, 0.15, 0.02857142857142857, 0.007142857142857143], [0.7261146496815286, 0.1337579617834395, 0.10828025477707007, 0.03184713375796178], [0.7419354838709677, 0.1774193548387097, 0.07258064516129033, 0.008064516129032258], [0.7804878048780488, 0.13008130081300814, 0.08943089430894309, 0.0], [0.7283236994219653, 0.16184971098265896, 0.06358381502890173, 0.046242774566473986], [0.6031746031746031, 0.2328042328042328, 0.12169312169312169, 0.042328042328042326], [0.6706586826347305, 0.1497005988023952, 0.10778443113772455, 0.0718562874251497], [0.7204968944099379, 0.14906832298136646, 0.11180124223602485, 0.018633540372670808], [0.631578947368421, 0.1871345029239766, 0.13450292397660818, 0.04678362573099415], [0.5870967741935483, 0.2064516129032258, 0.12258064516129032, 0.08387096774193549], [0.5714285714285714, 0.21428571428571427, 0.15476190476190477, 0.05952380952380952], [0.7961165048543689, 0.11650485436893204, 0.08737864077669903, 0.0], [0.6040268456375839, 0.26174496644295303, 0.08053691275167785, 0.053691275167785234], [0.7096774193548387, 0.18064516129032257, 0.08387096774193549, 0.025806451612903226], [0.7321428571428571, 0.13095238095238096, 0.08928571428571429, 0.047619047619047616], [0.7049808429118773, 0.19157088122605365, 0.06896551724137931, 0.034482758620689655], [0.8104575163398693, 0.13725490196078433, 0.0457516339869281, 0.006535947712418301], [0.6467065868263473, 0.19760479041916168, 0.10778443113772455, 0.04790419161676647], [0.7396449704142012, 0.14201183431952663, 0.08875739644970414, 0.029585798816568046], [0.79, 0.1, 0.09, 0.02], [0.5508474576271186, 0.1906779661016949, 0.15677966101694915, 0.1016949152542373], [0.676829268292683, 0.18902439024390244, 0.07926829268292683, 0.054878048780487805], [0.7554347826086957, 0.15217391304347827, 0.07065217391304347, 0.021739130434782608], [0.7161290322580646, 0.2, 0.07741935483870968, 0.0064516129032258064], [0.7704918032786885, 0.13934426229508196, 0.06557377049180328, 0.02459016393442623], [0.7657142857142857, 0.14857142857142858, 0.06857142857142857, 0.017142857142857144], [0.6964285714285714, 0.17857142857142858, 0.09821428571428571, 0.026785714285714284], [0.6095238095238096, 0.20952380952380953, 0.13333333333333333, 0.047619047619047616], [0.5168539325842697, 0.25280898876404495, 0.16292134831460675, 0.06741573033707865], [0.6302083333333334, 0.19270833333333334, 0.09895833333333333, 0.078125], [0.7169811320754716, 0.16037735849056603, 0.09433962264150944, 0.02830188679245283], [0.5775401069518716, 0.2192513368983957, 0.13368983957219252, 0.06951871657754011], [0.676056338028169, 0.2112676056338028, 0.0892018779342723, 0.023474178403755867], [0.7195121951219512, 0.15853658536585366, 0.0975609756097561, 0.024390243902439025], [0.7272727272727273, 0.17532467532467533, 0.08441558441558442, 0.012987012987012988], [0.7153846153846154, 0.2076923076923077, 0.046153846153846156, 0.03076923076923077], [0.8260869565217391, 0.12318840579710146, 0.043478260869565216, 0.007246376811594203], [0.6257668711656442, 0.24539877300613497, 0.09202453987730061, 0.03680981595092025], [0.6868686868686869, 0.2222222222222222, 0.08080808080808081, 0.010101010101010102], [0.5986842105263158, 0.2565789473684211, 0.13157894736842105, 0.013157894736842105], [0.689873417721519, 0.23417721518987342, 0.05063291139240506, 0.02531645569620253], [0.6916666666666667, 0.15, 0.1, 0.058333333333333334], [0.7692307692307693, 0.15384615384615385, 0.055944055944055944, 0.02097902097902098], [0.7637362637362637, 0.09340659340659341, 0.06593406593406594, 0.07692307692307693], [0.6901408450704225, 0.20422535211267606, 0.08450704225352113, 0.02112676056338028], [0.627906976744186, 0.20930232558139536, 0.10852713178294573, 0.05426356589147287], [0.6428571428571429, 0.20238095238095238, 0.13095238095238096, 0.023809523809523808], [0.6993006993006993, 0.2097902097902098, 0.08391608391608392, 0.006993006993006993], [0.7613636363636364, 0.14204545454545456, 0.07954545454545454, 0.017045454545454544], [0.6306818181818182, 0.1590909090909091, 0.13636363636363635, 0.07386363636363637], [0.71900826446281, 0.17355371900826447, 0.0743801652892562, 0.03305785123966942], [0.7904191616766467, 0.16766467065868262, 0.029940119760479042, 0.011976047904191617], [0.6097560975609756, 0.18292682926829268, 0.12804878048780488, 0.07926829268292683], [0.5956284153005464, 0.18579234972677597, 0.12568306010928962, 0.09289617486338798], [0.7899543378995434, 0.1461187214611872, 0.0547945205479452, 0.0091324200913242], [0.6708074534161491, 0.19254658385093168, 0.08074534161490683, 0.055900621118012424], [0.6050955414012739, 0.1910828025477707, 0.12738853503184713, 0.07643312101910828], [0.6891891891891891, 0.20945945945945946, 0.06756756756756757, 0.033783783783783786], [0.6209150326797386, 0.16993464052287582, 0.1503267973856209, 0.058823529411764705], [0.6693548387096774, 0.21774193548387097, 0.08870967741935484, 0.024193548387096774], [0.7485029940119761, 0.16766467065868262, 0.0718562874251497, 0.011976047904191617], [0.782608695652174, 0.13768115942028986, 0.057971014492753624, 0.021739130434782608], [0.6257668711656442, 0.2147239263803681, 0.10429447852760736, 0.05521472392638037], [0.782608695652174, 0.13768115942028986, 0.06521739130434782, 0.014492753623188406], [0.6608695652173913, 0.19130434782608696, 0.13043478260869565, 0.017391304347826087], [0.7272727272727273, 0.23140495867768596, 0.03305785123966942, 0.008264462809917356], [0.6422764227642277, 0.21951219512195122, 0.08943089430894309, 0.04878048780487805], [0.6477987421383647, 0.23270440251572327, 0.07547169811320754, 0.0440251572327044], [0.7272727272727273, 0.11363636363636363, 0.11363636363636363, 0.045454545454545456], [0.63125, 0.20625, 0.14375, 0.01875], [0.7352941176470589, 0.18823529411764706, 0.058823529411764705, 0.01764705882352941], [0.7039106145251397, 0.13966480446927373, 0.10614525139664804, 0.05027932960893855], [0.7770700636942676, 0.1337579617834395, 0.07643312101910828, 0.012738853503184714], [0.7237569060773481, 0.12154696132596685, 0.09944751381215469, 0.055248618784530384], [0.7065217391304348, 0.17391304347826086, 0.10869565217391304, 0.010869565217391304], [0.631578947368421, 0.19736842105263158, 0.13157894736842105, 0.039473684210526314], [0.7581699346405228, 0.13071895424836602, 0.09803921568627451, 0.013071895424836602], [0.644927536231884, 0.2028985507246377, 0.10869565217391304, 0.043478260869565216], [0.6993865030674846, 0.15950920245398773, 0.09202453987730061, 0.049079754601226995], [0.6641221374045801, 0.2900763358778626, 0.030534351145038167, 0.015267175572519083], [0.625, 0.23863636363636365, 0.08522727272727272, 0.05113636363636364], [0.6956521739130435, 0.1956521739130435, 0.07971014492753623, 0.028985507246376812], [0.7515151515151515, 0.13333333333333333, 0.07878787878787878, 0.03636363636363636], [0.8059701492537313, 0.1417910447761194, 0.03731343283582089, 0.014925373134328358], [0.7868852459016393, 0.13934426229508196, 0.06557377049180328, 0.00819672131147541], [0.648, 0.184, 0.144, 0.024], [0.6959459459459459, 0.1891891891891892, 0.08783783783783784, 0.02702702702702703], [0.75, 0.13709677419354838, 0.0967741935483871, 0.016129032258064516], [0.7514450867052023, 0.1907514450867052, 0.05202312138728324, 0.005780346820809248], [0.7666666666666667, 0.14166666666666666, 0.08333333333333333, 0.008333333333333333]]}, "acc_test": 0.5583333333333333, "precision_test": 0.6595744680851063, "recall_test": 0.45588235294117646, "f1_test": 0.5391304347826087, "auc_test": 0.6549773755656108}
{"name": "perturbation_10_z", "predictions": {"test": [0.8750015552511643, 0.05762476754161273, 0.089515028348185, -0.051131187668259866, 0.5681021846313411, 0.8315588598857159, 0.23958186097934328, 0.24081368734656794, -1.4979241915888537, -0.02800321625831635, 0.8308191654985749, -0.3366262151429241, 0.08635483480076211, -1.3543131502727486, 1.0641850533738588, 0.13261302404386519, 0.7467954808665507, -0.13351450627208772, 0.5485766521906005, 0.5919707072212275, 0.30130177466233365, -0.354885316320307, 0.936930399046723, -0.21522078933414987, 0.5443500158215865, -0.12650491666104843, 0.7048948299913483, 1.282371162047058, 0.14075803333380704, -0.44319617904619535, 0.9148027129795745, -0.16596812051814586, 0.895804409284796, 0.9424316309025074, 0.33642478041191204, 0.386476789131361, -0.3976779978821243, 0.23320680529085075, -0.539158701045994, -0.6410843442809291, -0.6530567320247187, 0.5492439757027688, 0.25524379544903114, -0.02427109275427411, 0.25650896551677427, 2.8602029030011042, 1.1816878130946997, 0.6009377949624551, 0.5644523797162492, 0.8096632967340011, 0.17995239429992818, -0.8550263347023683, 0.48952677437650555, 1.2789181641344594, 1.641737810928739, 2.028243608350019, 0.13855780286445157, -0.5183808754473203, -0.5592860682122842, 0.35871978330439686, 0.3526150623926603, -0.04405210648944181, -0.05739576766711061, 0.5592192008542911, 0.2592207986038125, 0.8372442124460532, 0.143702398201272, -0.5288273519054482, 0.3240703886937595, -0.6001895668080086, 0.7003349925728062, 0.5605985619160319, 0.8806364127520538, -0.7527212968667896, 0.21803480029995792, 0.4749769795737966, 0.35604916836266276, 1.0187291922402673, 0.47936916983806094, -0.5668268045894083, 0.0008661705113597432, 0.7478854641789398, 0.35932288935699513, -0.5461897014508104, 1.2289462863996028, -1.7620858941894688, -0.2090328054414775, 0.24525369546112183, -0.5765485210866541, 0.08357058496901286, 0.14828678304160875, 0.41994973754575204, 0.5601651521027451, 0.4963075138055905, -0.9643899194132967, 1.350805442652797, -0.024847788170991047, -0.2665592459297683, 0.2159457168711751, -0.9175136066817879, 0.638803766810545, 0.6970998794989561, 0.7860825524240287, -0.006066472549295384, 0.9117271705386475, 0.6934742863356388, 0.28793070538670945, 0.4974132142239648, 0.6752170691831965, 0.6143039907040269, 0.24014396760208853, -1.5701203999737465, -0.12299301679914648, 1.5977204452456368, 0.46025975008985487, -0.2277006082408204, 1.0342051695307055, 0.5813533594073274, 0.5593390582771769, 0.5556550361134552]}, "info": {"pct_words_masked": 0.3, "span_length": 2, "n_perturbations": 10}, "general": {"acc_test": 0.6166666666666667, "precision_test": 0.6896551724137931, "recall_test": 0.5882352941176471, "f1_test": 0.6349206349206349, "auc_test": 0.6651583710407241}}
{"name": "GPT-sentinel", "acc": 0.8583333333333333}
{"name": "roberta-base-openai-detector", "predictions": {"test": [0.0054100495763123035, 0.9061387181282043, 0.0001767855865182355, 0.0001718888815958053, 0.00016814148693811148, 0.0007248105248436332, 0.6032084226608276, 0.005238086450845003, 0.00017041977844201028, 0.00027257503825239837, 0.9997873902320862, 0.0020122958812862635, 0.00016964806127361953, 0.00046371418284252286, 0.001285659265704453, 0.01294989138841629, 0.00019157702627126127, 0.9995741248130798, 0.33460739254951477, 0.0001689601776888594, 0.02460179105401039, 0.00025518934126012027, 0.0004839498142246157, 0.0001723083114484325, 0.013967802748084068, 0.00026786408852785826, 0.29413965344429016, 0.005864821374416351, 0.00017078465316444635, 0.032806623727083206, 0.9995724558830261, 0.0005339074996300042, 0.0003415178507566452, 0.00421851547434926, 0.0001805199426598847, 0.000811555830296129, 0.035777438431978226, 0.00016891316045075655, 0.0002283997309859842, 0.00028987936093471944, 0.03288956359028816, 0.0009942122269421816, 0.0005269492394290864, 0.00017626195040065795, 0.00017054268391802907, 0.00021333132463041693, 0.00025188300060108304, 0.0009025705512613058, 0.0001816923322621733, 0.004964906722307205, 0.0002827785210683942, 0.00017217856657225639, 0.00030265640816651285, 0.0004397599259391427, 0.1450725942850113, 0.1883523315191269, 0.0002740070631261915, 0.0003615107270888984, 0.0039002278354018927, 0.00020904585835523903, 0.0019536595791578293, 0.00047853850992396474, 0.00033685757080093026, 0.00018483794701751322, 0.002688715700060129, 0.027534982189536095, 0.02135397307574749, 0.001087897690013051, 0.00017279876919928938, 0.00016837764997035265, 0.0017342360224574804, 0.008991613984107971, 0.0003090111131314188, 0.998920202255249, 0.0001969655422726646, 0.0656341016292572, 0.00022260539117269218, 0.9127365946769714, 0.11015339195728302, 0.0002145043108612299, 0.0014316460583359003, 0.020139183849096298, 0.0001681660214671865, 0.0002931432973127812, 0.00017915022908709943, 0.06507011502981186, 0.00017962112906388938, 0.0022272923961281776, 0.00028029916575178504, 0.0001717850100249052, 0.9461680054664612, 0.0006019133725203574, 0.00704935472458601, 0.39605432748794556, 0.014833398163318634, 0.00023505222634412348, 0.0004969388828612864, 0.0001704718015389517, 0.00018024510063696653, 0.0007740009459666908, 0.00018256128532812, 0.0003014423418790102, 0.0007172587211243808, 0.0006581073394045234, 0.00016779698489699513, 0.00017137288523372263, 0.8029986619949341, 0.00017005584959406406, 0.0001905021199490875, 0.002987150102853775, 0.00019914741278626025, 0.0007075230241753161, 0.17016436159610748, 0.9997665286064148, 0.0005181162268854678, 0.018146298825740814, 0.00021532046957872808, 0.0002652785915415734, 0.0007770201773382723, 0.218427836894989]}, "logits": {"test": [-2.7806529998779297, 1.1071909666061401, -4.683246612548828, -4.703149795532227, -4.7123847007751465, -3.900494337081909, 0.15272575616836548, -2.8039026260375977, -4.7114949226379395, -4.450376987457275, 4.5745134353637695, -3.3195860385894775, -4.710965156555176, -4.141548156738281, -3.5890989303588867, -2.3289618492126465, -4.644935131072998, 4.169675827026367, -0.4161028563976288, -4.716886520385742, -1.9836840629577637, -4.4809889793396, -4.1210174560546875, -4.696671009063721, -2.2948927879333496, -4.438109397888184, -0.5224480628967285, -2.7624378204345703, -4.710766792297363, -1.8018198013305664, 4.155635833740234, -4.062135219573975, -4.319635391235352, -2.9318268299102783, -4.674032688140869, -3.829216241836548, -1.7650156021118164, -4.71828556060791, -4.537393569946289, -4.39918851852417, -1.8067244291305542, -3.743255615234375, -4.065084457397461, -4.687906265258789, -4.710608005523682, -4.575239658355713, -4.483100891113281, -3.7594587802886963, -4.67049503326416, -2.8598592281341553, -4.419027328491211, -4.703658103942871, -4.375520706176758, -4.182377815246582, -0.99209064245224, -0.8114742636680603, -4.439376354217529, -4.2943806648254395, -2.9630126953125, -4.590072154998779, -3.3609390258789062, -4.114232063293457, -4.316952705383301, -4.6623854637146, -3.186537981033325, -1.9304749965667725, -2.0527307987213135, -3.668837547302246, -4.698574542999268, -4.7153000831604, -3.420137405395508, -2.520146608352661, -4.375620365142822, 3.6230287551879883, -4.625263690948486, -1.4418416023254395, -4.548730373382568, 1.1488550901412964, -1.1376153230667114, -4.5754194259643555, -3.5207700729370117, -2.1027579307556152, -4.716272830963135, -4.386211395263672, -4.683838844299316, -1.4391800165176392, -4.675525665283203, -3.291489839553833, -4.421961784362793, -4.705630779266357, 1.4617193937301636, -4.0081682205200195, -2.63905930519104, -0.2771139442920685, -2.242656707763672, -4.529904842376709, -4.1043009757995605, -4.700935363769531, -4.679629802703857, -3.8558237552642822, -4.670619010925293, -4.376939296722412, -3.908032178878784, -3.971616506576538, -4.718014717102051, -4.705526351928711, 0.6659051179885864, -4.710400581359863, -4.634694576263428, -3.1195859909057617, -4.618623733520508, -3.9215874671936035, -0.8630478382110596, 4.518898963928223, -4.099861145019531, -2.1426920890808105, -4.578746795654297, -4.463235378265381, -3.8711166381835938, -0.7361088991165161]}, "acc_test": 0.48333333333333334, "precision_test": 0.8, "recall_test": 0.11764705882352941, "f1_test": 0.20512820512820512, "auc_test": 0.5766402714932126, "preds": [0.0054100495763123035, 0.9061387181282043, 0.00027257503825239837, 0.9997873902320862, 0.00016964806127361953, 0.01294989138841629, 0.00019157702627126127, 0.9995741248130798, 0.33460739254951477, 0.0001689601776888594, 0.02460179105401039, 0.00025518934126012027, 0.0001723083114484325, 0.013967802748084068, 0.29413965344429016, 0.005864821374416351, 0.00017078465316444635, 0.9995724558830261, 0.0003415178507566452, 0.00421851547434926, 0.00016891316045075655, 0.00028987936093471944, 0.03288956359028816, 0.0009942122269421816, 0.00021333132463041693, 0.00025188300060108304, 0.0001816923322621733, 0.004964906722307205, 0.00030265640816651285, 0.1450725942850113, 0.1883523315191269, 0.0002740070631261915, 0.0003615107270888984, 0.0019536595791578293, 0.027534982189536095, 0.001087897690013051, 0.00017279876919928938, 0.00016837764997035265, 0.0017342360224574804, 0.008991613984107971, 0.0003090111131314188, 0.0656341016292572, 0.9127365946769714, 0.0014316460583359003, 0.020139183849096298, 0.00017915022908709943, 0.00017962112906388938, 0.0001717850100249052, 0.9461680054664612, 0.014833398163318634, 0.00023505222634412348, 0.0004969388828612864, 0.00018024510063696653, 0.0003014423418790102, 0.0006581073394045234, 0.00017137288523372263, 0.8029986619949341, 0.00017005584959406406, 0.0001905021199490875, 0.002987150102853775, 0.0007075230241753161, 0.9997665286064148, 0.0005181162268854678, 0.018146298825740814, 0.00021532046957872808, 0.0002652785915415734, 0.0007770201773382723, 0.218427836894989]}
{"name": "Hello-SimpleAI/chatgpt-detector-roberta", "predictions": {"test": [0.9992237091064453, 0.0013041147030889988, 0.021993324160575867, 0.2395825982093811, 0.007208201102912426, 0.05645149573683739, 0.0019801349844783545, 0.0003942338516935706, 0.0003354607615619898, 0.19245792925357819, 0.08294904232025146, 0.00046352631761692464, 0.010190058499574661, 0.0011175982654094696, 0.2961009442806244, 0.2690000534057617, 0.9991094470024109, 0.13852134346961975, 0.12347716838121414, 0.9930658340454102, 0.036632802337408066, 0.013321512378752232, 0.968285322189331, 0.12816078960895538, 0.22109630703926086, 0.0005094681400805712, 0.9986844658851624, 0.9586011171340942, 0.9433225393295288, 0.00029576587257906795, 0.9980850219726562, 0.0011864021653309464, 0.9857147336006165, 0.9750189781188965, 0.06379295140504837, 0.0007950951694510877, 0.11377709358930588, 0.09635184705257416, 0.00038015408790670335, 0.0003405320749152452, 0.00045406652498058975, 0.0012306993594393134, 0.0006462141172960401, 0.006634553894400597, 0.0003310573229100555, 0.26769644021987915, 0.14182843267917633, 0.00028792431112378836, 0.056114234030246735, 0.9940454959869385, 0.00036344019463285804, 0.00040937215089797974, 0.9925576448440552, 0.9841984510421753, 0.9983965754508972, 0.9992290735244751, 0.9977363348007202, 0.02552553452551365, 0.000297663442324847, 0.0005905330763198435, 0.04185008630156517, 0.0013102215016260743, 0.01652657985687256, 0.04525655508041382, 0.9930712580680847, 0.27385273575782776, 0.0010770880617201328, 0.18439026176929474, 0.9968608617782593, 0.002048024907708168, 0.005460426677018404, 0.024883318692445755, 0.08163399249315262, 0.006279660854488611, 0.002468280028551817, 0.007454978302121162, 0.00027888023760169744, 0.03470654785633087, 0.06694263219833374, 0.030432553961873055, 0.25206300616264343, 0.3657597303390503, 0.00044428781257010996, 0.0003204198437742889, 0.22512008249759674, 0.13884739577770233, 0.003695141524076462, 0.04842653125524521, 0.00033807448926381767, 0.0045974887907505035, 0.9749963283538818, 0.2961519956588745, 0.0010523765813559294, 0.29011258482933044, 0.9989064931869507, 0.002865190850570798, 0.00043010051012970507, 0.0005411435849964619, 0.006222692783921957, 0.0003773467615246773, 0.02071872353553772, 0.3243820071220398, 0.05228765681385994, 0.31524714827537537, 0.055932916700839996, 0.006206287536770105, 0.968798816204071, 0.0006361791165545583, 0.01092036534100771, 0.047916557639837265, 0.0014153671218082309, 0.09964673966169357, 0.10418201982975006, 0.6375927925109863, 0.02254650928080082, 0.04277477413415909, 0.7589487433433533, 0.2312752902507782, 0.8863943219184875, 0.9212720990180969]}, "logits": {"test": [3.122670888900757, -3.0917370319366455, -1.8889689445495605, -0.7051045894622803, -2.380847215652466, -1.4557760953903198, -2.924082040786743, -3.5385782718658447, -3.592193365097046, -0.8340354561805725, -1.271410584449768, -3.4825642108917236, -2.2302587032318115, -3.152482748031616, -0.5712088942527771, -0.6329419612884521, 3.0829825401306152, -1.013179063796997, -1.0728110074996948, 2.2658603191375732, -1.6570534706115723, -2.112440824508667, 1.6095895767211914, -1.0536354780197144, -0.7537224292755127, -3.4489238262176514, 2.9406003952026367, 1.490627646446228, 1.348125696182251, -3.631918430328369, 2.794010877609253, -3.129056215286255, 1.957996129989624, 1.7149258852005005, -1.3978501558303833, -3.283867359161377, -1.1145330667495728, -1.1978061199188232, -3.5508618354797363, -3.587315559387207, -3.4898152351379395, -3.114628553390503, -3.361868381500244, -2.4166383743286133, -3.596468925476074, -0.6361950039863586, -1.0007792711257935, -3.63999080657959, -1.4585996866226196, 2.3298251628875732, -3.5658836364746094, -3.525731086730957, 2.236046552658081, 1.9144551753997803, 2.8640308380126953, 3.123548746109009, 2.727227210998535, -1.8217827081680298, -3.6299655437469482, -3.395209550857544, -1.5956121683120728, -3.0898921489715576, -2.016829490661621, -1.5593063831329346, 2.26619291305542, -0.6215716004371643, -3.166914701461792, -0.8583947420120239, 2.594759941101074, -2.910352945327759, -2.500253915786743, -1.8333035707473755, -1.2791835069656372, -2.440322160720825, -2.8338677883148193, -2.3662946224212646, -3.649291753768921, -1.68186616897583, -1.374862551689148, -1.7419394254684448, -0.6736132502555847, -0.4273263216018677, -3.497431516647339, -3.6069443225860596, -0.7428946495056152, -1.0119519233703613, -2.6658775806427, -1.5277472734451294, -3.5896761417388916, -2.5735480785369873, 1.7145333290100098, -0.5711274147033691, -3.1759653091430664, -0.5846738219261169, 3.0100977420806885, -2.772185802459717, -3.508723735809326, -3.4271321296691895, -2.4442226886749268, -3.553354501724243, -1.915807843208313, -0.5105352997779846, -1.491845726966858, -0.5295382738113403, -1.4601287841796875, -2.4453585147857666, 1.6168346405029297, -3.3676846027374268, -2.199927568435669, -1.5326870679855347, -3.059243679046631, -1.1811105012893677, -1.1532062292099, 0.3630666434764862, -1.8777953386306763, -1.5854827165603638, 0.6225308179855347, -0.7265056371688843, 1.0198476314544678, 1.1956459283828735]}, "acc_test": 0.5916666666666667, "precision_test": 0.88, "recall_test": 0.3235294117647059, "f1_test": 0.4731182795698925, "auc_test": 0.7791289592760181, "preds": [0.9992237091064453, 0.0013041147030889988, 0.19245792925357819, 0.08294904232025146, 0.010190058499574661, 0.2690000534057617, 0.9991094470024109, 0.13852134346961975, 0.12347716838121414, 0.9930658340454102, 0.036632802337408066, 0.013321512378752232, 0.12816078960895538, 0.22109630703926086, 0.9986844658851624, 0.9586011171340942, 0.9433225393295288, 0.9980850219726562, 0.9857147336006165, 0.9750189781188965, 0.09635184705257416, 0.0003405320749152452, 0.00045406652498058975, 0.0012306993594393134, 0.26769644021987915, 0.14182843267917633, 0.056114234030246735, 0.9940454959869385, 0.9925576448440552, 0.9983965754508972, 0.9992290735244751, 0.9977363348007202, 0.02552553452551365, 0.04185008630156517, 0.27385273575782776, 0.18439026176929474, 0.9968608617782593, 0.002048024907708168, 0.005460426677018404, 0.024883318692445755, 0.08163399249315262, 0.007454978302121162, 0.03470654785633087, 0.25206300616264343, 0.3657597303390503, 0.22512008249759674, 0.003695141524076462, 0.0045974887907505035, 0.9749963283538818, 0.9989064931869507, 0.002865190850570798, 0.00043010051012970507, 0.006222692783921957, 0.3243820071220398, 0.31524714827537537, 0.006206287536770105, 0.968798816204071, 0.0006361791165545583, 0.01092036534100771, 0.047916557639837265, 0.09964673966169357, 0.6375927925109863, 0.02254650928080082, 0.04277477413415909, 0.7589487433433533, 0.2312752902507782, 0.8863943219184875, 0.9212720990180969]}
