{"name": "likelihood_threshold", "predictions": {"test": [-2.5215189456939697, -2.036165714263916, -2.395206928253174, -3.4027602672576904, -2.469647169113159, -3.5433716773986816, -2.6326699256896973, -2.5816996097564697, -3.6463775634765625, -1.898343801498413, -1.8064497709274292, -2.38907790184021, -4.167471885681152, -2.1635689735412598, -3.2160446643829346, -3.7227816581726074, -1.9201587438583374, -2.4553732872009277, -3.640765428543091, -1.6101508140563965, -2.994861364364624, -2.689821720123291, -2.46814227104187, -2.362861394882202, -3.379305124282837, -3.579957962036133, -2.6812732219696045, -1.5308269262313843, -2.0576395988464355, -3.1070871353149414, -3.1750786304473877, -2.2283918857574463, -3.496633768081665, -2.2880828380584717, -2.8765032291412354, -3.0553085803985596, -2.1812264919281006, -1.9174350500106812, -2.6763975620269775, -2.447537422180176, -2.9028964042663574, -2.255605697631836, -2.594047784805298, -2.9408345222473145, -3.094633102416992, -1.9390549659729004, -2.1887052059173584, -2.8023452758789062, -2.176539421081543, -1.6339218616485596, -3.666181802749634, -2.507368326187134, -1.9042048454284668, -2.142876148223877, -2.333651542663574, -2.2596311569213867, -1.505628228187561, -1.9042048454284668, -3.7517361640930176, -3.43179988861084, -1.8867614269256592, -3.2884607315063477, -2.731934070587158, -3.326892375946045, -3.3129353523254395, -3.022137403488159, -2.2537729740142822, -3.0308234691619873, -2.310695171356201, -1.840319275856018, -2.4255781173706055, -3.7952916622161865, -2.0886237621307373, -2.6937735080718994, -3.2954599857330322, -2.065082550048828, -2.6455986499786377, -4.006113529205322, -1.8947749137878418, -2.8970203399658203, -3.4751455783843994, -2.7124128341674805, -2.763589859008789, -3.496094226837158, -3.1174371242523193, -3.0319101810455322, -3.6900105476379395, -3.370353937149048, -3.641263723373413, -2.8093109130859375, -2.224348783493042, -1.8687344789505005, -3.6159510612487793, -3.008913278579712, -2.3158507347106934, -3.3145384788513184, -2.3539912700653076, -2.327241897583008, -2.469748020172119, -2.594047784805298, -2.6269290447235107, -2.918565511703491, -2.887547731399536, -2.7532944679260254, -2.264826774597168, -2.2404050827026367, -3.0808205604553223, -3.6571483612060547, -3.039008617401123, -2.377828359603882, -3.407823085784912, -2.3163464069366455, -2.5579066276550293, -3.499328851699829, -3.6540067195892334, -2.817586898803711, -3.1010942459106445, -1.8404045104980469, -2.25759220123291, -2.6797103881835938]}, "acc_test": 0.5916666666666667, "precision_test": 0.6067415730337079, "recall_test": 0.7941176470588235, "f1_test": 0.6878980891719746, "auc_test": 0.6340497737556562}
{"name": "rank_threshold", "predictions": {"test": [-111.64462280273438, -52.49650192260742, -18.841726303100586, -191.967529296875, -15.655172348022461, -264.6842041015625, -108.3697509765625, -36.33152389526367, -171.14073181152344, -9.528735160827637, -19.09090805053711, -116.58536529541016, -244.23077392578125, -28.599998474121094, -175.35043334960938, -442.5107421875, -45.051612854003906, -78.01204681396484, -247.15789794921875, -26.688236236572266, -429.2857360839844, -109.65546417236328, -26.587154388427734, -14.285715103149414, -155.7027130126953, -316.82568359375, -62.41817855834961, -9.655843734741211, -70.02857208251953, -105.1076889038086, -123.78787994384766, -60.990478515625, -158.51266479492188, -58.047245025634766, -82.642333984375, -281.0583801269531, -34.38571548461914, -38.80537033081055, -56.77702713012695, -60.3203125, -29.04098129272461, -273.6031799316406, -31.150001525878906, -67.25190734863281, -52.544002532958984, -27.84166717529297, -8.42424201965332, -94.00746154785156, -14.937931060791016, -13.744000434875488, -235.3612823486328, -32.45283126831055, -15.86805534362793, -15.239999771118164, -73.57723236083984, -78.9921875, -3.238410711288452, -15.86805534362793, -233.6750030517578, -345.49444580078125, -7.358974456787109, -174.01942443847656, -41.25324630737305, -154.3231658935547, -85.09928894042969, -109.265625, -21.30434799194336, -97.9552230834961, -23.166667938232422, -33.005558013916016, -19.64634132385254, -439.4045715332031, -80.93965148925781, -77.81521606445312, -218.03428649902344, -429.8095397949219, -69.947021484375, -362.0873107910156, -28.244443893432617, -95.0, -121.5182876586914, -86.42974853515625, -50.54861068725586, -105.84033966064453, -75.2800064086914, -145.86666870117188, -438.6835632324219, -348.98486328125, -203.87115478515625, -41.128570556640625, -62.78512191772461, -19.196720123291016, -328.256591796875, -126.73333740234375, -41.585105895996094, -456.3235168457031, -25.59503936767578, -64.22130584716797, -68.09677124023438, -31.150001525878906, -33.741668701171875, -40.215911865234375, -332.8164978027344, -117.82014465332031, -62.876922607421875, -95.94400787353516, -91.86842346191406, -472.7404479980469, -211.3333282470703, -75.9920654296875, -98.31200408935547, -58.2833366394043, -19.008930206298828, -187.76864624023438, -471.1748046875, -316.6327819824219, -137.30833435058594, -7.3828125, -9.871559143066406, -88.06977081298828]}, "acc_test": 0.5666666666666667, "precision_test": 0.5888888888888889, "recall_test": 0.7794117647058824, "f1_test": 0.6708860759493671, "auc_test": 0.5398755656108597}
{"name": "log_rank_threshold", "predictions": {"test": [-1.1423171758651733, -0.899444580078125, -1.0744357109069824, -1.8728641271591187, -1.1250346899032593, -1.8623738288879395, -1.3009912967681885, -1.3107773065567017, -1.941247582435608, -0.839891254901886, -0.7456154823303223, -0.9937495589256287, -2.451423406600952, -0.8634771108627319, -1.751295804977417, -2.020272970199585, -0.8051332831382751, -1.1780775785446167, -1.987441062927246, -0.5802657604217529, -1.5234038829803467, -1.3012837171554565, -1.1216460466384888, -1.0294201374053955, -1.8361775875091553, -1.9972410202026367, -1.314770221710205, -0.5631880164146423, -1.0165046453475952, -1.4946047067642212, -1.6961669921875, -1.0388911962509155, -1.9957427978515625, -0.9817687273025513, -1.4196592569351196, -1.6078957319259644, -0.9094913005828857, -0.9255895614624023, -1.3522214889526367, -1.131615400314331, -1.4218999147415161, -0.9363034963607788, -1.209383249282837, -1.5239633321762085, -1.6344079971313477, -0.9184439778327942, -0.9939500689506531, -1.313232660293579, -0.9592902064323425, -0.7225778698921204, -2.0117807388305664, -1.2509222030639648, -0.935314416885376, -0.9362248182296753, -1.138183355331421, -0.9817922115325928, -0.5298862457275391, -0.935314416885376, -2.0386178493499756, -1.872139811515808, -0.8140091896057129, -1.7520391941070557, -1.3336213827133179, -1.9301872253417969, -1.7299031019210815, -1.569379448890686, -1.0631639957427979, -1.458892822265625, -1.0551469326019287, -0.8348524570465088, -1.1782622337341309, -2.1682565212249756, -1.033631443977356, -1.2714570760726929, -1.723784327507019, -0.909066915512085, -1.2494134902954102, -2.269550323486328, -0.9964624047279358, -1.3744306564331055, -1.9004179239273071, -1.3358889818191528, -1.3169513940811157, -1.8686723709106445, -1.6421173810958862, -1.4718424081802368, -2.0045058727264404, -1.7681611776351929, -2.0178096294403076, -1.3933073282241821, -0.9467494487762451, -0.8482556939125061, -1.914092779159546, -1.584974765777588, -1.0923961400985718, -1.7979295253753662, -1.056881070137024, -1.0181336402893066, -1.233963966369629, -1.209383249282837, -1.2402219772338867, -1.4478453397750854, -1.417672872543335, -1.3370084762573242, -1.0431054830551147, -0.9835419058799744, -1.5046236515045166, -2.0724198818206787, -1.5608760118484497, -0.9990922212600708, -1.8380638360977173, -1.0805710554122925, -1.2247552871704102, -1.8235026597976685, -2.082206964492798, -1.5037062168121338, -1.6477534770965576, -0.7231109738349915, -0.9840202927589417, -1.3123277425765991]}, "acc_test": 0.5916666666666667, "precision_test": 0.6067415730337079, "recall_test": 0.7941176470588235, "f1_test": 0.6878980891719746, "auc_test": 0.6298076923076923}
{"name": "entropy_threshold", "predictions": {"test": [3.2260196208953857, 2.8461930751800537, 3.1135637760162354, 3.678708076477051, 3.2898764610290527, 3.4184420108795166, 3.158843994140625, 2.935614824295044, 3.8681278228759766, 2.7671473026275635, 2.5553884506225586, 3.6153066158294678, 4.026821136474609, 3.435886859893799, 3.064655065536499, 3.7266347408294678, 2.923715114593506, 2.9085659980773926, 3.7018911838531494, 2.573479652404785, 3.4781744480133057, 3.2315480709075928, 2.993842840194702, 3.2057509422302246, 3.5610511302948, 4.214878082275391, 2.900822877883911, 2.5064194202423096, 2.500544309616089, 3.828277349472046, 3.3930485248565674, 2.6540002822875977, 3.716883897781372, 3.6305243968963623, 3.464233875274658, 3.3633251190185547, 3.2829134464263916, 2.5523533821105957, 2.842362403869629, 3.5017313957214355, 3.4733989238739014, 3.120577335357666, 3.176682949066162, 3.3882358074188232, 3.531909465789795, 2.5844743251800537, 2.9514801502227783, 3.684779405593872, 3.0774993896484375, 2.180030584335327, 3.600080966949463, 2.7418222427368164, 2.2245635986328125, 3.030712842941284, 2.9780054092407227, 3.4452688694000244, 2.4221861362457275, 2.2245635986328125, 3.9762866497039795, 3.497968912124634, 2.677971124649048, 3.9642539024353027, 3.0112826824188232, 3.66501522064209, 3.411130905151367, 3.6618053913116455, 3.009783983230591, 3.7975969314575195, 3.126859426498413, 2.395709753036499, 3.02919602394104, 4.099626064300537, 2.2335152626037598, 3.07991361618042, 3.636849880218506, 2.531667709350586, 3.248067855834961, 3.9352166652679443, 2.033032178878784, 3.7282755374908447, 3.783348798751831, 3.520603895187378, 3.50661039352417, 3.628965377807617, 3.296881675720215, 3.595010757446289, 3.900184154510498, 3.231934070587158, 3.7807888984680176, 3.0850830078125, 3.286043882369995, 2.1954185962677, 3.8758656978607178, 3.4237589836120605, 2.789924383163452, 3.5855493545532227, 3.199099540710449, 3.2717039585113525, 3.1246912479400635, 3.176682949066162, 2.7710273265838623, 3.302049160003662, 3.3377721309661865, 3.546083450317383, 2.58129620552063, 3.351316452026367, 3.190506935119629, 3.920661687850952, 3.430191993713379, 3.6987695693969727, 3.3956687450408936, 3.1443960666656494, 2.7625956535339355, 3.6897103786468506, 4.226161479949951, 3.3050968647003174, 3.0847246646881104, 2.9603896141052246, 3.2323148250579834, 3.2814536094665527]}, "acc_test": 0.5583333333333333, "precision_test": 0.5903614457831325, "recall_test": 0.7205882352941176, "f1_test": 0.6490066225165563, "auc_test": 0.5740950226244345}
{"name": "rank_GLTR_threshold", "predictions": {"test": [[0.8099173553719008, 0.14049586776859505, 0.03305785123966942, 0.01652892561983471], [0.8881118881118881, 0.08391608391608392, 0.02097902097902098, 0.006993006993006993], [0.8273381294964028, 0.1366906474820144, 0.03597122302158273, 0.0], [0.7207792207792207, 0.14935064935064934, 0.09090909090909091, 0.03896103896103896], [0.8275862068965517, 0.13793103448275862, 0.034482758620689655, 0.0], [0.6766917293233082, 0.21804511278195488, 0.09774436090225563, 0.007518796992481203], [0.7478991596638656, 0.18487394957983194, 0.058823529411764705, 0.008403361344537815], [0.7771739130434783, 0.15760869565217392, 0.06521739130434782, 0.0], [0.6814814814814815, 0.17037037037037037, 0.1111111111111111, 0.037037037037037035], [0.9080459770114943, 0.07471264367816093, 0.017241379310344827, 0.0], [0.8842975206611571, 0.09090909090909091, 0.024793388429752067, 0.0], [0.8292682926829268, 0.13008130081300814, 0.024390243902439025, 0.016260162601626018], [0.5538461538461539, 0.2230769230769231, 0.16153846153846155, 0.06153846153846154], [0.9181818181818182, 0.02727272727272727, 0.045454545454545456, 0.00909090909090909], [0.6752136752136753, 0.1794871794871795, 0.10256410256410256, 0.042735042735042736], [0.6612903225806451, 0.1774193548387097, 0.11290322580645161, 0.04838709677419355], [0.8838709677419355, 0.10967741935483871, 0.0, 0.0064516129032258064], [0.8072289156626506, 0.13855421686746988, 0.04216867469879518, 0.012048192771084338], [0.6842105263157895, 0.17293233082706766, 0.08270676691729323, 0.06015037593984962], [0.9352941176470588, 0.041176470588235294, 0.01764705882352941, 0.0058823529411764705], [0.7619047619047619, 0.1619047619047619, 0.01904761904761905, 0.05714285714285714], [0.7899159663865546, 0.13445378151260504, 0.05042016806722689, 0.025210084033613446], [0.8256880733944955, 0.11009174311926606, 0.06422018348623854, 0.0], [0.8571428571428571, 0.09243697478991597, 0.05042016806722689, 0.0], [0.7117117117117117, 0.15315315315315314, 0.08108108108108109, 0.05405405405405406], [0.6697247706422018, 0.1743119266055046, 0.11009174311926606, 0.045871559633027525], [0.7454545454545455, 0.18181818181818182, 0.06363636363636363, 0.00909090909090909], [0.9285714285714286, 0.05194805194805195, 0.01948051948051948, 0.0], [0.8114285714285714, 0.15428571428571428, 0.022857142857142857, 0.011428571428571429], [0.7769230769230769, 0.13076923076923078, 0.07692307692307693, 0.015384615384615385], [0.7121212121212122, 0.1893939393939394, 0.08333333333333333, 0.015151515151515152], [0.8571428571428571, 0.10476190476190476, 0.02857142857142857, 0.009523809523809525], [0.6645569620253164, 0.14556962025316456, 0.13924050632911392, 0.05063291139240506], [0.8582677165354331, 0.07874015748031496, 0.05511811023622047, 0.007874015748031496], [0.7591240875912408, 0.1678832116788321, 0.051094890510948905, 0.021897810218978103], [0.7445255474452555, 0.12408759124087591, 0.058394160583941604, 0.072992700729927], [0.8666666666666667, 0.10476190476190476, 0.014285714285714285, 0.014285714285714285], [0.8657718120805369, 0.087248322147651, 0.03355704697986577, 0.013422818791946308], [0.7837837837837838, 0.1554054054054054, 0.05405405405405406, 0.006756756756756757], [0.8359375, 0.109375, 0.03125, 0.0234375], [0.7540983606557377, 0.18032786885245902, 0.06557377049180328, 0.0], [0.873015873015873, 0.1111111111111111, 0.007936507936507936, 0.007936507936507936], [0.8083333333333333, 0.15, 0.03333333333333333, 0.008333333333333333], [0.7404580152671756, 0.12213740458015267, 0.12213740458015267, 0.015267175572519083], [0.688, 0.208, 0.096, 0.008], [0.85, 0.10833333333333334, 0.03333333333333333, 0.008333333333333333], [0.8585858585858586, 0.13131313131313133, 0.010101010101010102, 0.0], [0.7985074626865671, 0.09701492537313433, 0.08208955223880597, 0.022388059701492536], [0.8482758620689655, 0.12413793103448276, 0.027586206896551724, 0.0], [0.92, 0.048, 0.032, 0.0], [0.6580645161290323, 0.15483870967741936, 0.14193548387096774, 0.04516129032258064], [0.7830188679245284, 0.16981132075471697, 0.03773584905660377, 0.009433962264150943], [0.8333333333333334, 0.1111111111111111, 0.05555555555555555, 0.0], [0.87, 0.1, 0.03, 0.0], [0.8048780487804879, 0.13821138211382114, 0.032520325203252036, 0.024390243902439025], [0.859375, 0.1015625, 0.0078125, 0.03125], [0.9337748344370861, 0.06622516556291391, 0.0, 0.0], [0.8333333333333334, 0.1111111111111111, 0.05555555555555555, 0.0], [0.68125, 0.1625, 0.11875, 0.0375], [0.6944444444444444, 0.15, 0.11666666666666667, 0.03888888888888889], [0.8910256410256411, 0.10256410256410256, 0.00641025641025641, 0.0], [0.6990291262135923, 0.18446601941747573, 0.06796116504854369, 0.04854368932038835], [0.7922077922077922, 0.12337662337662338, 0.07792207792207792, 0.006493506493506494], [0.676829268292683, 0.1402439024390244, 0.13414634146341464, 0.04878048780487805], [0.6879432624113475, 0.1773049645390071, 0.11347517730496454, 0.02127659574468085], [0.7421875, 0.1328125, 0.1015625, 0.0234375], [0.8369565217391305, 0.13043478260869565, 0.03260869565217391, 0.0], [0.7835820895522388, 0.13432835820895522, 0.06716417910447761, 0.014925373134328358], [0.84375, 0.11458333333333333, 0.041666666666666664, 0.0], [0.8722222222222222, 0.09444444444444444, 0.027777777777777776, 0.005555555555555556], [0.7987804878048781, 0.15853658536585366, 0.042682926829268296, 0.0], [0.648854961832061, 0.17557251908396945, 0.10687022900763359, 0.06870229007633588], [0.8362068965517241, 0.10344827586206896, 0.02586206896551724, 0.034482758620689655], [0.8043478260869565, 0.14130434782608695, 0.043478260869565216, 0.010869565217391304], [0.6914285714285714, 0.2057142857142857, 0.08, 0.022857142857142857], [0.8928571428571429, 0.06547619047619048, 0.023809523809523808, 0.017857142857142856], [0.8145695364238411, 0.1456953642384106, 0.013245033112582781, 0.026490066225165563], [0.6111111111111112, 0.2222222222222222, 0.09523809523809523, 0.07142857142857142], [0.837037037037037, 0.0962962962962963, 0.06666666666666667, 0.0], [0.8195488721804511, 0.09774436090225563, 0.06015037593984962, 0.022556390977443608], [0.6829268292682927, 0.18902439024390244, 0.09146341463414634, 0.036585365853658534], [0.7851239669421488, 0.1487603305785124, 0.04132231404958678, 0.024793388429752067], [0.7847222222222222, 0.125, 0.08333333333333333, 0.006944444444444444], [0.6638655462184874, 0.19327731092436976, 0.13445378151260504, 0.008403361344537815], [0.696, 0.208, 0.08, 0.016], [0.775, 0.10833333333333334, 0.075, 0.041666666666666664], [0.7088607594936709, 0.13924050632911392, 0.10759493670886076, 0.04430379746835443], [0.75, 0.11363636363636363, 0.09090909090909091, 0.045454545454545456], [0.6625766871165644, 0.19631901840490798, 0.09202453987730061, 0.049079754601226995], [0.7785714285714286, 0.15714285714285714, 0.05, 0.014285714285714285], [0.8512396694214877, 0.10743801652892562, 0.03305785123966942, 0.008264462809917356], [0.8524590163934426, 0.11475409836065574, 0.02459016393442623, 0.00819672131147541], [0.6907894736842105, 0.19078947368421054, 0.07894736842105263, 0.039473684210526314], [0.7416666666666667, 0.15, 0.075, 0.03333333333333333], [0.8297872340425532, 0.1276595744680851, 0.031914893617021274, 0.010638297872340425], [0.7058823529411765, 0.16176470588235295, 0.08823529411764706, 0.04411764705882353], [0.859504132231405, 0.09090909090909091, 0.04132231404958678, 0.008264462809917356], [0.8442622950819673, 0.10655737704918032, 0.040983606557377046, 0.00819672131147541], [0.7580645161290323, 0.1532258064516129, 0.07258064516129033, 0.016129032258064516], [0.8083333333333333, 0.15, 0.03333333333333333, 0.008333333333333333], [0.7833333333333333, 0.15, 0.06666666666666667, 0.0], [0.7329545454545454, 0.19886363636363635, 0.0625, 0.005681818181818182], [0.7431192660550459, 0.1926605504587156, 0.05504587155963303, 0.009174311926605505], [0.7482014388489209, 0.16546762589928057, 0.07194244604316546, 0.014388489208633094], [0.8461538461538461, 0.1076923076923077, 0.038461538461538464, 0.007692307692307693], [0.856, 0.112, 0.016, 0.016], [0.7684210526315789, 0.15263157894736842, 0.04736842105263158, 0.031578947368421054], [0.6793893129770993, 0.1297709923664122, 0.12213740458015267, 0.06870229007633588], [0.75177304964539, 0.1773049645390071, 0.04964539007092199, 0.02127659574468085], [0.8492063492063492, 0.09523809523809523, 0.03968253968253968, 0.015873015873015872], [0.664, 0.232, 0.064, 0.04], [0.8583333333333333, 0.09166666666666666, 0.03333333333333333, 0.016666666666666666], [0.7678571428571429, 0.1875, 0.044642857142857144, 0.0], [0.6716417910447762, 0.22388059701492538, 0.05970149253731343, 0.04477611940298507], [0.6503496503496503, 0.1888111888111888, 0.0979020979020979, 0.06293706293706294], [0.7740112994350282, 0.10734463276836158, 0.07344632768361582, 0.04519774011299435], [0.7083333333333334, 0.14166666666666666, 0.10833333333333334, 0.041666666666666664], [0.8984375, 0.0859375, 0.015625, 0.0], [0.8348623853211009, 0.13761467889908258, 0.027522935779816515, 0.0], [0.7906976744186046, 0.13178294573643412, 0.05426356589147287, 0.023255813953488372]]}, "acc_test": 0.5666666666666667, "precision_test": 0.5909090909090909, "recall_test": 0.7647058823529411, "f1_test": 0.6666666666666667, "auc_test": 0.6281108597285068}
{"name": "perturbation_10_z", "predictions": {"test": [0.08462621188267544, 0.8798607590957543, 1.992491249007029, 0.040269890775936665, 0.7705501568568657, -0.6321242078772851, 0.2471541513807598, 0.29567611168727626, -0.04051611255892658, 1.970465163436529, 1.2933929963412647, 0.8073030961765545, 0.19785476936687474, 0.6973598026545812, 0.6598657328092921, -0.062161631721212085, 0.5978108195140565, 0.8666148542004343, 0.29027994071569035, 0.8688680363842692, 1.6058340428334967, 0.9728374479820471, 0.679931212173005, 1.0659187690217238, 0.1742311786733006, 0.2781165256701542, 0.5486600704807107, 2.46062901964197, 1.4660290154363893, 1.0477026991527287, 0.5358494109714372, 1.1068517159772826, 0.23378161126086056, 1.1842333069252222, 0.9724724177034519, 0.7570859128988925, 0.8227323191809887, 0.26166876863084, -0.19749997961884314, 0.7218174819174218, 0.21742924037689243, 0.6044511779406088, 0.07073856703826048, 0.829358126180287, 0.46169649554961645, 0.7154605655282746, 1.5505454977014395, 1.6617587625726218, 1.9559117639056696, 0.8874432458107441, 0.16147627562570865, 0.21416722541602695, 0.4084996810580794, 0.6355969708562277, 1.687696839212091, 1.1669523553685255, 1.3671558772983097, 0.13737766898404596, 0.8197041260006518, 0.11646843792673203, 1.5690685467457273, -0.21617226945263676, 0.8016261871715186, 0.4811583182935366, 0.22091781760053963, 0.9485142757400794, 0.580898969921073, 0.5939832085211681, 0.5610971102237694, 1.1326513628316084, 0.9122998921027625, 0.5017845896554639, 0.05757114258899014, 0.5325272605946559, 0.22177950321786524, -0.2841558985138362, 0.20828193196144426, 0.26996788050987836, 0.6571177013871918, 0.15004461138247413, 0.37417057901751427, 1.1337425226997353, 0.3375674648445395, -0.2585907445372824, 0.0845740598645911, -0.6177654574997652, 0.11757438184103432, -0.0202862331404931, 0.08959103143090222, 0.4554645212194369, 1.8668746037288022, 0.5201738147353028, -0.5220784235804576, 1.0806116976199405, 1.215975765982418, 0.16978921605771607, 1.3681043108415478, 1.1147103817649746, 0.9917312667136282, 0.0926115382944621, -0.8010303663264479, -0.08301884013825417, -0.4417859026527802, 0.7464028313669344, -0.007842156166161973, 2.8370944915910217, 0.4341273395759018, 0.9951958794123632, 1.1872560093726159, 1.2662898182460196, -0.14476361682398073, 0.6219769215817285, 0.8954760740605137, 1.174410400592582, 1.082003028411765, 0.1224799015988829, 0.1903092664231469, 1.1913624997773478, 0.7655291617349188, 0.149557688363914]}, "info": {"pct_words_masked": 0.3, "span_length": 2, "n_perturbations": 10}, "general": {"acc_test": 0.6333333333333333, "precision_test": 0.6621621621621622, "recall_test": 0.7205882352941176, "f1_test": 0.6901408450704226, "auc_test": 0.689762443438914}}
{"name": "GPT-sentinel", "acc": 0.49166666666666664}
{"name": "roberta-base-openai-detector", "predictions": {"test": [0.9963498115539551, 0.9715744853019714, 0.000958418648224324, 0.005727986339479685, 0.9242518544197083, 0.027798498049378395, 0.005819755606353283, 0.9701144695281982, 0.00017922045662999153, 0.7774069309234619, 0.9998170733451843, 0.9998058676719666, 0.00018074677791446447, 0.9998160004615784, 0.001241241698153317, 0.0008024066919460893, 0.9998177886009216, 0.02129109762609005, 0.00018436164828017354, 0.9997946619987488, 0.000311264768242836, 0.9455517530441284, 0.5399395823478699, 0.436382532119751, 0.0013645360013470054, 0.9708802103996277, 0.00040258426452055573, 0.9997990727424622, 0.9939170479774475, 0.9902831315994263, 0.29870709776878357, 0.980420708656311, 0.00026095533394254744, 0.9998282194137573, 0.9830118417739868, 0.003521933453157544, 0.9998249411582947, 0.9995461106300354, 0.004980568308383226, 0.9980193376541138, 0.9768970608711243, 0.9997702240943909, 0.9989168643951416, 0.33188396692276, 0.0013038202887400985, 0.9998175501823425, 0.9985308647155762, 0.2700454592704773, 0.9956282377243042, 0.9962970614433289, 0.9893596172332764, 0.9998037219047546, 0.9234826564788818, 0.9998061060905457, 0.03540248051285744, 0.9954507946968079, 0.9997946619987488, 0.9234826564788818, 0.13692080974578857, 0.00017190149810630828, 0.9998262524604797, 0.09056826680898666, 0.5426378846168518, 0.0012044894974678755, 0.11157659441232681, 0.25974297523498535, 0.9783830046653748, 0.005056578665971756, 0.9888755083084106, 0.999672532081604, 0.3489128053188324, 0.0001721603621263057, 0.0008377578342333436, 0.008397919125854969, 0.0001800238824216649, 0.9998230338096619, 0.00018508803623262793, 0.0001987401774385944, 0.7952728271484375, 0.98603755235672, 0.0005428289878182113, 0.9997430443763733, 0.05961303785443306, 0.9830808043479919, 0.0019625104032456875, 0.8421105146408081, 0.0001981819368666038, 0.0005957697867415845, 0.00017353321891278028, 0.22190020978450775, 0.64879310131073, 0.9995254278182983, 0.9994747042655945, 0.09508724510669708, 0.2226777821779251, 0.0005567549960687757, 0.9582008719444275, 0.08992603421211243, 0.005334564950317144, 0.9989168643951416, 0.003354294691234827, 0.5790711641311646, 0.08488299697637558, 0.6848610639572144, 0.4591614305973053, 0.9997987151145935, 0.21648141741752625, 0.0001827988598961383, 0.00017335642769467086, 0.9998083710670471, 0.008006041869521141, 0.9977850914001465, 0.9913012385368347, 0.00017562528955750167, 0.00016720556595828384, 0.7689018249511719, 0.00023087096633389592, 0.9998267292976379, 0.9998219609260559, 0.9887056946754456]}, "logits": {"test": [2.9231157302856445, 1.7735767364501953, -3.752544403076172, -2.7554404735565186, 1.2192511558532715, -1.9082040786743164, -2.7661514282226562, 1.75895094871521, -4.681337833404541, 0.5846924781799316, 4.682875633239746, 4.628236293792725, -4.676647663116455, 4.676133632659912, -3.6077277660369873, -3.8253347873687744, 4.680624008178711, -2.071345329284668, -4.660511016845703, 4.6256585121154785, -4.372299671173096, 1.42256760597229, -0.007845435291528702, -0.21576571464538574, -3.551970958709717, 1.758218765258789, -4.226903438568115, 4.635009288787842, 2.6370856761932373, 2.417985200881958, -0.5063364505767822, 1.9816701412200928, -4.460756301879883, 4.709439754486084, 2.0667030811309814, -3.022390127182007, 4.692041397094727, 4.125380516052246, -2.8427181243896484, 3.2683281898498535, 1.898208498954773, 4.5258402824401855, 3.6219425201416016, -0.4110333025455475, -3.5882859230041504, 4.666256904602051, 3.4446732997894287, -0.5808044075965881, 2.832716464996338, 2.913273334503174, 2.3504741191864014, 4.621993064880371, 1.2328894138336182, 4.627936840057373, -1.7842307090759277, 2.8064613342285156, 4.628896236419678, 1.2328894138336182, -0.9998504519462585, -4.705703258514404, 4.6983418464660645, -1.2563837766647339, 0.015203231945633888, -3.6074395179748535, -1.132533073425293, -0.5859623551368713, 1.9218223094940186, -2.8300364017486572, 2.2927873134613037, 4.312620639801025, -0.38994696736335754, -4.693454265594482, -3.828299045562744, -2.5666146278381348, -4.67638635635376, 4.695342063903809, -4.658709526062012, -4.618386268615723, 0.6197205185890198, 2.1794192790985107, -4.06099796295166, 4.4579949378967285, -1.4859403371810913, 2.069566488265991, -3.353675127029419, 0.7827091217041016, -4.620542049407959, -4.020527362823486, -4.696176052093506, -0.7059118151664734, 0.24038206040859222, 4.1051716804504395, 4.042510509490967, -1.2336344718933105, -0.7312368154525757, -4.054513931274414, 1.5604493618011475, -1.2689322233200073, -2.804429769515991, 3.6219425201416016, -3.057117462158203, 0.1039130836725235, -1.3026984930038452, 0.3308139145374298, -0.1736072599887848, 4.6033735275268555, -0.7346173524856567, -4.657269477844238, -4.693411350250244, 4.656050205230713, -2.598869800567627, 3.2009642124176025, 2.432323932647705, -4.693889617919922, -4.717746734619141, 0.5609374642372131, -4.5415802001953125, 4.704310894012451, 4.679162979125977, 2.2956018447875977]}, "acc_test": 0.55, "precision_test": 0.6129032258064516, "recall_test": 0.5588235294117647, "f1_test": 0.5846153846153845, "auc_test": 0.5486425339366516, "preds": [0.9963498115539551, 0.9715744853019714, 0.7774069309234619, 0.9998170733451843, 0.00018074677791446447, 0.0008024066919460893, 0.9998177886009216, 0.02129109762609005, 0.00018436164828017354, 0.9997946619987488, 0.000311264768242836, 0.9455517530441284, 0.436382532119751, 0.0013645360013470054, 0.00040258426452055573, 0.9997990727424622, 0.9939170479774475, 0.29870709776878357, 0.00026095533394254744, 0.9998282194137573, 0.9995461106300354, 0.9980193376541138, 0.9768970608711243, 0.9997702240943909, 0.9998175501823425, 0.9985308647155762, 0.9956282377243042, 0.9962970614433289, 0.9234826564788818, 0.03540248051285744, 0.9954507946968079, 0.9997946619987488, 0.9234826564788818, 0.9998262524604797, 0.25974297523498535, 0.005056578665971756, 0.9888755083084106, 0.999672532081604, 0.3489128053188324, 0.0001721603621263057, 0.0008377578342333436, 0.9998230338096619, 0.0001987401774385944, 0.0005428289878182113, 0.9997430443763733, 0.0019625104032456875, 0.0001981819368666038, 0.22190020978450775, 0.64879310131073, 0.2226777821779251, 0.0005567549960687757, 0.9582008719444275, 0.005334564950317144, 0.5790711641311646, 0.6848610639572144, 0.9997987151145935, 0.21648141741752625, 0.0001827988598961383, 0.00017335642769467086, 0.9998083710670471, 0.9977850914001465, 0.00017562528955750167, 0.00016720556595828384, 0.7689018249511719, 0.00023087096633389592, 0.9998267292976379, 0.9998219609260559, 0.9887056946754456]}
{"name": "Hello-SimpleAI/chatgpt-detector-roberta", "predictions": {"test": [0.999029278755188, 0.9992424249649048, 0.9989172220230103, 0.8708522319793701, 0.9984097480773926, 0.041921116411685944, 0.9960724115371704, 0.04187477007508278, 0.9661811590194702, 0.9992339611053467, 0.9992430210113525, 0.9975491166114807, 0.01967581734061241, 0.9992412328720093, 0.015680920332670212, 0.04697398096323013, 0.9992311000823975, 0.9992363452911377, 0.16662555932998657, 0.9992486834526062, 0.9926930665969849, 0.9982692003250122, 0.9992498755455017, 0.992321789264679, 0.004750075284391642, 0.9937319159507751, 0.03556704521179199, 0.9992326498031616, 0.8506856560707092, 0.9992188215255737, 0.9130503535270691, 0.9992270469665527, 0.9759089350700378, 0.9992293119430542, 0.9844479560852051, 0.0007816227152943611, 0.9991770386695862, 0.9992392063140869, 0.9991205334663391, 0.9979743361473083, 0.9924902319908142, 0.9990092515945435, 0.9886194467544556, 0.9955706000328064, 0.7865875959396362, 0.9945353269577026, 0.9989637136459351, 0.9992332458496094, 0.999198853969574, 0.9992413520812988, 0.9959307312965393, 0.9992326498031616, 0.9991926550865173, 0.9992331266403198, 0.9992238283157349, 0.9991381168365479, 0.9992374181747437, 0.9991926550865173, 0.028331521898508072, 0.02188418246805668, 0.9992461204528809, 0.9952126741409302, 0.9991949200630188, 0.8981959819793701, 0.0026203717570751905, 0.971122682094574, 0.9972104430198669, 0.9992129802703857, 0.9978908896446228, 0.9992328882217407, 0.9916031956672668, 0.013457718305289745, 0.997073769569397, 0.9992350339889526, 0.9400916695594788, 0.9992408752441406, 0.999237060546875, 0.0005104006850160658, 0.9954114556312561, 0.9607361555099487, 0.05356617271900177, 0.9710864424705505, 0.1423415243625641, 0.9821021556854248, 0.139565572142601, 0.9992378950119019, 0.05705464258790016, 0.9129220843315125, 0.04286079481244087, 0.9992000460624695, 0.8773021697998047, 0.999208390712738, 0.3054465055465698, 0.2753711938858032, 0.9992268085479736, 0.9943550825119019, 0.999237060546875, 0.9983298182487488, 0.2976721525192261, 0.9886194467544556, 0.9981920123100281, 0.007985498756170273, 0.8565648794174194, 0.9827944040298462, 0.9992166757583618, 0.7182355523109436, 0.995937705039978, 0.008385539054870605, 0.02541772648692131, 0.9992392063140869, 0.9845747351646423, 0.9992420673370361, 0.9987667798995972, 0.0005640136660076678, 0.01919385977089405, 0.0267479345202446, 0.020067183300852776, 0.999241828918457, 0.9992462396621704, 0.9992245435714722]}, "logits": {"test": [3.053210973739624, 3.1243391036987305, 3.0137157440185547, 0.9564924240112305, 2.8672523498535156, -1.5948318243026733, 2.5027968883514404, -1.595347285270691, 1.5810564756393433, 3.1239171028137207, 3.124429941177368, 2.695242166519165, -1.938961148262024, 3.124242067337036, -2.040194034576416, -1.5419669151306152, 3.123755693435669, 3.1239266395568848, -0.9143490791320801, 3.1250951290130615, 2.2437896728515625, 2.834015369415283, 3.1248579025268555, 2.222869634628296, -2.559676170349121, 2.3083102703094482, -1.6706175804138184, 3.1238677501678467, 0.8830470442771912, 3.121541976928711, 1.148603916168213, 3.123270034790039, 1.7308552265167236, 3.1235764026641846, 1.9213393926620483, -3.29036283493042, 3.1081321239471436, 3.124018430709839, 3.0871737003326416, 2.7716684341430664, 2.2322349548339844, 3.0459625720977783, 2.0555832386016846, 2.4530911445617676, 0.691114068031311, 2.365724802017212, 3.0297837257385254, 3.123889446258545, 3.1156327724456787, 3.1241984367370605, 2.4881865978240967, 3.1238701343536377, 3.1135823726654053, 3.1238903999328613, 3.122684955596924, 3.093780517578125, 3.1239659786224365, 3.1135823726654053, -1.7745014429092407, -1.891209363937378, 3.124737024307251, 2.4208500385284424, 3.1143312454223633, 1.073181390762329, -2.8091917037963867, 1.6510828733444214, 2.642850637435913, 3.1199910640716553, 2.755537509918213, 3.123875379562378, 2.185025453567505, -2.107952356338501, 2.623408317565918, 3.1239311695098877, 1.322658896446228, 3.12410569190979, 3.1238811016082764, -3.4482622146606445, 2.4384634494781494, 1.5143812894821167, -1.480483055114746, 1.6505330801010132, -0.9988744854927063, 1.8604985475540161, -1.0092443227767944, 3.1238977909088135, -1.4507734775543213, 1.1480084657669067, -1.5845584869384766, 3.116034984588623, 0.9817973971366882, 3.1186635494232178, -0.5507516264915466, -0.618333101272583, 3.12322735786438, 2.352161407470703, 3.1239073276519775, 2.8480234146118164, -0.5676499009132385, 2.0555832386016846, 2.816807746887207, -2.336501121520996, 0.9033277034759521, 1.8776137828826904, 3.121025562286377, 0.5251570343971252, 2.4888856410980225, -2.3152871131896973, -1.8237043619155884, 3.123948574066162, 1.9248780012130737, 3.1242282390594482, 2.965160608291626, -3.4120543003082275, -1.9500762224197388, -1.8006097078323364, -1.9301289319992065, 3.124328851699829, 3.1248793601989746, 3.1228184700012207]}, "acc_test": 0.5083333333333333, "precision_test": 0.5494505494505495, "recall_test": 0.7352941176470589, "f1_test": 0.628930817610063, "auc_test": 0.5424208144796381, "preds": [0.999029278755188, 0.9992424249649048, 0.9992339611053467, 0.9992430210113525, 0.01967581734061241, 0.04697398096323013, 0.9992311000823975, 0.9992363452911377, 0.16662555932998657, 0.9992486834526062, 0.9926930665969849, 0.9982692003250122, 0.992321789264679, 0.004750075284391642, 0.03556704521179199, 0.9992326498031616, 0.8506856560707092, 0.9130503535270691, 0.9759089350700378, 0.9992293119430542, 0.9992392063140869, 0.9979743361473083, 0.9924902319908142, 0.9990092515945435, 0.9945353269577026, 0.9989637136459351, 0.999198853969574, 0.9992413520812988, 0.9991926550865173, 0.9992238283157349, 0.9991381168365479, 0.9992374181747437, 0.9991926550865173, 0.9992461204528809, 0.971122682094574, 0.9992129802703857, 0.9978908896446228, 0.9992328882217407, 0.9916031956672668, 0.013457718305289745, 0.997073769569397, 0.9992408752441406, 0.0005104006850160658, 0.05356617271900177, 0.9710864424705505, 0.139565572142601, 0.05705464258790016, 0.9992000460624695, 0.8773021697998047, 0.9992268085479736, 0.9943550825119019, 0.999237060546875, 0.2976721525192261, 0.007985498756170273, 0.9827944040298462, 0.7182355523109436, 0.995937705039978, 0.008385539054870605, 0.02541772648692131, 0.9992392063140869, 0.9992420673370361, 0.0005640136660076678, 0.01919385977089405, 0.0267479345202446, 0.020067183300852776, 0.999241828918457, 0.9992462396621704, 0.9992245435714722]}
