{"name": "likelihood_threshold", "predictions": {"test": [-2.640193223953247, -3.6403284072875977, -3.317063331604004, -3.8471269607543945, -3.7291524410247803, -2.851383924484253, -3.057276487350464, -3.8047640323638916, -3.928959846496582, -3.045215129852295, -3.2615482807159424, -4.059943199157715, -3.171206474304199, -3.566673755645752, -3.197319507598877, -3.3239965438842773, -2.7428267002105713, -2.305907726287842, -2.452432870864868, -3.0723466873168945, -3.7779862880706787, -3.4223413467407227, -2.865732192993164, -3.9627320766448975, -3.6582396030426025, -3.8061656951904297, -2.5153861045837402, -2.3653883934020996, -3.0356156826019287, -4.115074634552002, -2.704408884048462, -3.236172676086426, -3.3495986461639404, -2.6769678592681885, -3.209721326828003, -3.9547371864318848, -3.7974188327789307, -3.087339162826538, -3.784775495529175, -3.668985366821289, -3.899008274078369, -2.949725389480591, -3.759638547897339, -3.0061707496643066, -3.29359769821167, -3.0469179153442383, -2.98876953125, -3.7467780113220215, -3.1659560203552246, -3.359424352645874, -4.317185878753662, -3.72566556930542, -2.957145929336548, -2.9755966663360596, -2.6604902744293213, -3.099730968475342, -3.2042198181152344, -3.809629201889038, -4.408134460449219, -3.867565870285034, -3.3693172931671143, -4.207999229431152, -3.3290045261383057, -3.1848037242889404, -3.022451877593994, -2.999291181564331, -2.4685521125793457, -4.029873371124268, -2.8590474128723145, -3.7903900146484375, -3.153005838394165, -3.6120877265930176, -2.5280051231384277, -2.5303955078125, -3.4147229194641113, -3.332155466079712, -3.801077365875244, -3.013059377670288, -2.7279934883117676, -3.9999914169311523, -3.3355400562286377, -2.6351158618927, -3.961944580078125, -4.260087966918945, -3.1493144035339355, -3.6710853576660156, -4.309158802032471, -3.324493885040283, -4.247433662414551, -2.8410327434539795, -3.351614236831665, -2.92744517326355, -3.797938346862793, -3.064150333404541, -3.0890257358551025, -3.214484930038452, -3.1485607624053955, -3.67740797996521, -3.709622621536255, -3.86555552482605, -3.1256484985351562, -3.2898995876312256, -2.8097174167633057, -3.3361942768096924, -2.890608310699463, -3.468548536300659, -3.5467162132263184, -3.349482297897339, -3.6517653465270996, -3.388428211212158, -3.8537118434906006, -3.078356981277466, -3.143124580383301, -2.6994729042053223, -2.9734106063842773, -3.619382381439209, -3.3712151050567627, -2.805887222290039, -3.567288875579834, -2.8955681324005127]}, "acc_test": 0.6, "precision_test": 0.7, "recall_test": 0.5147058823529411, "f1_test": 0.5932203389830508, "auc_test": 0.6778846153846153}
{"name": "rank_threshold", "predictions": {"test": [-79.4787826538086, -229.55307006835938, -251.40110778808594, -388.8266906738281, -279.24853515625, -107.79267883300781, -59.858062744140625, -163.87661743164062, -353.2802734375, -117.2437515258789, -360.1602478027344, -266.6257019042969, -69.26347351074219, -274.2742919921875, -344.90740966796875, -115.99137878417969, -38.825504302978516, -652.2360229492188, -45.917720794677734, -253.2222137451172, -222.17601013183594, -182.24160766601562, -205.20730590820312, -238.21893310546875, -185.96026611328125, -462.5137023925781, -17.0158748626709, -39.4591178894043, -80.51282501220703, -160.43016052246094, -43.72592544555664, -169.356689453125, -178.60293579101562, -43.70253372192383, -152.77456665039062, -217.015869140625, -281.04791259765625, -127.63483428955078, -181.67251586914062, -230.5898895263672, -260.5987243652344, -39.66666793823242, -208.06040954589844, -97.33547973632812, -309.1190490722656, -157.26026916503906, -130.77272033691406, -241.0598907470703, -356.3536376953125, -120.11428833007812, -753.546630859375, -243.5426788330078, -74.13605499267578, -71.43225860595703, -220.0454559326172, -67.03225708007812, -107.71794891357422, -332.4770202636719, -317.5505676269531, -400.6145935058594, -180.66416931152344, -349.4171142578125, -227.49765014648438, -127.00609588623047, -84.07142639160156, -93.7897720336914, -148.44927978515625, -376.6580505371094, -37.95121765136719, -109.08938598632812, -77.23626708984375, -366.5123596191406, -33.536582946777344, -589.423095703125, -168.1901397705078, -222.91156005859375, -402.23809814453125, -59.22142791748047, -157.32386779785156, -663.8579711914062, -162.7412567138672, -57.67597579956055, -272.55487060546875, -445.34423828125, -134.43373107910156, -232.49069213867188, -225.3000030517578, -147.56082153320312, -312.0457458496094, -95.53939056396484, -89.4936752319336, -167.76087951660156, -268.9140930175781, -62.050724029541016, -37.376712799072266, -60.61016845703125, -134.27951049804688, -268.05657958984375, -242.62091064453125, -83.9000015258789, -94.96470642089844, -257.61651611328125, -254.44586181640625, -142.753173828125, -62.38587188720703, -208.27374267578125, -159.42567443847656, -90.97483825683594, -488.5724792480469, -133.6024932861328, -265.11932373046875, -91.69117736816406, -126.49090576171875, -36.49693298339844, -46.1705436706543, -147.7785186767578, -159.1727752685547, -61.795772552490234, -81.42753601074219, -33.1629638671875]}, "acc_test": 0.6666666666666666, "precision_test": 0.7333333333333333, "recall_test": 0.6470588235294118, "f1_test": 0.6875, "auc_test": 0.7313348416289592}
{"name": "log_rank_threshold", "predictions": {"test": [-1.3566967248916626, -2.0621864795684814, -1.7337061166763306, -2.1172306537628174, -2.1435046195983887, -1.4064280986785889, -1.6435478925704956, -2.2551426887512207, -2.186129570007324, -1.6602680683135986, -1.7705062627792358, -2.358292579650879, -1.685349702835083, -2.0169270038604736, -1.6615945100784302, -1.7564570903778076, -1.3752175569534302, -1.359950065612793, -1.169421911239624, -1.6353528499603271, -2.1318323612213135, -1.9016934633255005, -1.462693691253662, -2.250098943710327, -2.0253937244415283, -2.1805126667022705, -1.1920452117919922, -1.132987380027771, -1.5825448036193848, -2.2886440753936768, -1.3800896406173706, -1.7340331077575684, -1.8725117444992065, -1.3553886413574219, -1.700439453125, -2.1597657203674316, -2.132718801498413, -1.726296067237854, -2.1297366619110107, -2.027569532394409, -2.090247869491577, -1.5920696258544922, -2.0301003456115723, -1.5571589469909668, -1.7925723791122437, -1.6390666961669922, -1.535827398300171, -2.053913116455078, -1.6964300870895386, -1.816757082939148, -2.620326042175293, -2.027073383331299, -1.5957176685333252, -1.5030066967010498, -1.4023945331573486, -1.665740966796875, -1.7708395719528198, -2.202885866165161, -2.5655202865600586, -2.157388210296631, -1.8306787014007568, -2.4259605407714844, -1.8093308210372925, -1.6749334335327148, -1.5107784271240234, -1.6106237173080444, -1.137257695198059, -2.2572169303894043, -1.4618878364562988, -2.097116470336914, -1.6995742321014404, -2.1014058589935303, -1.2344316244125366, -1.4992146492004395, -1.7774159908294678, -1.8158345222473145, -2.0992112159729004, -1.5309420824050903, -1.400146484375, -2.281623125076294, -1.7179473638534546, -1.2727526426315308, -2.288986921310425, -2.4273831844329834, -1.633152961730957, -2.0020861625671387, -2.4572060108184814, -1.7917579412460327, -2.3329415321350098, -1.4586308002471924, -1.809234619140625, -1.4486064910888672, -2.083876371383667, -1.5216152667999268, -1.5427948236465454, -1.7332836389541626, -1.7067689895629883, -1.9726663827896118, -2.0827155113220215, -2.1244494915008545, -1.6404814720153809, -1.8558770418167114, -1.4103633165359497, -1.8027857542037964, -1.55376136302948, -1.8983784914016724, -1.983263611793518, -1.787933111190796, -2.0442874431610107, -1.7828867435455322, -2.1275479793548584, -1.587922215461731, -1.585797667503357, -1.3478084802627563, -1.4764808416366577, -1.9946736097335815, -1.9013102054595947, -1.476950764656067, -1.9210981130599976, -1.4408289194107056]}, "acc_test": 0.5416666666666666, "precision_test": 0.6511627906976745, "recall_test": 0.4117647058823529, "f1_test": 0.5045045045045045, "auc_test": 0.6634615384615385}
{"name": "entropy_threshold", "predictions": {"test": [2.822084903717041, 3.8161511421203613, 3.3772542476654053, 4.101503372192383, 3.6185171604156494, 3.30265212059021, 3.35093092918396, 3.85227108001709, 4.077671527862549, 3.242182970046997, 3.431004524230957, 4.180115699768066, 3.4029126167297363, 3.497032642364502, 3.946267604827881, 3.4731929302215576, 3.077242136001587, 2.0797274112701416, 3.013673782348633, 3.1119253635406494, 3.8480777740478516, 3.6310813426971436, 3.1708760261535645, 3.755460023880005, 3.7222788333892822, 3.853274345397949, 3.111360788345337, 3.0667073726654053, 2.836313247680664, 3.999070405960083, 3.4818427562713623, 3.461763381958008, 3.6273324489593506, 2.6568713188171387, 3.626797914505005, 4.156911849975586, 3.911165475845337, 3.2724180221557617, 3.9464471340179443, 3.400240182876587, 3.8099660873413086, 3.210798740386963, 4.138619422912598, 3.3875226974487305, 3.5750014781951904, 3.1440138816833496, 3.084092140197754, 4.173164367675781, 3.3372302055358887, 3.2379674911499023, 4.270984172821045, 3.691171169281006, 3.1368935108184814, 3.2560622692108154, 2.9019904136657715, 3.3256967067718506, 3.184560537338257, 3.694810152053833, 4.252992153167725, 4.2100396156311035, 3.389188051223755, 4.232248783111572, 3.447226047515869, 3.5271694660186768, 3.3963258266448975, 3.171090602874756, 2.7599544525146484, 3.5730819702148438, 3.4557688236236572, 3.705443859100342, 3.3612678050994873, 3.7364697456359863, 2.9279139041900635, 2.5864062309265137, 3.67704176902771, 3.526618719100952, 4.078829288482666, 3.6967661380767822, 3.3206851482391357, 3.90620493888855, 3.5825164318084717, 2.8299078941345215, 4.087619304656982, 4.307387828826904, 3.3347182273864746, 3.9421005249023438, 4.117105007171631, 3.5578505992889404, 4.392469882965088, 3.3236711025238037, 3.3908421993255615, 3.2134454250335693, 3.8075103759765625, 3.2250869274139404, 2.8678009510040283, 3.1980957984924316, 3.354616641998291, 3.7598085403442383, 3.388990640640259, 3.8774688243865967, 3.3182661533355713, 3.49101185798645, 3.178894281387329, 3.3951926231384277, 3.109375476837158, 3.545201301574707, 3.709629535675049, 3.787692070007324, 3.652052164077759, 3.678856611251831, 4.029226303100586, 3.435030221939087, 3.421308994293213, 3.2525746822357178, 3.355694532394409, 3.8709099292755127, 3.6181774139404297, 3.033587694168091, 3.747166395187378, 3.3387861251831055]}, "acc_test": 0.65, "precision_test": 0.703125, "recall_test": 0.6617647058823529, "f1_test": 0.6818181818181819, "auc_test": 0.7299208144796381}
{"name": "rank_GLTR_threshold", "predictions": {"test": [[0.7636363636363637, 0.15757575757575756, 0.06060606060606061, 0.01818181818181818], [0.6424581005586593, 0.18435754189944134, 0.12849162011173185, 0.0446927374301676], [0.7252747252747253, 0.14285714285714285, 0.0989010989010989, 0.03296703296703297], [0.6533333333333333, 0.19333333333333333, 0.08666666666666667, 0.06666666666666667], [0.6416184971098265, 0.1676300578034682, 0.14450867052023122, 0.046242774566473986], [0.7560975609756098, 0.15853658536585366, 0.06707317073170732, 0.018292682926829267], [0.7096774193548387, 0.2, 0.07741935483870968, 0.012903225806451613], [0.6103896103896104, 0.19480519480519481, 0.15584415584415584, 0.03896103896103896], [0.6242038216560509, 0.17834394904458598, 0.10828025477707007, 0.08917197452229299], [0.7375, 0.1625, 0.0625, 0.0375], [0.7243589743589743, 0.17307692307692307, 0.0641025641025641, 0.038461538461538464], [0.5921787709497207, 0.20670391061452514, 0.11173184357541899, 0.0893854748603352], [0.718562874251497, 0.15568862275449102, 0.10778443113772455, 0.017964071856287425], [0.64, 0.21714285714285714, 0.09142857142857143, 0.05142857142857143], [0.7222222222222222, 0.14814814814814814, 0.08641975308641975, 0.043209876543209874], [0.6637931034482759, 0.2672413793103448, 0.02586206896551724, 0.04310344827586207], [0.7919463087248322, 0.12080536912751678, 0.08053691275167785, 0.006711409395973154], [0.7888198757763976, 0.055900621118012424, 0.08074534161490683, 0.07453416149068323], [0.7974683544303798, 0.14556962025316456, 0.04430379746835443, 0.012658227848101266], [0.7248677248677249, 0.15343915343915343, 0.06349206349206349, 0.0582010582010582], [0.688, 0.128, 0.112, 0.072], [0.6845637583892618, 0.19463087248322147, 0.0738255033557047, 0.04697986577181208], [0.7378048780487805, 0.1951219512195122, 0.036585365853658534, 0.03048780487804878], [0.6094674556213018, 0.1952662721893491, 0.1301775147928994, 0.0650887573964497], [0.6291390728476821, 0.2185430463576159, 0.10596026490066225, 0.046357615894039736], [0.5958904109589042, 0.22602739726027396, 0.0958904109589041, 0.0821917808219178], [0.8095238095238095, 0.15079365079365079, 0.03968253968253968, 0.0], [0.8176100628930818, 0.14465408805031446, 0.025157232704402517, 0.012578616352201259], [0.717948717948718, 0.1987179487179487, 0.0641025641025641, 0.019230769230769232], [0.5642458100558659, 0.2737430167597765, 0.11173184357541899, 0.05027932960893855], [0.762962962962963, 0.14074074074074075, 0.08888888888888889, 0.007407407407407408], [0.7261146496815286, 0.1337579617834395, 0.10828025477707007, 0.03184713375796178], [0.6838235294117647, 0.19117647058823528, 0.08823529411764706, 0.03676470588235294], [0.7721518987341772, 0.14556962025316456, 0.08227848101265822, 0.0], [0.7283236994219653, 0.16184971098265896, 0.06358381502890173, 0.046242774566473986], [0.6031746031746031, 0.2328042328042328, 0.12169312169312169, 0.042328042328042326], [0.6706586826347305, 0.1497005988023952, 0.10778443113772455, 0.0718562874251497], [0.6910112359550562, 0.16853932584269662, 0.10674157303370786, 0.033707865168539325], [0.631578947368421, 0.1871345029239766, 0.13450292397660818, 0.04678362573099415], [0.6460674157303371, 0.19662921348314608, 0.11235955056179775, 0.0449438202247191], [0.6815286624203821, 0.16560509554140126, 0.08280254777070063, 0.07006369426751592], [0.6929824561403509, 0.19298245614035087, 0.11403508771929824, 0.0], [0.6040268456375839, 0.26174496644295303, 0.08053691275167785, 0.053691275167785234], [0.7096774193548387, 0.18064516129032257, 0.08387096774193549, 0.025806451612903226], [0.7321428571428571, 0.13095238095238096, 0.08928571428571429, 0.047619047619047616], [0.7031963470319634, 0.1780821917808219, 0.0821917808219178, 0.0365296803652968], [0.7337662337662337, 0.18831168831168832, 0.05194805194805195, 0.025974025974025976], [0.6467065868263473, 0.19760479041916168, 0.10778443113772455, 0.04790419161676647], [0.7195121951219512, 0.17073170731707318, 0.07317073170731707, 0.036585365853658534], [0.6785714285714286, 0.2, 0.07857142857142857, 0.04285714285714286], [0.5508474576271186, 0.1906779661016949, 0.15677966101694915, 0.1016949152542373], [0.676829268292683, 0.18902439024390244, 0.07926829268292683, 0.054878048780487805], [0.7006802721088435, 0.2108843537414966, 0.08163265306122448, 0.006802721088435374], [0.7161290322580646, 0.2, 0.07741935483870968, 0.0064516129032258064], [0.7727272727272727, 0.13636363636363635, 0.07792207792207792, 0.012987012987012988], [0.717741935483871, 0.18548387096774194, 0.08064516129032258, 0.016129032258064516], [0.6987179487179487, 0.15384615384615385, 0.10897435897435898, 0.038461538461538464], [0.5977011494252874, 0.21839080459770116, 0.11494252873563218, 0.06896551724137931], [0.5168539325842697, 0.25280898876404495, 0.16292134831460675, 0.06741573033707865], [0.6302083333333334, 0.19270833333333334, 0.09895833333333333, 0.078125], [0.664179104477612, 0.208955223880597, 0.08955223880597014, 0.03731343283582089], [0.5775401069518716, 0.2192513368983957, 0.13368983957219252, 0.06951871657754011], [0.676056338028169, 0.2112676056338028, 0.0892018779342723, 0.023474178403755867], [0.7195121951219512, 0.15853658536585366, 0.0975609756097561, 0.024390243902439025], [0.7272727272727273, 0.17532467532467533, 0.08441558441558442, 0.012987012987012988], [0.7159090909090909, 0.18181818181818182, 0.07954545454545454, 0.022727272727272728], [0.8260869565217391, 0.12318840579710146, 0.043478260869565216, 0.007246376811594203], [0.6064516129032258, 0.22580645161290322, 0.11612903225806452, 0.05161290322580645], [0.7398373983739838, 0.18699186991869918, 0.06504065040650407, 0.008130081300813009], [0.6033519553072626, 0.2737430167597765, 0.0893854748603352, 0.0335195530726257], [0.7307692307692307, 0.13186813186813187, 0.10989010989010989, 0.027472527472527472], [0.6851851851851852, 0.12345679012345678, 0.12345679012345678, 0.06790123456790123], [0.8170731707317073, 0.10975609756097561, 0.07317073170731707, 0.0], [0.7637362637362637, 0.09340659340659341, 0.06593406593406594, 0.07692307692307693], [0.6901408450704225, 0.20422535211267606, 0.08450704225352113, 0.02112676056338028], [0.7006802721088435, 0.1836734693877551, 0.08843537414965986, 0.027210884353741496], [0.6428571428571429, 0.20238095238095238, 0.13095238095238096, 0.023809523809523808], [0.7428571428571429, 0.21428571428571427, 0.02857142857142857, 0.014285714285714285], [0.7613636363636364, 0.14204545454545456, 0.07954545454545454, 0.017045454545454544], [0.6306818181818182, 0.1590909090909091, 0.13636363636363635, 0.07386363636363637], [0.7062937062937062, 0.17482517482517482, 0.09090909090909091, 0.027972027972027972], [0.776536312849162, 0.16759776536312848, 0.0446927374301676, 0.0111731843575419], [0.6097560975609756, 0.18292682926829268, 0.12804878048780488, 0.07926829268292683], [0.5956284153005464, 0.18579234972677597, 0.12568306010928962, 0.09289617486338798], [0.7349397590361446, 0.16265060240963855, 0.08433734939759036, 0.018072289156626505], [0.6708074534161491, 0.19254658385093168, 0.08074534161490683, 0.055900621118012424], [0.56, 0.20666666666666667, 0.17333333333333334, 0.06], [0.6891891891891891, 0.20945945945945946, 0.06756756756756757, 0.033783783783783786], [0.6209150326797386, 0.16993464052287582, 0.1503267973856209, 0.058823529411764705], [0.7333333333333333, 0.18787878787878787, 0.05454545454545454, 0.024242424242424242], [0.6835443037974683, 0.20253164556962025, 0.08860759493670886, 0.02531645569620253], [0.782608695652174, 0.13768115942028986, 0.057971014492753624, 0.021739130434782608], [0.6257668711656442, 0.2147239263803681, 0.10429447852760736, 0.05521472392638037], [0.782608695652174, 0.13768115942028986, 0.06521739130434782, 0.014492753623188406], [0.7123287671232876, 0.21232876712328766, 0.0684931506849315, 0.00684931506849315], [0.711864406779661, 0.17796610169491525, 0.1016949152542373, 0.00847457627118644], [0.7018633540372671, 0.18633540372670807, 0.07453416149068323, 0.037267080745341616], [0.6477987421383647, 0.23270440251572327, 0.07547169811320754, 0.0440251572327044], [0.6666666666666666, 0.1568627450980392, 0.13725490196078433, 0.0392156862745098], [0.63125, 0.20625, 0.14375, 0.01875], [0.7352941176470589, 0.18823529411764706, 0.058823529411764705, 0.01764705882352941], [0.6796116504854369, 0.1650485436893204, 0.10679611650485436, 0.04854368932038835], [0.7770700636942676, 0.1337579617834395, 0.07643312101910828, 0.012738853503184714], [0.7151898734177216, 0.13291139240506328, 0.12658227848101267, 0.02531645569620253], [0.7065217391304348, 0.17391304347826086, 0.10869565217391304, 0.010869565217391304], [0.6703910614525139, 0.18994413407821228, 0.0893854748603352, 0.05027932960893855], [0.6621621621621622, 0.1554054054054054, 0.12837837837837837, 0.05405405405405406], [0.6729559748427673, 0.22012578616352202, 0.08176100628930817, 0.025157232704402517], [0.6594202898550725, 0.21014492753623187, 0.07246376811594203, 0.057971014492753624], [0.6645962732919255, 0.21739130434782608, 0.09316770186335403, 0.024844720496894408], [0.625, 0.23863636363636365, 0.08522727272727272, 0.05113636363636364], [0.7205882352941176, 0.19852941176470587, 0.04411764705882353, 0.03676470588235294], [0.7515151515151515, 0.13333333333333333, 0.07878787878787878, 0.03636363636363636], [0.754601226993865, 0.20245398773006135, 0.03680981595092025, 0.006134969325153374], [0.751937984496124, 0.17054263565891473, 0.06201550387596899, 0.015503875968992248], [0.6644295302013423, 0.2080536912751678, 0.09395973154362416, 0.03355704697986577], [0.680628272251309, 0.18324607329842932, 0.09424083769633508, 0.041884816753926704], [0.7323943661971831, 0.15492957746478872, 0.09859154929577464, 0.014084507042253521], [0.6376811594202898, 0.2536231884057971, 0.09420289855072464, 0.014492753623188406], [0.7481481481481481, 0.17037037037037037, 0.08148148148148149, 0.0]]}, "acc_test": 0.5083333333333333, "precision_test": 0.6097560975609756, "recall_test": 0.36764705882352944, "f1_test": 0.45871559633027525, "auc_test": 0.6346153846153847}
{"name": "perturbation_10_z", "predictions": {"test": [0.9366344497149921, 0.2848025560480398, -0.9412412092764535, -0.23874183372114013, 0.3072780955632765, 0.6294369539007987, 0.2578032139301479, 0.2171005388423739, -1.3931556110701102, 0.037554133266294004, -0.47324892887656345, 0.18360479417891307, 0.8803601785413485, -1.0585584718273804, 0.6583097542552045, 1.1229488282716342, 1.585568355067983, -0.794967040260056, 0.9819586847987081, 1.3136729891115415, -0.5161042936726935, 0.18021877657614388, 1.1825392742394414, -0.27846668270663794, 0.11457370694001257, -0.618825849818335, 0.48948638985749604, 1.3010563547600076, 0.25440414995912586, -1.7631792955282086, 0.4474165182350874, -0.6210231541924427, 0.13669496417611288, 0.9674077542005547, 0.10219299550246692, 0.17272759847355343, 0.10642585896549205, 0.34713025559310523, -0.39512368789930946, 0.2704065731897302, -0.09265793284629163, 0.8946651884943854, 0.39398315907206544, 0.2880666472961636, 0.7420331226209864, 0.948705158297727, 0.4440355202598027, 1.2513379319310693, 0.24769945605273155, 0.42288665612195603, 0.06200366517429155, -0.5099800543959154, 0.7569038035084954, 0.9399614026508177, 0.34993245850767163, 1.5428034558139743, 0.7810694404083653, 0.2043969417022919, -0.2798548159805703, 0.5435154849957406, 0.7787812332019393, -0.04075885405355452, 0.9641333409456573, 0.23936988875362403, -0.625674071070758, 0.24811062093783837, 0.9437421273986838, -1.031406552577475, 0.7026188978071305, -0.9581324930095009, 0.4476830055588214, 0.7678575569416443, 0.6338182740662984, -1.8474480436366858, 0.27064426585760126, 0.45769924444042726, 1.2716177706536196, 0.9045634864149582, 0.28998899928975125, -0.5359783796071985, 0.5992801938890843, 1.0264618599448578, 0.17899616924368447, 0.22973978790592237, -0.38232407861270445, 0.0648964039735414, -0.8949617455339895, 0.30104613736207403, -0.5177885220302895, -0.23655807635454082, 0.06905837042486127, 0.08553703380980647, 0.44447541389134965, 1.2180792106316627, 0.25615344801296697, 0.39016810355524134, 0.4204636416396882, -0.11319402442749879, 0.5099799293432588, 1.1014576810751584, 0.3637378706757924, 0.5938234717780261, -0.31425474609883625, -0.23446935420576187, 0.5801859238302273, 0.48541879215197453, 0.11825442283631638, 0.016353872321542614, -1.2163721141740318, 0.4045678604531106, 0.11160325678646629, 0.20578930732857448, 0.013620742390589325, 0.39577560524763045, 0.971582709480348, 0.1680586158787519, 0.07017271630440587, 1.4564815509852036, 0.46712188414944855, 0.43917312219033217]}, "info": {"pct_words_masked": 0.3, "span_length": 2, "n_perturbations": 10}, "general": {"acc_test": 0.6083333333333333, "precision_test": 0.6981132075471698, "recall_test": 0.5441176470588235, "f1_test": 0.6115702479338843, "auc_test": 0.6278280542986425}}
{"name": "GPT-sentinel", "acc": 0.775}
{"name": "roberta-base-openai-detector", "predictions": {"test": [0.7316865921020508, 0.1352260857820511, 0.0001767855865182355, 0.0001718888815958053, 0.00016814148693811148, 0.0007248105248436332, 0.6032084226608276, 0.005238086450845003, 0.00017041977844201028, 0.000177097535924986, 0.0012105504283681512, 0.0020122958812862635, 0.00024980134912766516, 0.00046371418284252286, 0.001285659265704453, 0.035161085426807404, 0.0001730862131807953, 0.9974721074104309, 0.640250563621521, 0.00017396877228748053, 0.012333685532212257, 0.00017260284221265465, 0.0004839498142246157, 0.00028565869433805346, 0.001346408505924046, 0.00026786408852785826, 0.9994188547134399, 0.9995546936988831, 0.00026856581098400056, 0.032806623727083206, 0.9961084723472595, 0.0005339074996300042, 0.00016974593745544553, 0.0002538791159167886, 0.00018051978258881718, 0.0008115604287013412, 0.0357770211994648, 0.0001680708082858473, 0.00022840016754344106, 0.00016851355030667037, 0.0018308147555217147, 0.0001890502026071772, 0.0005269520333968103, 0.00017626211047172546, 0.00017054268391802907, 0.00023358152247965336, 0.0001696913968771696, 0.0009025674662552774, 0.00024299572396557778, 0.00016822201723698527, 0.0002827785210683942, 0.00017217856657225639, 0.0187555979937315, 0.0004397599259391427, 0.045612774789333344, 0.006451005581766367, 0.0005232251132838428, 0.13063162565231323, 0.0039002278354018927, 0.00020904585835523903, 0.00019031984265893698, 0.00047853850992396474, 0.00033685757080093026, 0.00018483794701751322, 0.002688715700060129, 0.00019822089234367013, 0.02135397307574749, 0.023729726672172546, 0.17807945609092712, 0.00016923589282669127, 0.00016856336151249707, 0.7716831564903259, 0.00017027473950292915, 0.998920202255249, 0.0001969655422726646, 0.9315676093101501, 0.00022260539117269218, 0.0014082720736041665, 0.11015339195728302, 0.0002145043108612299, 0.00017772021237760782, 0.00020471701282076538, 0.0001681660214671865, 0.0002931427152361721, 0.0026961660478264093, 0.06506997346878052, 0.0002746421087067574, 0.002227288205176592, 0.00028029916575178504, 0.0017194737447425723, 0.00017643364844843745, 0.0006019151187501848, 0.007049310952425003, 0.3960545063018799, 0.00027904220041818917, 0.00027698269695974886, 0.004057235084474087, 0.0001704718015389517, 0.0022318263072520494, 0.0007740009459666908, 0.00018256128532812, 0.0014359457418322563, 0.0007172587211243808, 0.00017922934785019606, 0.00016779698489699513, 0.0008201012969948351, 0.0001748435024637729, 0.0001915928878588602, 0.00017463407129980624, 0.03285294026136398, 0.00019914741278626025, 0.005158311687409878, 0.17016436159610748, 0.0003516323340591043, 0.006590707693248987, 0.00022227050794754177, 0.007275909185409546, 0.007767736446112394, 0.00019748701015487313, 0.8956511616706848]}, "logits": {"test": [0.4412069022655487, -1.0049638748168945, -4.683246612548828, -4.703149795532227, -4.7123847007751465, -3.900494337081909, 0.15272575616836548, -2.8039026260375977, -4.7114949226379395, -4.687572002410889, -3.59397554397583, -3.3195860385894775, -4.493959426879883, -4.141548156738281, -3.5890989303588867, -1.777037501335144, -4.7022857666015625, 3.1408462524414062, 0.2297150045633316, -4.6957807540893555, -2.3485703468322754, -4.701563835144043, -4.1210174560546875, -4.402257442474365, -3.552638292312622, -4.438109397888184, 3.9972572326660156, 4.135401248931885, -4.453064918518066, -1.8018198013305664, 2.8855834007263184, -4.062135219573975, -4.712419509887695, -4.477576732635498, -4.674033164978027, -3.8292133808135986, -1.7650222778320312, -4.715827465057373, -4.5373921394348145, -4.71090030670166, -3.3842504024505615, -4.655882835388184, -4.065081596374512, -4.687906265258789, -4.71060848236084, -4.527698040008545, -4.709105491638184, -3.759460926055908, -4.506970405578613, -4.717983722686768, -4.419027328491211, -4.703658103942871, -2.12028169631958, -4.182377815246582, -1.648403525352478, -2.706202983856201, -4.079647541046143, -1.0393402576446533, -2.9630126953125, -4.590072154998779, -4.64356803894043, -4.114232063293457, -4.316952705383301, -4.6623854637146, -3.186537981033325, -4.617313861846924, -2.0527307987213135, -1.9919344186782837, -0.8563292026519775, -4.711575984954834, -4.714105129241943, 0.5699189901351929, -4.712894439697266, 3.6230287551879883, -4.625263690948486, 1.2804899215698242, -4.548730373382568, -3.5410423278808594, -1.1376153230667114, -4.5754194259643555, -4.687661170959473, -4.607115268707275, -4.716272830963135, -4.3862128257751465, -3.18264102935791, -1.4391809701919556, -4.4355902671813965, -3.2914905548095703, -4.421962261199951, -3.424276351928711, -4.68917989730835, -4.008166313171387, -2.6390626430511475, -0.27711355686187744, -4.425541877746582, -4.4386725425720215, -2.937030792236328, -4.700935363769531, -3.273231029510498, -3.8558237552642822, -4.670619010925293, -3.513606309890747, -3.908032178878784, -4.68139123916626, -4.718014717102051, -3.824275016784668, -4.691277027130127, -4.630675315856934, -4.684596538543701, -1.797594666481018, -4.618623733520508, -2.8304643630981445, -0.8630478382110596, -4.304998874664307, -2.6999824047088623, -4.550723075866699, -2.635472536087036, -2.6171393394470215, -4.624663352966309, 1.0417035818099976]}, "acc_test": 0.49166666666666664, "precision_test": 0.8181818181818182, "recall_test": 0.1323529411764706, "f1_test": 0.22784810126582278, "auc_test": 0.5342194570135747, "preds": [0.7316865921020508, 0.1352260857820511, 0.000177097535924986, 0.0012105504283681512, 0.00024980134912766516, 0.035161085426807404, 0.0001730862131807953, 0.9974721074104309, 0.640250563621521, 0.00017396877228748053, 0.012333685532212257, 0.00017260284221265465, 0.00028565869433805346, 0.001346408505924046, 0.9994188547134399, 0.9995546936988831, 0.00026856581098400056, 0.9961084723472595, 0.00016974593745544553, 0.0002538791159167886, 0.0001680708082858473, 0.00016851355030667037, 0.0018308147555217147, 0.0001890502026071772, 0.00023358152247965336, 0.0001696913968771696, 0.00024299572396557778, 0.00016822201723698527, 0.0187555979937315, 0.045612774789333344, 0.006451005581766367, 0.0005232251132838428, 0.13063162565231323, 0.00019031984265893698, 0.00019822089234367013, 0.023729726672172546, 0.17807945609092712, 0.00016923589282669127, 0.00016856336151249707, 0.7716831564903259, 0.00017027473950292915, 0.9315676093101501, 0.0014082720736041665, 0.00017772021237760782, 0.00020471701282076538, 0.0026961660478264093, 0.0002746421087067574, 0.0017194737447425723, 0.00017643364844843745, 0.00027904220041818917, 0.00027698269695974886, 0.004057235084474087, 0.0022318263072520494, 0.0014359457418322563, 0.00017922934785019606, 0.0008201012969948351, 0.0001748435024637729, 0.0001915928878588602, 0.00017463407129980624, 0.03285294026136398, 0.005158311687409878, 0.0003516323340591043, 0.006590707693248987, 0.00022227050794754177, 0.007275909185409546, 0.007767736446112394, 0.00019748701015487313, 0.8956511616706848]}
{"name": "Hello-SimpleAI/chatgpt-detector-roberta", "predictions": {"test": [0.9986183643341064, 0.0010270541533827782, 0.021993324160575867, 0.2395825982093811, 0.007208201102912426, 0.05645149573683739, 0.0019801349844783545, 0.0003942338516935706, 0.0003354607615619898, 0.9933090209960938, 0.01464900653809309, 0.00046352631761692464, 0.0032239798456430435, 0.0011175982654094696, 0.2961009442806244, 0.0522015243768692, 0.99600750207901, 0.9082425236701965, 0.8259980082511902, 0.009727906435728073, 0.03165803849697113, 0.151704341173172, 0.968285322189331, 0.019805561751127243, 0.03931712731719017, 0.0005094681400805712, 0.9991225600242615, 0.14774896204471588, 0.10652092844247818, 0.00029576587257906795, 0.9619406461715698, 0.0011864021653309464, 0.006652516312897205, 0.9801658391952515, 0.06379321217536926, 0.0007950974977575243, 0.1137772798538208, 0.0236124936491251, 0.00038015429163351655, 0.002095877891406417, 0.0003942222101613879, 0.0005505622830241919, 0.0006462131859734654, 0.006634535267949104, 0.0003310573229100555, 0.07657032459974289, 0.021160732954740524, 0.00028792431112378836, 0.000999835436232388, 0.02607148326933384, 0.00036344019463285804, 0.00040937215089797974, 0.21062390506267548, 0.9841984510421753, 0.9978621602058411, 0.007715276442468166, 0.03157147392630577, 0.0073550427332520485, 0.000297663442324847, 0.0005905330763198435, 0.10868789255619049, 0.0013102215016260743, 0.01652657985687256, 0.04525655508041382, 0.9930712580680847, 0.0005472067277878523, 0.0010770880617201328, 0.29179370403289795, 0.9849766492843628, 0.005763086955994368, 0.0012575315777212381, 0.0003941421746276319, 0.9957399368286133, 0.006279660854488611, 0.002468280028551817, 0.1398235708475113, 0.00027888023760169744, 0.2048616260290146, 0.06694263219833374, 0.030432553961873055, 0.0009868371998891234, 0.03252926096320152, 0.00044428781257010996, 0.0003204198437742889, 0.0399412177503109, 0.1388479620218277, 0.017175011336803436, 0.04842656850814819, 0.00033807431464083493, 0.08851408958435059, 0.02467450499534607, 0.2961519956588745, 0.0010523770470172167, 0.29011255502700806, 0.9990322589874268, 0.013360352255403996, 0.048175960779190063, 0.0005411435849964619, 0.0033959022257477045, 0.0003773467615246773, 0.02071872353553772, 0.007618379313498735, 0.05228765681385994, 0.18099558353424072, 0.055932916700839996, 0.008029422722756863, 0.005687039345502853, 0.005258228164166212, 0.03527170419692993, 0.011734914034605026, 0.0014153671218082309, 0.9430291056632996, 0.10418201982975006, 0.9554106593132019, 0.1279865950345993, 0.006189006380736828, 0.005341097246855497, 0.006935175508260727, 0.0013306792825460434, 0.04877360165119171]}, "logits": {"test": [2.9218032360076904, -3.1854357719421387, -1.8889689445495605, -0.7051045894622803, -2.380847215652466, -1.4557760953903198, -2.924082040786743, -3.5385782718658447, -3.592193365097046, 2.280879020690918, -2.070403814315796, -3.4825642108917236, -2.7230474948883057, -3.152482748031616, -0.5712088942527771, -1.4926074743270874, 2.496042013168335, 1.1230987310409546, 0.8029412031173706, -2.250561475753784, -1.7239283323287964, -0.9650752544403076, 1.6095895767211914, -1.936002254486084, -1.6244852542877197, -3.4489238262176514, 3.087916135787964, -0.9791504144668579, -1.1477707624435425, -3.631918430328369, 1.5283452272415161, -3.129056215286255, -2.415476083755493, 1.8158353567123413, -1.3978480100631714, -3.2838661670684814, -1.114532232284546, -1.856972336769104, -3.550861358642578, -2.9009339809417725, -3.5385901927948, -3.4208579063415527, -3.3618690967559814, -2.416639804840088, -3.596468925476074, -1.3102580308914185, -1.9063202142715454, -3.63999080657959, -3.1958656311035156, -1.812214970588684, -3.5658836364746094, -3.525731086730957, -0.7823810577392578, 1.9144551753997803, 2.750141143798828, -2.3514397144317627, -1.7251940965652466, -2.372124433517456, -3.6299655437469482, -3.395209550857544, -1.1376457214355469, -3.0898921489715576, -2.016829490661621, -1.5593063831329346, 2.26619291305542, -3.423085927963257, -3.166914701461792, -0.5806925892829895, 1.9362757205963135, -2.4771506786346436, -3.10611891746521, -3.5386557579040527, 2.4692413806915283, -2.440322160720825, -2.8338677883148193, -1.008270502090454, -3.649291753768921, -0.7979856729507446, -1.374862551689148, -1.7419394254684448, -3.200944662094116, -1.7115349769592285, -3.497431516647339, -3.6069445610046387, -1.61720609664917, -1.0119497776031494, -1.999691367149353, -1.5277470350265503, -3.5896763801574707, -1.2396466732025146, -1.8371155261993408, -0.5711274147033691, -3.1759650707244873, -0.5846738815307617, 3.0542798042297363, -2.1111481189727783, -1.530165195465088, -3.4271321296691895, -2.7013158798217773, -3.553354501724243, -1.915807843208313, -2.3569040298461914, -1.491845726966858, -0.8687316179275513, -1.4601287841796875, -2.3341257572174072, -2.482846975326538, -2.5163731575012207, -1.674454927444458, -2.1683311462402344, -3.059243679046631, 1.3457382917404175, -1.1532062292099, 1.4571826457977295, -1.0543365478515625, -2.4465551376342773, -2.5096986293792725, -2.3975324630737305, -3.0837621688842773, -1.5244029760360718]}, "acc_test": 0.525, "precision_test": 0.8235294117647058, "recall_test": 0.20588235294117646, "f1_test": 0.32941176470588235, "auc_test": 0.6945701357466063, "preds": [0.9986183643341064, 0.0010270541533827782, 0.9933090209960938, 0.01464900653809309, 0.0032239798456430435, 0.0522015243768692, 0.99600750207901, 0.9082425236701965, 0.8259980082511902, 0.009727906435728073, 0.03165803849697113, 0.151704341173172, 0.019805561751127243, 0.03931712731719017, 0.9991225600242615, 0.14774896204471588, 0.10652092844247818, 0.9619406461715698, 0.006652516312897205, 0.9801658391952515, 0.0236124936491251, 0.002095877891406417, 0.0003942222101613879, 0.0005505622830241919, 0.07657032459974289, 0.021160732954740524, 0.000999835436232388, 0.02607148326933384, 0.21062390506267548, 0.9978621602058411, 0.007715276442468166, 0.03157147392630577, 0.0073550427332520485, 0.10868789255619049, 0.0005472067277878523, 0.29179370403289795, 0.9849766492843628, 0.005763086955994368, 0.0012575315777212381, 0.0003941421746276319, 0.9957399368286133, 0.1398235708475113, 0.2048616260290146, 0.0009868371998891234, 0.03252926096320152, 0.0399412177503109, 0.017175011336803436, 0.08851408958435059, 0.02467450499534607, 0.9990322589874268, 0.013360352255403996, 0.048175960779190063, 0.0033959022257477045, 0.007618379313498735, 0.18099558353424072, 0.008029422722756863, 0.005687039345502853, 0.005258228164166212, 0.03527170419692993, 0.011734914034605026, 0.9430291056632996, 0.9554106593132019, 0.1279865950345993, 0.006189006380736828, 0.005341097246855497, 0.006935175508260727, 0.0013306792825460434, 0.04877360165119171]}
