{"name": "likelihood_threshold", "predictions": {"test": [-2.8934786319732666, -3.816032886505127, -3.317063331604004, -3.8471269607543945, -3.7291524410247803, -2.851383924484253, -3.057276487350464, -3.8047640323638916, -3.928959846496582, -3.0260720252990723, -3.085726737976074, -4.059943199157715, -3.256078004837036, -3.566673755645752, -3.197319507598877, -3.180211067199707, -3.3447937965393066, -3.9077470302581787, -3.152419090270996, -2.707069158554077, -3.9686193466186523, -3.515631675720215, -2.865732192993164, -3.8357322216033936, -3.399864912033081, -3.8061656951904297, -3.032533884048462, -3.085926055908203, -2.8246772289276123, -4.115074634552002, -3.285832405090332, -3.236172676086426, -3.446341037750244, -2.5366837978363037, -3.209721326828003, -3.9547371864318848, -3.7974188327789307, -3.0608294010162354, -3.784775495529175, -3.59032940864563, -3.7634243965148926, -2.676248073577881, -3.759638547897339, -3.0061707496643066, -3.29359769821167, -3.3764286041259766, -2.9758780002593994, -3.7467780113220215, -3.3945603370666504, -3.0074398517608643, -4.317185878753662, -3.72566556930542, -3.1799814701080322, -2.9755966663360596, -3.1924314498901367, -3.435136556625366, -3.3996570110321045, -3.7800538539886475, -4.408134460449219, -3.867565870285034, -2.9122300148010254, -4.207999229431152, -3.3290045261383057, -3.1848037242889404, -3.022451877593994, -2.787532329559326, -2.4685521125793457, -3.9556376934051514, -2.9502196311950684, -3.5191428661346436, -2.9959559440612793, -3.623440980911255, -2.725984573364258, -2.5303955078125, -3.4147229194641113, -3.396998405456543, -3.801077365875244, -3.7359395027160645, -2.7279934883117676, -3.9999914169311523, -3.1121647357940674, -3.152865409851074, -3.961944580078125, -4.260087966918945, -3.3043267726898193, -3.6710853576660156, -4.038061141967773, -3.324493885040283, -4.247433662414551, -2.9049429893493652, -3.007953643798828, -2.92744517326355, -3.797938346862793, -3.064150333404541, -3.111631393432617, -3.1459169387817383, -3.2240614891052246, -3.67740797996521, -3.3029613494873047, -3.86555552482605, -3.1256484985351562, -3.216627836227417, -2.8097174167633057, -3.2883284091949463, -2.890608310699463, -3.4455111026763916, -3.5233423709869385, -3.5580642223358154, -3.2932465076446533, -3.5887327194213867, -3.8537118434906006, -3.1445369720458984, -3.143124580383301, -2.894069194793701, -2.992109775543213, -3.496495485305786, -3.7375590801239014, -3.034019708633423, -3.489112138748169, -3.180506706237793]}, "acc_test": 0.5416666666666666, "precision_test": 0.6511627906976745, "recall_test": 0.4117647058823529, "f1_test": 0.5045045045045045, "auc_test": 0.6425339366515838}
{"name": "rank_threshold", "predictions": {"test": [-93.10752868652344, -194.97850036621094, -251.40110778808594, -388.8266906738281, -279.24853515625, -107.79267883300781, -59.858062744140625, -163.87661743164062, -353.2802734375, -113.35176086425781, -279.0960388183594, -266.6257019042969, -63.81034469604492, -274.2742919921875, -344.90740966796875, -127.5666732788086, -106.45890045166016, -556.3013916015625, -100.12667083740234, -156.54872131347656, -166.03472900390625, -269.8036804199219, -205.20730590820312, -180.96217346191406, -63.71519088745117, -462.5137023925781, -125.43382263183594, -68.63975524902344, -86.17609405517578, -160.43016052246094, -96.51773071289062, -169.356689453125, -161.20834350585938, -60.69780349731445, -152.77456665039062, -217.015869140625, -281.04791259765625, -120.640625, -181.67251586914062, -218.33689880371094, -427.5661315917969, -23.83333396911621, -208.06040954589844, -97.33547973632812, -309.1190490722656, -194.7255859375, -48.981483459472656, -241.0598907470703, -424.71429443359375, -29.855173110961914, -753.546630859375, -243.5426788330078, -71.31543731689453, -71.43225860595703, -115.78395080566406, -147.200927734375, -119.76505279541016, -259.4183654785156, -317.5505676269531, -400.6145935058594, -51.80451202392578, -349.4171142578125, -227.49765014648438, -127.00609588623047, -84.07142639160156, -53.82285690307617, -148.44927978515625, -350.6013488769531, -54.21875, -65.1851806640625, -142.77005004882812, -244.2520294189453, -35.87977981567383, -589.423095703125, -168.1901397705078, -276.5842590332031, -402.23809814453125, -211.54074096679688, -157.32386779785156, -663.8579711914062, -117.09944915771484, -94.79679107666016, -272.55487060546875, -445.34423828125, -131.89285278320312, -232.49069213867188, -336.17340087890625, -147.56082153320312, -312.0457458496094, -57.24551010131836, -53.0, -167.76087951660156, -268.9140930175781, -62.050724029541016, -100.22360229492188, -56.754966735839844, -111.76582336425781, -268.05657958984375, -228.18539428710938, -83.9000015258789, -94.96470642089844, -232.440185546875, -254.44586181640625, -131.5307159423828, -62.38587188720703, -206.60824584960938, -188.67404174804688, -121.0, -247.59890747070312, -337.75823974609375, -265.11932373046875, -78.1642837524414, -126.49090576171875, -71.7403335571289, -35.962406158447266, -159.08570861816406, -231.32778930664062, -82.09580993652344, -172.46896362304688, -71.73880767822266]}, "acc_test": 0.6583333333333333, "precision_test": 0.7288135593220338, "recall_test": 0.6323529411764706, "f1_test": 0.6771653543307087, "auc_test": 0.7236990950226244}
{"name": "log_rank_threshold", "predictions": {"test": [-1.5695704221725464, -2.159343719482422, -1.7337061166763306, -2.1172306537628174, -2.1435046195983887, -1.4064280986785889, -1.6435478925704956, -2.2551426887512207, -2.186129570007324, -1.5904508829116821, -1.6038432121276855, -2.358292579650879, -1.7416406869888306, -2.0169270038604736, -1.6615945100784302, -1.7123881578445435, -1.8685603141784668, -2.3585801124572754, -1.6305208206176758, -1.400041103363037, -2.234914779663086, -1.9016698598861694, -1.462693691253662, -2.217618227005005, -1.8597412109375, -2.1805126667022705, -1.5980768203735352, -1.6140707731246948, -1.4760912656784058, -2.2886440753936768, -1.7265578508377075, -1.7340331077575684, -1.9868556261062622, -1.3223973512649536, -1.700439453125, -2.1597657203674316, -2.132718801498413, -1.7526929378509521, -2.1297366619110107, -1.9995774030685425, -2.0656468868255615, -1.3477802276611328, -2.0301003456115723, -1.5571589469909668, -1.7925723791122437, -1.8546761274337769, -1.503368616104126, -2.053913116455078, -1.8069952726364136, -1.517203688621521, -2.620326042175293, -2.027073383331299, -1.6735771894454956, -1.5030066967010498, -1.6492747068405151, -1.926164984703064, -1.9365215301513672, -2.1841506958007812, -2.5655202865600586, -2.157388210296631, -1.4317578077316284, -2.4259605407714844, -1.8093308210372925, -1.6749334335327148, -1.5107784271240234, -1.3929115533828735, -1.137257695198059, -2.26928448677063, -1.5041933059692383, -1.879378318786621, -1.5616422891616821, -2.0730557441711426, -1.3734488487243652, -1.4992146492004395, -1.7774159908294678, -1.8459030389785767, -2.0992112159729004, -2.052175998687744, -1.400146484375, -2.281623125076294, -1.579415202140808, -1.702779769897461, -2.288986921310425, -2.4273831844329834, -1.7635560035705566, -2.0020861625671387, -2.3220126628875732, -1.7917579412460327, -2.3329415321350098, -1.473152756690979, -1.5008563995361328, -1.4486064910888672, -2.083876371383667, -1.5216152667999268, -1.6426764726638794, -1.7024964094161987, -1.7529984712600708, -1.9726663827896118, -1.8106149435043335, -2.1244494915008545, -1.6404814720153809, -1.7630929946899414, -1.4103633165359497, -1.7507221698760986, -1.55376136302948, -1.906722068786621, -2.0120956897735596, -1.947085976600647, -1.7334421873092651, -2.001668930053711, -2.1275479793548584, -1.603857159614563, -1.585797667503357, -1.4996662139892578, -1.5429452657699585, -1.932086706161499, -2.0851798057556152, -1.5851185321807861, -1.9704461097717285, -1.661461353302002]}, "acc_test": 0.525, "precision_test": 0.6341463414634146, "recall_test": 0.38235294117647056, "f1_test": 0.4770642201834862, "auc_test": 0.6258484162895928}
{"name": "entropy_threshold", "predictions": {"test": [2.9456746578216553, 3.7787351608276367, 3.3772542476654053, 4.101503372192383, 3.6185171604156494, 3.30265212059021, 3.35093092918396, 3.85227108001709, 4.077671527862549, 3.3321151733398438, 3.3090450763702393, 4.180115699768066, 3.325864553451538, 3.497032642364502, 3.946267604827881, 3.0246028900146484, 3.351184844970703, 3.683640480041504, 3.3510658740997314, 2.9671971797943115, 4.193480491638184, 3.521292209625244, 3.1708760261535645, 3.7308857440948486, 3.7054312229156494, 3.853274345397949, 3.227330446243286, 3.3804731369018555, 2.7805511951446533, 3.999070405960083, 3.6929614543914795, 3.461763381958008, 3.624173164367676, 2.670020818710327, 3.626797914505005, 4.156911849975586, 3.911165475845337, 3.36564302444458, 3.9464471340179443, 3.3971004486083984, 3.825047254562378, 2.9472036361694336, 4.138619422912598, 3.3875226974487305, 3.5750014781951904, 3.5026588439941406, 3.056471347808838, 4.173164367675781, 3.195201873779297, 3.311567544937134, 4.270984172821045, 3.691171169281006, 3.122999906539917, 3.2560622692108154, 3.112898588180542, 3.3295559883117676, 3.3308887481689453, 3.7451021671295166, 4.252992153167725, 4.2100396156311035, 3.380612373352051, 4.232248783111572, 3.447226047515869, 3.5271694660186768, 3.3963258266448975, 3.2474491596221924, 2.7599544525146484, 3.6736319065093994, 3.422508955001831, 3.4206082820892334, 3.242645263671875, 3.234773874282837, 2.7340095043182373, 2.5864062309265137, 3.67704176902771, 3.562201738357544, 4.078829288482666, 4.147548675537109, 3.3206851482391357, 3.90620493888855, 3.2987112998962402, 3.161883592605591, 4.087619304656982, 4.307387828826904, 3.4942104816436768, 3.9421005249023438, 3.9930295944213867, 3.5578505992889404, 4.392469882965088, 3.2925024032592773, 3.2564780712127686, 3.2134454250335693, 3.8075103759765625, 3.2250869274139404, 3.167323112487793, 3.2789011001586914, 3.332270860671997, 3.7598085403442383, 3.3903603553771973, 3.8774688243865967, 3.3182661533355713, 3.5342369079589844, 3.178894281387329, 3.7231085300445557, 3.109375476837158, 3.5408217906951904, 3.9887583255767822, 3.703798532485962, 3.567237138748169, 3.4088354110717773, 4.029226303100586, 3.4664807319641113, 3.421308994293213, 3.3905820846557617, 3.435631513595581, 3.693201780319214, 3.8429477214813232, 3.157557725906372, 3.5036373138427734, 3.3168129920959473]}, "acc_test": 0.65, "precision_test": 0.703125, "recall_test": 0.6617647058823529, "f1_test": 0.6818181818181819, "auc_test": 0.7126696832579185}
{"name": "rank_GLTR_threshold", "predictions": {"test": [[0.7150537634408602, 0.1881720430107527, 0.07526881720430108, 0.021505376344086023], [0.6290322580645161, 0.1774193548387097, 0.15591397849462366, 0.03763440860215054], [0.7252747252747253, 0.14285714285714285, 0.0989010989010989, 0.03296703296703297], [0.6533333333333333, 0.19333333333333333, 0.08666666666666667, 0.06666666666666667], [0.6416184971098265, 0.1676300578034682, 0.14450867052023122, 0.046242774566473986], [0.7560975609756098, 0.15853658536585366, 0.06707317073170732, 0.018292682926829267], [0.7096774193548387, 0.2, 0.07741935483870968, 0.012903225806451613], [0.6103896103896104, 0.19480519480519481, 0.15584415584415584, 0.03896103896103896], [0.6242038216560509, 0.17834394904458598, 0.10828025477707007, 0.08917197452229299], [0.7386934673366834, 0.15577889447236182, 0.07537688442211055, 0.03015075376884422], [0.7457627118644068, 0.1694915254237288, 0.04519774011299435, 0.03954802259887006], [0.5921787709497207, 0.20670391061452514, 0.11173184357541899, 0.0893854748603352], [0.6839080459770115, 0.16091954022988506, 0.14367816091954022, 0.011494252873563218], [0.64, 0.21714285714285714, 0.09142857142857143, 0.05142857142857143], [0.7222222222222222, 0.14814814814814814, 0.08641975308641975, 0.043209876543209874], [0.6733333333333333, 0.24666666666666667, 0.05333333333333334, 0.02666666666666667], [0.6643835616438356, 0.1643835616438356, 0.14383561643835616, 0.0273972602739726], [0.6301369863013698, 0.1643835616438356, 0.0958904109589041, 0.1095890410958904], [0.7466666666666667, 0.13333333333333333, 0.1, 0.02], [0.7589743589743589, 0.14871794871794872, 0.06153846153846154, 0.03076923076923077], [0.5972222222222222, 0.22916666666666666, 0.14583333333333334, 0.027777777777777776], [0.6932515337423313, 0.147239263803681, 0.1165644171779141, 0.04294478527607362], [0.7378048780487805, 0.1951219512195122, 0.036585365853658534, 0.03048780487804878], [0.6, 0.1945945945945946, 0.15135135135135136, 0.05405405405405406], [0.6455696202531646, 0.22784810126582278, 0.11392405063291139, 0.012658227848101266], [0.5958904109589042, 0.22602739726027396, 0.0958904109589041, 0.0821917808219178], [0.7279411764705882, 0.16176470588235295, 0.08088235294117647, 0.029411764705882353], [0.7267080745341615, 0.15527950310559005, 0.09937888198757763, 0.018633540372670808], [0.7295597484276729, 0.1949685534591195, 0.050314465408805034, 0.025157232704402517], [0.5642458100558659, 0.2737430167597765, 0.11173184357541899, 0.05027932960893855], [0.6879432624113475, 0.18439716312056736, 0.0851063829787234, 0.0425531914893617], [0.7261146496815286, 0.1337579617834395, 0.10828025477707007, 0.03184713375796178], [0.6547619047619048, 0.18452380952380953, 0.1130952380952381, 0.047619047619047616], [0.7857142857142857, 0.11538461538461539, 0.08791208791208792, 0.01098901098901099], [0.7283236994219653, 0.16184971098265896, 0.06358381502890173, 0.046242774566473986], [0.6031746031746031, 0.2328042328042328, 0.12169312169312169, 0.042328042328042326], [0.6706586826347305, 0.1497005988023952, 0.10778443113772455, 0.0718562874251497], [0.6822916666666666, 0.171875, 0.11458333333333333, 0.03125], [0.631578947368421, 0.1871345029239766, 0.13450292397660818, 0.04678362573099415], [0.6684491978609626, 0.15508021390374332, 0.13903743315508021, 0.0374331550802139], [0.6613756613756614, 0.19047619047619047, 0.08994708994708994, 0.0582010582010582], [0.753968253968254, 0.18253968253968253, 0.06349206349206349, 0.0], [0.6040268456375839, 0.26174496644295303, 0.08053691275167785, 0.053691275167785234], [0.7096774193548387, 0.18064516129032257, 0.08387096774193549, 0.025806451612903226], [0.7321428571428571, 0.13095238095238096, 0.08928571428571429, 0.047619047619047616], [0.6651162790697674, 0.19534883720930232, 0.10232558139534884, 0.037209302325581395], [0.7407407407407407, 0.19135802469135801, 0.06172839506172839, 0.006172839506172839], [0.6467065868263473, 0.19760479041916168, 0.10778443113772455, 0.04790419161676647], [0.7032967032967034, 0.15384615384615385, 0.0989010989010989, 0.04395604395604396], [0.7241379310344828, 0.19310344827586207, 0.08275862068965517, 0.0], [0.5508474576271186, 0.1906779661016949, 0.15677966101694915, 0.1016949152542373], [0.676829268292683, 0.18902439024390244, 0.07926829268292683, 0.054878048780487805], [0.6577181208053692, 0.26174496644295303, 0.06711409395973154, 0.013422818791946308], [0.7161290322580646, 0.2, 0.07741935483870968, 0.0064516129032258064], [0.7160493827160493, 0.19135802469135801, 0.06790123456790123, 0.024691358024691357], [0.677570093457944, 0.1822429906542056, 0.10747663551401869, 0.03271028037383177], [0.6566265060240963, 0.19879518072289157, 0.10843373493975904, 0.03614457831325301], [0.6122448979591837, 0.20408163265306123, 0.14795918367346939, 0.03571428571428571], [0.5168539325842697, 0.25280898876404495, 0.16292134831460675, 0.06741573033707865], [0.6302083333333334, 0.19270833333333334, 0.09895833333333333, 0.078125], [0.7593984962406015, 0.15789473684210525, 0.07518796992481203, 0.007518796992481203], [0.5775401069518716, 0.2192513368983957, 0.13368983957219252, 0.06951871657754011], [0.676056338028169, 0.2112676056338028, 0.0892018779342723, 0.023474178403755867], [0.7195121951219512, 0.15853658536585366, 0.0975609756097561, 0.024390243902439025], [0.7272727272727273, 0.17532467532467533, 0.08441558441558442, 0.012987012987012988], [0.7542857142857143, 0.1657142857142857, 0.06857142857142857, 0.011428571428571429], [0.8260869565217391, 0.12318840579710146, 0.043478260869565216, 0.007246376811594203], [0.6081081081081081, 0.21621621621621623, 0.13513513513513514, 0.04054054054054054], [0.71875, 0.2, 0.06875, 0.0125], [0.6507936507936508, 0.20634920634920634, 0.13227513227513227, 0.010582010582010581], [0.732620320855615, 0.13903743315508021, 0.10695187165775401, 0.0213903743315508], [0.6504065040650406, 0.2032520325203252, 0.08943089430894309, 0.056910569105691054], [0.7814207650273224, 0.14207650273224043, 0.07650273224043716, 0.0], [0.7637362637362637, 0.09340659340659341, 0.06593406593406594, 0.07692307692307693], [0.6901408450704225, 0.20422535211267606, 0.08450704225352113, 0.02112676056338028], [0.702247191011236, 0.16292134831460675, 0.0898876404494382, 0.0449438202247191], [0.6428571428571429, 0.20238095238095238, 0.13095238095238096, 0.023809523809523808], [0.6444444444444445, 0.2, 0.1037037037037037, 0.05185185185185185], [0.7613636363636364, 0.14204545454545456, 0.07954545454545454, 0.017045454545454544], [0.6306818181818182, 0.1590909090909091, 0.13636363636363635, 0.07386363636363637], [0.7569060773480663, 0.143646408839779, 0.0718232044198895, 0.027624309392265192], [0.7058823529411765, 0.17647058823529413, 0.09090909090909091, 0.026737967914438502], [0.6097560975609756, 0.18292682926829268, 0.12804878048780488, 0.07926829268292683], [0.5956284153005464, 0.18579234972677597, 0.12568306010928962, 0.09289617486338798], [0.6726190476190477, 0.20238095238095238, 0.10119047619047619, 0.023809523809523808], [0.6708074534161491, 0.19254658385093168, 0.08074534161490683, 0.055900621118012424], [0.6473988439306358, 0.15028901734104047, 0.10982658959537572, 0.09248554913294797], [0.6891891891891891, 0.20945945945945946, 0.06756756756756757, 0.033783783783783786], [0.6209150326797386, 0.16993464052287582, 0.1503267973856209, 0.058823529411764705], [0.7485029940119761, 0.15568862275449102, 0.08383233532934131, 0.011976047904191617], [0.75, 0.1534090909090909, 0.08522727272727272, 0.011363636363636364], [0.782608695652174, 0.13768115942028986, 0.057971014492753624, 0.021739130434782608], [0.6257668711656442, 0.2147239263803681, 0.10429447852760736, 0.05521472392638037], [0.782608695652174, 0.13768115942028986, 0.06521739130434782, 0.014492753623188406], [0.7080745341614907, 0.16149068322981366, 0.11180124223602485, 0.018633540372670808], [0.7218543046357616, 0.1456953642384106, 0.12582781456953643, 0.006622516556291391], [0.7025316455696202, 0.18354430379746836, 0.08227848101265822, 0.03164556962025317], [0.6477987421383647, 0.23270440251572327, 0.07547169811320754, 0.0440251572327044], [0.7078651685393258, 0.1404494382022472, 0.09550561797752809, 0.056179775280898875], [0.63125, 0.20625, 0.14375, 0.01875], [0.7352941176470589, 0.18823529411764706, 0.058823529411764705, 0.01764705882352941], [0.6842105263157895, 0.1722488038277512, 0.10047846889952153, 0.0430622009569378], [0.7770700636942676, 0.1337579617834395, 0.07643312101910828, 0.012738853503184714], [0.7094972067039106, 0.13966480446927373, 0.12290502793296089, 0.027932960893854747], [0.7065217391304348, 0.17391304347826086, 0.10869565217391304, 0.010869565217391304], [0.6701030927835051, 0.18556701030927836, 0.1134020618556701, 0.030927835051546393], [0.6795580110497238, 0.10497237569060773, 0.16022099447513813, 0.055248618784530384], [0.6686390532544378, 0.1893491124260355, 0.11242603550295859, 0.029585798816568046], [0.7197802197802198, 0.17582417582417584, 0.06043956043956044, 0.04395604395604396], [0.6538461538461539, 0.18681318681318682, 0.0989010989010989, 0.06043956043956044], [0.625, 0.23863636363636365, 0.08522727272727272, 0.05113636363636364], [0.7071428571428572, 0.20714285714285716, 0.04285714285714286, 0.04285714285714286], [0.7515151515151515, 0.13333333333333333, 0.07878787878787878, 0.03636363636363636], [0.7348066298342542, 0.18232044198895028, 0.0718232044198895, 0.011049723756906077], [0.6992481203007519, 0.21052631578947367, 0.08270676691729323, 0.007518796992481203], [0.6628571428571428, 0.2, 0.10285714285714286, 0.03428571428571429], [0.6277777777777778, 0.20555555555555555, 0.12222222222222222, 0.044444444444444446], [0.7125748502994012, 0.16167664670658682, 0.11377245508982035, 0.011976047904191617], [0.6551724137931034, 0.18620689655172415, 0.1103448275862069, 0.04827586206896552], [0.7164179104477612, 0.1865671641791045, 0.08208955223880597, 0.014925373134328358]]}, "acc_test": 0.45, "precision_test": 0.5294117647058824, "recall_test": 0.2647058823529412, "f1_test": 0.35294117647058826, "auc_test": 0.6046380090497738}
{"name": "perturbation_10_z", "predictions": {"test": [0.5937059888487338, 0.461854383479798, -0.7107220532443607, -0.6742140100245377, 0.29106212004491905, 0.9100494713854229, 0.27646058458751266, -0.3872971486941828, -0.6718054482565393, 0.2721121936057537, 0.4888426691273841, -0.4576337301165834, -0.6504121860038606, -0.34289262328936815, 0.43406667955286354, 0.8734092981687708, 0.3258865865603431, -0.7937929420085036, -0.0060327673258153075, 2.008161002449953, -0.9619463518631757, 1.321199650540597, 0.5843171697126395, -1.2406936366264463, 0.04549795747848518, -0.1560440430784604, 0.026092992173445507, 0.32020734225503933, 0.19161325668371584, -0.7993951027225658, 0.05343187505361076, 0.5252557478368411, 0.8563629330707353, 0.11471046326715933, 0.40256235260602585, -0.12137007163847789, -0.27430884973275527, 0.4981752008114654, -0.3276005507528938, 0.22770253234190252, -0.03290569833374702, 0.34121318168564196, 0.6597333340172616, 0.6546824795537488, -0.07964786213565628, 0.6576447638379067, 0.06825294890426051, 0.21588279526663415, 0.3662503625893035, 0.484287273221066, -0.1640802788478318, -0.1929253079340837, -0.23709734776605237, 0.64493420573864, 0.2187645959786125, 1.392705464662673, 0.6197758495154442, 0.6799384051065218, -0.2521371909930156, -0.8894912824358588, 0.45064293283296314, 0.7327885773425468, 0.7726287228669394, -0.20496364446487628, 0.13193095225836363, 1.7220432862831174, 1.1623776594371809, -0.7539471819017558, 0.5806622811321729, -0.6415247821125998, 0.9938166552873209, -0.2928811909224712, 0.699398874260835, -0.6877249755736777, -0.2736570500064551, 0.09949224662207329, 0.8158585562123457, -0.13980108016892548, 0.28262008905693364, -0.29650282312159565, 0.7841951659179978, -0.6197429655318982, 0.3829155896004538, 0.1025092470480711, 0.28314009793141764, -0.9367964726958964, 0.3166460986831799, 0.6393664599342347, -0.8017779743355127, 0.17886239355246955, 0.23961717722627404, 0.49465829015217544, -0.42500217189283024, 0.3091931352977548, 1.6951584276535652, -0.021992543593804915, 0.12760679977377662, -0.08671718368820748, 0.5659195460243992, 0.23166008964124582, 0.6090529326818153, -0.48172101115412175, -0.6617056962453813, -0.30337090474935985, 1.0716182370717482, 0.3550729553066617, -0.2279903544488498, 0.8717121104116178, 0.135607564181661, 0.1799698124554891, -0.10573791142092025, -0.135535172789022, 0.9612860968426535, 0.6532333798490781, 0.4344972209562286, -0.09191034064444865, 0.78687739698987, 1.4955210365494849, 0.39491201863117226, 0.745514177309853]}, "info": {"pct_words_masked": 0.3, "span_length": 2, "n_perturbations": 10}, "general": {"acc_test": 0.5333333333333333, "precision_test": 0.625, "recall_test": 0.4411764705882353, "f1_test": 0.5172413793103449, "auc_test": 0.6066176470588235}}
{"name": "GPT-sentinel", "acc": 0.8333333333333334}
{"name": "roberta-base-openai-detector", "predictions": {"test": [0.0002666441141627729, 0.00016806776693556458, 0.0001767855865182355, 0.0001718888815958053, 0.00016814148693811148, 0.0007248105248436332, 0.6032084226608276, 0.005238086450845003, 0.00017041977844201028, 0.00017003979883156717, 0.00019737858383450657, 0.0020122958812862635, 0.00017199365538544953, 0.00046371418284252286, 0.001285659265704453, 0.00017551497148815542, 0.00022627270664088428, 0.9749162197113037, 0.07948627322912216, 0.00017542597197461873, 0.016738619655370712, 0.0005013866466470063, 0.0004839498142246157, 0.0002031869807979092, 0.014766409061849117, 0.00026786408852785826, 0.0059980605728924274, 0.00017375641618855298, 0.0001798915909603238, 0.032806623727083206, 0.0065024858340620995, 0.0005339074996300042, 0.0001816704752855003, 0.0001767176581779495, 0.00018051978258881718, 0.0008115604287013412, 0.0357770211994648, 0.00018170011753682047, 0.00022840016754344106, 0.0001730771327856928, 0.00021563831251114607, 0.00024962276802398264, 0.0005269520333968103, 0.00017626211047172546, 0.00017054268391802907, 0.00019308021001052111, 0.005093527026474476, 0.0009025674662552774, 0.00017890357412397861, 0.00018159288447350264, 0.0002827785210683942, 0.00017217856657225639, 0.00020642443269025534, 0.0004397599259391427, 0.001580440322868526, 0.000178648711880669, 0.00018710536824073642, 0.00667714886367321, 0.0039002278354018927, 0.00020904585835523903, 0.00016854087880346924, 0.00047853850992396474, 0.00033685757080093026, 0.00018483794701751322, 0.002688715700060129, 0.00500511983409524, 0.02135397307574749, 0.0003442972374614328, 0.0008486899896524847, 0.0001908604899654165, 0.0002030698087764904, 0.00031398862483911216, 0.00018608677783049643, 0.998920202255249, 0.0001969655422726646, 0.002833601785823703, 0.00022260539117269218, 0.0001699172571534291, 0.11015339195728302, 0.0002145043108612299, 0.00018241391808260232, 0.6185799837112427, 0.0001681660214671865, 0.0002931427152361721, 0.0002304550725966692, 0.06506997346878052, 0.0001825169165385887, 0.002227288205176592, 0.00028029916575178504, 0.00017180319991894066, 0.00025184385594911873, 0.0006019151187501848, 0.007049310952425003, 0.3960545063018799, 0.00017075013602152467, 0.00018362341506872326, 0.005156735889613628, 0.0001704718015389517, 0.00019405415514484048, 0.0007740009459666908, 0.00018256128532812, 0.00018425076268613338, 0.0007172587211243808, 0.14716707170009613, 0.00016779698489699513, 0.000273083831416443, 0.00016980584769044071, 0.00017618753190618008, 0.009618381969630718, 0.0039934031665325165, 0.00019914741278626025, 0.0028356965631246567, 0.17016436159610748, 0.00916951522231102, 0.00021790378377772868, 0.00017756845045369118, 0.00017298343300353736, 0.00017659150762483478, 0.0001773434050846845, 0.00035697504063136876]}, "logits": {"test": [-4.4545769691467285, -4.7104811668396, -4.683246612548828, -4.703149795532227, -4.7123847007751465, -3.900494337081909, 0.15272575616836548, -2.8039026260375977, -4.7114949226379395, -4.711142539978027, -4.614327907562256, -3.3195860385894775, -4.70213508605957, -4.141548156738281, -3.5890989303588867, -4.696310997009277, -4.546308994293213, 1.8389670848846436, -1.3268038034439087, -4.690834045410156, -2.1835389137268066, -4.102527618408203, -4.1210174560546875, -4.597344875335693, -2.2657992839813232, -4.438109397888184, -2.744636058807373, -4.699477195739746, -4.6824517250061035, -1.8018198013305664, -2.711240530014038, -4.062135219573975, -4.672257900238037, -4.687168121337891, -4.674033164978027, -3.8292133808135986, -1.7650222778320312, -4.674354076385498, -4.5373921394348145, -4.695572376251221, -4.567483901977539, -4.503019332885742, -4.065081596374512, -4.687906265258789, -4.71060848236084, -4.631209373474121, -2.8095922470092773, -3.759460926055908, -4.675922870635986, -4.677690505981445, -4.419027328491211, -4.703658103942871, -4.597593784332275, -4.182377815246582, -3.473362445831299, -4.6782917976379395, -4.6557817459106445, -2.6731679439544678, -2.9630126953125, -4.590072154998779, -4.714797019958496, -4.114232063293457, -4.316952705383301, -4.6623854637146, -3.186537981033325, -2.837491273880005, -2.0527307987213135, -4.3036417961120605, -3.821704149246216, -4.647531986236572, -4.609054088592529, -4.356139183044434, -4.660464763641357, 3.6230287551879883, -4.625263690948486, -3.149460554122925, -4.548730373382568, -4.7083353996276855, -1.1376153230667114, -4.5754194259643555, -4.664041042327881, 0.19668765366077423, -4.716272830963135, -4.3862128257751465, -4.53597354888916, -1.4391809701919556, -4.667208671569824, -3.2914905548095703, -4.421962261199951, -4.70231294631958, -4.486286163330078, -4.008166313171387, -2.6390626430511475, -0.27711355686187744, -4.706205368041992, -4.670154094696045, -2.8076412677764893, -4.700935363769531, -4.629333972930908, -3.8558237552642822, -4.670619010925293, -4.657696723937988, -3.908032178878784, -0.964906632900238, -4.718014717102051, -4.433870315551758, -4.704880714416504, -4.68399715423584, -2.461435556411743, -2.939594268798828, -4.618623733520508, -3.147862672805786, -0.8630478382110596, -2.5259745121002197, -4.572422981262207, -4.678760528564453, -4.693903923034668, -4.693122386932373, -4.686799049377441, -4.301857948303223]}, "acc_test": 0.43333333333333335, "precision_test": 0.5, "recall_test": 0.029411764705882353, "f1_test": 0.05555555555555555, "auc_test": 0.398472850678733, "preds": [0.0002666441141627729, 0.00016806776693556458, 0.00017003979883156717, 0.00019737858383450657, 0.00017199365538544953, 0.00017551497148815542, 0.00022627270664088428, 0.9749162197113037, 0.07948627322912216, 0.00017542597197461873, 0.016738619655370712, 0.0005013866466470063, 0.0002031869807979092, 0.014766409061849117, 0.0059980605728924274, 0.00017375641618855298, 0.0001798915909603238, 0.0065024858340620995, 0.0001816704752855003, 0.0001767176581779495, 0.00018170011753682047, 0.0001730771327856928, 0.00021563831251114607, 0.00024962276802398264, 0.00019308021001052111, 0.005093527026474476, 0.00017890357412397861, 0.00018159288447350264, 0.00020642443269025534, 0.001580440322868526, 0.000178648711880669, 0.00018710536824073642, 0.00667714886367321, 0.00016854087880346924, 0.00500511983409524, 0.0003442972374614328, 0.0008486899896524847, 0.0001908604899654165, 0.0002030698087764904, 0.00031398862483911216, 0.00018608677783049643, 0.002833601785823703, 0.0001699172571534291, 0.00018241391808260232, 0.6185799837112427, 0.0002304550725966692, 0.0001825169165385887, 0.00017180319991894066, 0.00025184385594911873, 0.00017075013602152467, 0.00018362341506872326, 0.005156735889613628, 0.00019405415514484048, 0.00018425076268613338, 0.14716707170009613, 0.000273083831416443, 0.00016980584769044071, 0.00017618753190618008, 0.009618381969630718, 0.0039934031665325165, 0.0028356965631246567, 0.00916951522231102, 0.00021790378377772868, 0.00017756845045369118, 0.00017298343300353736, 0.00017659150762483478, 0.0001773434050846845, 0.00035697504063136876]}
{"name": "Hello-SimpleAI/chatgpt-detector-roberta", "predictions": {"test": [0.9961774349212646, 0.0003430552897043526, 0.021993324160575867, 0.2395825982093811, 0.007208201102912426, 0.05645149573683739, 0.0019801349844783545, 0.0003942338516935706, 0.0003354607615619898, 0.9814901947975159, 0.0020562743302434683, 0.00046352631761692464, 0.01473262906074524, 0.0011175982654094696, 0.2961009442806244, 0.0005238992744125426, 0.01824021525681019, 0.23721763491630554, 0.0003227166598662734, 0.9577848315238953, 0.01658942736685276, 0.00037013349356129766, 0.968285322189331, 0.0011299788020551205, 0.21749918162822723, 0.0005094681400805712, 0.003848535008728504, 0.007062146905809641, 0.04076090455055237, 0.00029576587257906795, 0.004566853400319815, 0.0011864021653309464, 0.0004956535412929952, 0.9858500361442566, 0.06379321217536926, 0.0007950974977575243, 0.1137772798538208, 0.0008947469759732485, 0.00038015429163351655, 0.0016399105079472065, 0.0005207814974710345, 0.0010195188224315643, 0.0006462131859734654, 0.006634535267949104, 0.0003310573229100555, 0.006990171503275633, 0.008208218030631542, 0.00028792431112378836, 0.002386534819379449, 0.015448887832462788, 0.00036344019463285804, 0.00040937215089797974, 0.3003077507019043, 0.9841984510421753, 0.9440921545028687, 0.015175724402070045, 0.04002368077635765, 0.001045459066517651, 0.000297663442324847, 0.0005905330763198435, 0.4191482663154602, 0.0013102215016260743, 0.01652657985687256, 0.04525655508041382, 0.9930712580680847, 0.003687835531309247, 0.0010770880617201328, 0.013679464347660542, 0.33486294746398926, 0.00035198984551243484, 0.0003207899571862072, 0.07226427644491196, 0.020856358110904694, 0.006279660854488611, 0.002468280028551817, 0.0017916799988597631, 0.00027888023760169744, 0.0004041419015266001, 0.06694263219833374, 0.030432553961873055, 0.013076254166662693, 0.844242513179779, 0.00044428781257010996, 0.0003204198437742889, 0.02115173265337944, 0.1388479620218277, 0.0003571929410099983, 0.04842656850814819, 0.00033807431464083493, 0.03257475793361664, 0.04749393090605736, 0.2961519956588745, 0.0010523770470172167, 0.29011255502700806, 0.9308992028236389, 0.010980043560266495, 0.15855778753757477, 0.0005411435849964619, 0.002146742772310972, 0.0003773467615246773, 0.02071872353553772, 0.02391430363059044, 0.05228765681385994, 0.012088569812476635, 0.055932916700839996, 0.0013291010400280356, 0.010681365616619587, 0.0006213083979673684, 0.013517516665160656, 0.0006945139612071216, 0.0014153671218082309, 0.14464612305164337, 0.10418201982975006, 0.059835322201251984, 0.03594860062003136, 0.002041878178715706, 0.0011249224189668894, 0.0008257463341578841, 0.006348828785121441, 0.0003770389885175973]}, "logits": {"test": [2.513981580734253, -3.5849053859710693, -1.8889689445495605, -0.7051045894622803, -2.380847215652466, -1.4557760953903198, -2.924082040786743, -3.5385782718658447, -3.592193365097046, 1.845898151397705, -2.9087212085723877, -3.4825642108917236, -2.0678794384002686, -3.152482748031616, -0.5712088942527771, -3.4388606548309326, -1.9728424549102783, -0.7112842202186584, -3.6046664714813232, 1.4818519353866577, -2.015141010284424, -3.559814929962158, 1.6095895767211914, -3.148170232772827, -0.7632648944854736, -3.4489238262176514, -2.6487650871276855, -2.389695882797241, -1.6078336238861084, -3.631918430328369, -2.5763916969299316, -3.129056215286255, -3.458773374557495, 1.9620957374572754, -1.3978480100631714, -3.2838661670684814, -1.114532232284546, -3.238736391067505, -3.550861358642578, -3.0003280639648438, -3.4410152435302734, -3.1882994174957275, -3.3618690967559814, -2.416639804840088, -3.596468925476074, -2.3941173553466797, -2.3245599269866943, -3.63999080657959, -2.8477272987365723, -2.046823024749756, -3.5658836364746094, -3.525731086730957, -0.5618984699249268, 1.9144551753997803, 1.3543727397918701, -2.054753065109253, -1.6162545680999756, -3.1785240173339844, -3.6299655437469482, -3.395209550857544, -0.039893779903650284, -3.0898921489715576, -2.016829490661621, -1.5593063831329346, 2.26619291305542, -2.6667115688323975, -3.166914701461792, -2.1007132530212402, -0.4888482987880707, -3.57647705078125, -3.6065781116485596, -1.33817458152771, -1.9128353595733643, -2.440322160720825, -2.8338677883148193, -2.964658498764038, -3.649291753768921, -3.5301318168640137, -1.374862551689148, -1.7419394254684448, -2.12065052986145, 0.8610352873802185, -3.497431516647339, -3.6069445610046387, -1.906509518623352, -1.0119497776031494, -3.571634531021118, -1.5277470350265503, -3.5896763801574707, -1.710885763168335, -1.5368157625198364, -0.5711274147033691, -3.1759650707244873, -0.5846738815307617, 1.256550669670105, -2.1975386142730713, -0.9413529634475708, -3.4271321296691895, -2.8911421298980713, -3.553354501724243, -1.915807843208313, -1.851245403289795, -1.491845726966858, -2.1552693843841553, -1.4601287841796875, -3.0842230319976807, -2.209632158279419, -3.376457929611206, -2.105980634689331, -3.3349382877349854, -3.059243679046631, -0.9904007911682129, -1.1532062292099, -1.4282710552215576, -1.665719985961914, -2.9115867614746094, -3.149928331375122, -3.269465208053589, -2.435602903366089, -3.5536277294158936]}, "acc_test": 0.4666666666666667, "precision_test": 0.7, "recall_test": 0.10294117647058823, "f1_test": 0.1794871794871795, "auc_test": 0.5769230769230769, "preds": [0.9961774349212646, 0.0003430552897043526, 0.9814901947975159, 0.0020562743302434683, 0.01473262906074524, 0.0005238992744125426, 0.01824021525681019, 0.23721763491630554, 0.0003227166598662734, 0.9577848315238953, 0.01658942736685276, 0.00037013349356129766, 0.0011299788020551205, 0.21749918162822723, 0.003848535008728504, 0.007062146905809641, 0.04076090455055237, 0.004566853400319815, 0.0004956535412929952, 0.9858500361442566, 0.0008947469759732485, 0.0016399105079472065, 0.0005207814974710345, 0.0010195188224315643, 0.006990171503275633, 0.008208218030631542, 0.002386534819379449, 0.015448887832462788, 0.3003077507019043, 0.9440921545028687, 0.015175724402070045, 0.04002368077635765, 0.001045459066517651, 0.4191482663154602, 0.003687835531309247, 0.013679464347660542, 0.33486294746398926, 0.00035198984551243484, 0.0003207899571862072, 0.07226427644491196, 0.020856358110904694, 0.0017916799988597631, 0.0004041419015266001, 0.013076254166662693, 0.844242513179779, 0.02115173265337944, 0.0003571929410099983, 0.03257475793361664, 0.04749393090605736, 0.9308992028236389, 0.010980043560266495, 0.15855778753757477, 0.002146742772310972, 0.02391430363059044, 0.012088569812476635, 0.0013291010400280356, 0.010681365616619587, 0.0006213083979673684, 0.013517516665160656, 0.0006945139612071216, 0.14464612305164337, 0.059835322201251984, 0.03594860062003136, 0.002041878178715706, 0.0011249224189668894, 0.0008257463341578841, 0.006348828785121441, 0.0003770389885175973]}
