{"name": "likelihood_threshold", "predictions": {"test": [-2.9913458824157715, -3.269089698791504, -3.317063331604004, -3.8471269607543945, -3.7291524410247803, -2.851383924484253, -3.057276487350464, -3.8047640323638916, -3.928959846496582, -2.920684814453125, -2.8616626262664795, -4.059943199157715, -2.9499738216400146, -3.566673755645752, -3.197319507598877, -2.9276554584503174, -3.126098394393921, -3.3982462882995605, -3.172018051147461, -3.1605026721954346, -3.3020997047424316, -3.3959155082702637, -2.865732192993164, -3.355888605117798, -3.2546534538269043, -3.8061656951904297, -2.984128713607788, -3.0655016899108887, -2.314544677734375, -4.115074634552002, -2.874168872833252, -3.236172676086426, -2.7777462005615234, -3.1515214443206787, -3.209721326828003, -3.9547371864318848, -3.7974188327789307, -3.041120767593384, -3.784775495529175, -3.1109845638275146, -3.5087382793426514, -2.7959272861480713, -3.759638547897339, -3.0061707496643066, -3.29359769821167, -3.34106707572937, -2.600257635116577, -3.7467780113220215, -3.2705745697021484, -3.0926401615142822, -4.317185878753662, -3.72566556930542, -3.017723321914673, -2.9755966663360596, -2.9204962253570557, -3.5327205657958984, -2.957231044769287, -3.804805278778076, -4.408134460449219, -3.867565870285034, -3.8335835933685303, -4.207999229431152, -3.3290045261383057, -3.1848037242889404, -3.022451877593994, -3.0862748622894287, -2.4685521125793457, -3.915489673614502, -3.137378215789795, -3.4914259910583496, -3.4871842861175537, -3.4260284900665283, -2.818629741668701, -2.5303955078125, -3.4147229194641113, -4.063635349273682, -3.801077365875244, -3.244065284729004, -2.7279934883117676, -3.9999914169311523, -3.4054934978485107, -2.785376787185669, -3.961944580078125, -4.260087966918945, -3.91678786277771, -3.6710853576660156, -3.9354567527770996, -3.324493885040283, -4.247433662414551, -2.7182228565216064, -3.061314821243286, -2.92744517326355, -3.797938346862793, -3.064150333404541, -3.0286121368408203, -3.240927219390869, -2.85699462890625, -3.67740797996521, -3.1028358936309814, -3.86555552482605, -3.1256484985351562, -3.615949869155884, -2.8097174167633057, -3.245018720626831, -2.890608310699463, -3.1500165462493896, -3.3228695392608643, -2.7538702487945557, -3.4429354667663574, -3.7153215408325195, -3.8537118434906006, -2.8931593894958496, -3.143124580383301, -2.6894891262054443, -2.808774709701538, -3.6924214363098145, -3.322065830230713, -2.9236226081848145, -3.5713632106781006, -2.8431572914123535]}, "acc_test": 0.625, "precision_test": 0.7169811320754716, "recall_test": 0.5588235294117647, "f1_test": 0.6280991735537189, "auc_test": 0.6906108597285068}
{"name": "rank_threshold", "predictions": {"test": [-142.0552978515625, -139.29664611816406, -251.40110778808594, -388.8266906738281, -279.24853515625, -107.79267883300781, -59.858062744140625, -163.87661743164062, -353.2802734375, -89.45934295654297, -46.98192596435547, -266.6257019042969, -40.50593185424805, -274.2742919921875, -344.90740966796875, -67.69869232177734, -135.5477294921875, -484.9781799316406, -218.71014404296875, -84.91397857666016, -136.79803466796875, -144.2364501953125, -205.20730590820312, -284.2850341796875, -67.591552734375, -462.5137023925781, -116.43061828613281, -81.03773498535156, -37.174129486083984, -160.43016052246094, -90.99534606933594, -169.356689453125, -102.98039245605469, -69.64531707763672, -152.77456665039062, -217.015869140625, -281.04791259765625, -51.23831558227539, -181.67251586914062, -184.9502410888672, -206.84649658203125, -197.66046142578125, -208.06040954589844, -97.33547973632812, -309.1190490722656, -91.5412826538086, -93.0999984741211, -241.0598907470703, -102.0575942993164, -122.69602966308594, -753.546630859375, -243.5426788330078, -64.01136779785156, -71.43225860595703, -191.87110900878906, -116.27093505859375, -95.67430877685547, -267.43499755859375, -317.5505676269531, -400.6145935058594, -159.296875, -349.4171142578125, -227.49765014648438, -127.00609588623047, -84.07142639160156, -75.50672912597656, -148.44927978515625, -126.40837860107422, -77.16748809814453, -88.86294555664062, -156.37269592285156, -208.32177734375, -225.97421264648438, -589.423095703125, -168.1901397705078, -1158.99560546875, -402.23809814453125, -70.84889221191406, -157.32386779785156, -663.8579711914062, -129.05479431152344, -102.31279754638672, -272.55487060546875, -445.34423828125, -287.9441833496094, -232.49069213867188, -273.3245544433594, -147.56082153320312, -312.0457458496094, -84.52261352539062, -70.3812484741211, -167.76087951660156, -268.9140930175781, -62.050724029541016, -36.63005828857422, -138.85116577148438, -36.218448638916016, -268.05657958984375, -167.3511199951172, -83.9000015258789, -94.96470642089844, -277.56134033203125, -254.44586181640625, -190.19749450683594, -62.38587188720703, -100.08866882324219, -156.7801055908203, -53.9134635925293, -130.14974975585938, -270.64849853515625, -265.11932373046875, -52.696136474609375, -126.49090576171875, -68.2248764038086, -28.643564224243164, -228.88571166992188, -131.76470947265625, -54.471309661865234, -218.1525421142578, -32.64655303955078]}, "acc_test": 0.7083333333333334, "precision_test": 0.7538461538461538, "recall_test": 0.7205882352941176, "f1_test": 0.7368421052631577, "auc_test": 0.759898190045249}
{"name": "log_rank_threshold", "predictions": {"test": [-1.5936881303787231, -1.713995337486267, -1.7337061166763306, -2.1172306537628174, -2.1435046195983887, -1.4064280986785889, -1.6435478925704956, -2.2551426887512207, -2.186129570007324, -1.5038167238235474, -1.4169682264328003, -2.358292579650879, -1.5267070531845093, -2.0169270038604736, -1.6615945100784302, -1.531006097793579, -1.6186549663543701, -1.8862630128860474, -1.6561745405197144, -1.68222177028656, -1.7274879217147827, -1.8757275342941284, -1.462693691253662, -1.8921632766723633, -1.7198697328567505, -2.1805126667022705, -1.492094874382019, -1.6022123098373413, -1.08119797706604, -2.2886440753936768, -1.4024417400360107, -1.7340331077575684, -1.405273199081421, -1.6323633193969727, -1.700439453125, -2.1597657203674316, -2.132718801498413, -1.6135016679763794, -2.1297366619110107, -1.665516972541809, -1.8715156316757202, -1.4338557720184326, -2.0301003456115723, -1.5571589469909668, -1.7925723791122437, -1.8490569591522217, -1.208978295326233, -2.053913116455078, -1.737594485282898, -1.6005390882492065, -2.620326042175293, -2.027073383331299, -1.5149893760681152, -1.5030066967010498, -1.5487704277038574, -1.9172784090042114, -1.4916672706604004, -2.1785342693328857, -2.5655202865600586, -2.157388210296631, -2.1017348766326904, -2.4259605407714844, -1.8093308210372925, -1.6749334335327148, -1.5107784271240234, -1.6065834760665894, -1.137257695198059, -2.2215116024017334, -1.5835589170455933, -1.9083831310272217, -1.8710322380065918, -1.8971294164657593, -1.4512344598770142, -1.4992146492004395, -1.7774159908294678, -2.208965301513672, -2.0992112159729004, -1.6532435417175293, -1.400146484375, -2.281623125076294, -1.7725410461425781, -1.3768219947814941, -2.288986921310425, -2.4273831844329834, -2.1761908531188965, -2.0020861625671387, -2.2448008060455322, -1.7917579412460327, -2.3329415321350098, -1.332232117652893, -1.5351403951644897, -1.4486064910888672, -2.083876371383667, -1.5216152667999268, -1.5548099279403687, -1.6659784317016602, -1.4405473470687866, -1.9726663827896118, -1.696202278137207, -2.1244494915008545, -1.6404814720153809, -2.070729970932007, -1.4103633165359497, -1.698844313621521, -1.55376136302948, -1.6991870403289795, -1.7928283214569092, -1.344565510749817, -1.8222655057907104, -2.056333541870117, -2.1275479793548584, -1.503469467163086, -1.585797667503357, -1.308925986289978, -1.3782366514205933, -2.044041395187378, -1.8320798873901367, -1.4694926738739014, -1.9591493606567383, -1.4213241338729858]}, "acc_test": 0.5916666666666667, "precision_test": 0.6938775510204082, "recall_test": 0.5, "f1_test": 0.5811965811965812, "auc_test": 0.6917420814479638}
{"name": "entropy_threshold", "predictions": {"test": [3.242121934890747, 3.772841691970825, 3.3772542476654053, 4.101503372192383, 3.6185171604156494, 3.30265212059021, 3.35093092918396, 3.85227108001709, 4.077671527862549, 3.2639658451080322, 3.3831124305725098, 4.180115699768066, 3.4366343021392822, 3.497032642364502, 3.946267604827881, 3.2215938568115234, 3.341369390487671, 3.724046230316162, 3.5335466861724854, 3.6270244121551514, 3.8623404502868652, 3.490809679031372, 3.1708760261535645, 3.582828998565674, 3.3833770751953125, 3.853274345397949, 3.4214487075805664, 3.3699862957000732, 2.538633346557617, 3.999070405960083, 3.3539628982543945, 3.461763381958008, 3.2436397075653076, 3.232879400253296, 3.626797914505005, 4.156911849975586, 3.911165475845337, 3.304067611694336, 3.9464471340179443, 3.3869452476501465, 3.7401673793792725, 3.2077579498291016, 4.138619422912598, 3.3875226974487305, 3.5750014781951904, 3.35689640045166, 2.8755736351013184, 4.173164367675781, 3.561760663986206, 3.4762988090515137, 4.270984172821045, 3.691171169281006, 3.4464709758758545, 3.2560622692108154, 3.30666184425354, 3.6179745197296143, 3.4367058277130127, 3.998202323913574, 4.252992153167725, 4.2100396156311035, 3.558567762374878, 4.232248783111572, 3.447226047515869, 3.5271694660186768, 3.3963258266448975, 3.4564626216888428, 2.7599544525146484, 3.846388339996338, 3.5316991806030273, 3.6767587661743164, 3.778477668762207, 3.9601221084594727, 3.115281581878662, 2.5864062309265137, 3.67704176902771, 3.8901407718658447, 4.078829288482666, 3.6082146167755127, 3.3206851482391357, 3.90620493888855, 3.7627737522125244, 2.96225905418396, 4.087619304656982, 4.307387828826904, 4.242661476135254, 3.9421005249023438, 4.282483100891113, 3.5578505992889404, 4.392469882965088, 3.2583842277526855, 3.5017898082733154, 3.2134454250335693, 3.8075103759765625, 3.2250869274139404, 3.2755959033966064, 3.3422482013702393, 3.292618751525879, 3.7598085403442383, 3.3550431728363037, 3.8774688243865967, 3.3182661533355713, 3.5889344215393066, 3.178894281387329, 3.5795629024505615, 3.109375476837158, 3.5847249031066895, 3.545555353164673, 3.314732074737549, 3.996861696243286, 4.037908554077148, 4.029226303100586, 3.1505231857299805, 3.421308994293213, 3.235651969909668, 3.436122179031372, 3.8157334327697754, 3.8455002307891846, 3.403770923614502, 3.7441492080688477, 3.1138768196105957]}, "acc_test": 0.5916666666666667, "precision_test": 0.6666666666666666, "recall_test": 0.5588235294117647, "f1_test": 0.608, "auc_test": 0.6558257918552036}
{"name": "rank_GLTR_threshold", "predictions": {"test": [[0.728110599078341, 0.17050691244239632, 0.07373271889400922, 0.027649769585253458], [0.7033492822966507, 0.17703349282296652, 0.0861244019138756, 0.03349282296650718], [0.7252747252747253, 0.14285714285714285, 0.0989010989010989, 0.03296703296703297], [0.6533333333333333, 0.19333333333333333, 0.08666666666666667, 0.06666666666666667], [0.6416184971098265, 0.1676300578034682, 0.14450867052023122, 0.046242774566473986], [0.7560975609756098, 0.15853658536585366, 0.06707317073170732, 0.018292682926829267], [0.7096774193548387, 0.2, 0.07741935483870968, 0.012903225806451613], [0.6103896103896104, 0.19480519480519481, 0.15584415584415584, 0.03896103896103896], [0.6242038216560509, 0.17834394904458598, 0.10828025477707007, 0.08917197452229299], [0.7804878048780488, 0.13414634146341464, 0.052845528455284556, 0.032520325203252036], [0.7530120481927711, 0.18072289156626506, 0.060240963855421686, 0.006024096385542169], [0.5921787709497207, 0.20670391061452514, 0.11173184357541899, 0.0893854748603352], [0.7272727272727273, 0.2015810276679842, 0.06324110671936758, 0.007905138339920948], [0.64, 0.21714285714285714, 0.09142857142857143, 0.05142857142857143], [0.7222222222222222, 0.14814814814814814, 0.08641975308641975, 0.043209876543209874], [0.74235807860262, 0.14410480349344978, 0.10480349344978165, 0.008733624454148471], [0.7261410788381742, 0.17842323651452283, 0.06639004149377593, 0.029045643153526972], [0.7030567685589519, 0.17467248908296942, 0.06550218340611354, 0.056768558951965066], [0.714975845410628, 0.16908212560386474, 0.09178743961352658, 0.024154589371980676], [0.7043010752688172, 0.1935483870967742, 0.07526881720430108, 0.026881720430107527], [0.6798029556650246, 0.22660098522167488, 0.06403940886699508, 0.029556650246305417], [0.6502463054187192, 0.23645320197044334, 0.07881773399014778, 0.034482758620689655], [0.7378048780487805, 0.1951219512195122, 0.036585365853658534, 0.03048780487804878], [0.6521739130434783, 0.21256038647342995, 0.0966183574879227, 0.03864734299516908], [0.6854460093896714, 0.2112676056338028, 0.09389671361502347, 0.009389671361502348], [0.5958904109589042, 0.22602739726027396, 0.0958904109589041, 0.0821917808219178], [0.7464114832535885, 0.1674641148325359, 0.06698564593301436, 0.019138755980861243], [0.7216981132075472, 0.1650943396226415, 0.08490566037735849, 0.02830188679245283], [0.8258706467661692, 0.11940298507462686, 0.04477611940298507, 0.009950248756218905], [0.5642458100558659, 0.2737430167597765, 0.11173184357541899, 0.05027932960893855], [0.7767441860465116, 0.14418604651162792, 0.06046511627906977, 0.018604651162790697], [0.7261146496815286, 0.1337579617834395, 0.10828025477707007, 0.03184713375796178], [0.7696078431372549, 0.18627450980392157, 0.029411764705882353, 0.014705882352941176], [0.6699507389162561, 0.24630541871921183, 0.06896551724137931, 0.014778325123152709], [0.7283236994219653, 0.16184971098265896, 0.06358381502890173, 0.046242774566473986], [0.6031746031746031, 0.2328042328042328, 0.12169312169312169, 0.042328042328042326], [0.6706586826347305, 0.1497005988023952, 0.10778443113772455, 0.0718562874251497], [0.6962616822429907, 0.22429906542056074, 0.07009345794392523, 0.009345794392523364], [0.631578947368421, 0.1871345029239766, 0.13450292397660818, 0.04678362573099415], [0.7285067873303167, 0.13574660633484162, 0.09502262443438914, 0.04072398190045249], [0.6885964912280702, 0.17982456140350878, 0.08771929824561403, 0.043859649122807015], [0.7488372093023256, 0.17674418604651163, 0.06511627906976744, 0.009302325581395349], [0.6040268456375839, 0.26174496644295303, 0.08053691275167785, 0.053691275167785234], [0.7096774193548387, 0.18064516129032257, 0.08387096774193549, 0.025806451612903226], [0.7321428571428571, 0.13095238095238096, 0.08928571428571429, 0.047619047619047616], [0.6743119266055045, 0.1743119266055046, 0.12385321100917432, 0.027522935779816515], [0.805, 0.125, 0.055, 0.015], [0.6467065868263473, 0.19760479041916168, 0.10778443113772455, 0.04790419161676647], [0.675392670157068, 0.25654450261780104, 0.05235602094240838, 0.015706806282722512], [0.7400881057268722, 0.1762114537444934, 0.06167400881057269, 0.022026431718061675], [0.5508474576271186, 0.1906779661016949, 0.15677966101694915, 0.1016949152542373], [0.676829268292683, 0.18902439024390244, 0.07926829268292683, 0.054878048780487805], [0.7386363636363636, 0.17613636363636365, 0.0625, 0.022727272727272728], [0.7161290322580646, 0.2, 0.07741935483870968, 0.0064516129032258064], [0.7377777777777778, 0.14222222222222222, 0.08, 0.04], [0.645320197044335, 0.21674876847290642, 0.10837438423645321, 0.029556650246305417], [0.7568807339449541, 0.15137614678899083, 0.06880733944954129, 0.022935779816513763], [0.61, 0.2, 0.145, 0.045], [0.5168539325842697, 0.25280898876404495, 0.16292134831460675, 0.06741573033707865], [0.6302083333333334, 0.19270833333333334, 0.09895833333333333, 0.078125], [0.6145833333333334, 0.22395833333333334, 0.140625, 0.020833333333333332], [0.5775401069518716, 0.2192513368983957, 0.13368983957219252, 0.06951871657754011], [0.676056338028169, 0.2112676056338028, 0.0892018779342723, 0.023474178403755867], [0.7195121951219512, 0.15853658536585366, 0.0975609756097561, 0.024390243902439025], [0.7272727272727273, 0.17532467532467533, 0.08441558441558442, 0.012987012987012988], [0.7040358744394619, 0.19730941704035873, 0.08968609865470852, 0.008968609865470852], [0.8260869565217391, 0.12318840579710146, 0.043478260869565216, 0.007246376811594203], [0.5759162303664922, 0.25654450261780104, 0.13089005235602094, 0.03664921465968586], [0.7192118226600985, 0.17733990147783252, 0.08866995073891626, 0.014778325123152709], [0.6548223350253807, 0.22842639593908629, 0.09137055837563451, 0.025380710659898477], [0.6789667896678967, 0.1918819188191882, 0.1033210332103321, 0.025830258302583026], [0.693069306930693, 0.16336633663366337, 0.10396039603960396, 0.039603960396039604], [0.7680412371134021, 0.13917525773195877, 0.07216494845360824, 0.020618556701030927], [0.7637362637362637, 0.09340659340659341, 0.06593406593406594, 0.07692307692307693], [0.6901408450704225, 0.20422535211267606, 0.08450704225352113, 0.02112676056338028], [0.6521739130434783, 0.20434782608695654, 0.07391304347826087, 0.06956521739130435], [0.6428571428571429, 0.20238095238095238, 0.13095238095238096, 0.023809523809523808], [0.7155555555555555, 0.18222222222222223, 0.08444444444444445, 0.017777777777777778], [0.7613636363636364, 0.14204545454545456, 0.07954545454545454, 0.017045454545454544], [0.6306818181818182, 0.1590909090909091, 0.13636363636363635, 0.07386363636363637], [0.7031963470319634, 0.1735159817351598, 0.1095890410958904, 0.0136986301369863], [0.7725118483412322, 0.15639810426540285, 0.05687203791469194, 0.014218009478672985], [0.6097560975609756, 0.18292682926829268, 0.12804878048780488, 0.07926829268292683], [0.5956284153005464, 0.18579234972677597, 0.12568306010928962, 0.09289617486338798], [0.6232558139534884, 0.22325581395348837, 0.12093023255813953, 0.03255813953488372], [0.6708074534161491, 0.19254658385093168, 0.08074534161490683, 0.055900621118012424], [0.6052631578947368, 0.19736842105263158, 0.14035087719298245, 0.05701754385964912], [0.6891891891891891, 0.20945945945945946, 0.06756756756756757, 0.033783783783783786], [0.6209150326797386, 0.16993464052287582, 0.1503267973856209, 0.058823529411764705], [0.8090452261306532, 0.12562814070351758, 0.04522613065326633, 0.020100502512562814], [0.74375, 0.16875, 0.06875, 0.01875], [0.782608695652174, 0.13768115942028986, 0.057971014492753624, 0.021739130434782608], [0.6257668711656442, 0.2147239263803681, 0.10429447852760736, 0.05521472392638037], [0.782608695652174, 0.13768115942028986, 0.06521739130434782, 0.014492753623188406], [0.7167630057803468, 0.21965317919075145, 0.06358381502890173, 0.0], [0.6976744186046512, 0.21395348837209302, 0.06976744186046512, 0.018604651162790697], [0.7378640776699029, 0.19902912621359223, 0.05825242718446602, 0.0048543689320388345], [0.6477987421383647, 0.23270440251572327, 0.07547169811320754, 0.0440251572327044], [0.72, 0.16, 0.09777777777777778, 0.022222222222222223], [0.63125, 0.20625, 0.14375, 0.01875], [0.7352941176470589, 0.18823529411764706, 0.058823529411764705, 0.01764705882352941], [0.6617100371747212, 0.15613382899628253, 0.11152416356877323, 0.07063197026022305], [0.7770700636942676, 0.1337579617834395, 0.07643312101910828, 0.012738853503184714], [0.7184873949579832, 0.1638655462184874, 0.07983193277310924, 0.037815126050420166], [0.7065217391304348, 0.17391304347826086, 0.10869565217391304, 0.010869565217391304], [0.7093596059113301, 0.1724137931034483, 0.09359605911330049, 0.024630541871921183], [0.675392670157068, 0.193717277486911, 0.10471204188481675, 0.02617801047120419], [0.7788461538461539, 0.14423076923076922, 0.0625, 0.014423076923076924], [0.6956521739130435, 0.17391304347826086, 0.09178743961352658, 0.03864734299516908], [0.6683168316831684, 0.16831683168316833, 0.11386138613861387, 0.04950495049504951], [0.625, 0.23863636363636365, 0.08522727272727272, 0.05113636363636364], [0.7569060773480663, 0.18232044198895028, 0.049723756906077346, 0.011049723756906077], [0.7515151515151515, 0.13333333333333333, 0.07878787878787878, 0.03636363636363636], [0.7655502392344498, 0.17703349282296652, 0.03827751196172249, 0.019138755980861243], [0.7524752475247525, 0.18811881188118812, 0.0594059405940594, 0.0], [0.64, 0.2057142857142857, 0.12571428571428572, 0.02857142857142857], [0.6951871657754011, 0.13368983957219252, 0.1443850267379679, 0.026737967914438502], [0.7540983606557377, 0.15163934426229508, 0.0778688524590164, 0.01639344262295082], [0.6652542372881356, 0.2033898305084746, 0.08050847457627118, 0.05084745762711865], [0.7543103448275862, 0.1853448275862069, 0.05603448275862069, 0.004310344827586207]]}, "acc_test": 0.5166666666666667, "precision_test": 0.6190476190476191, "recall_test": 0.38235294117647056, "f1_test": 0.4727272727272727, "auc_test": 0.6561085972850679}
{"name": "perturbation_10_z", "predictions": {"test": [0.9349186585958519, 0.7376926491066427, 0.4706756353317289, -0.1187601568968903, -0.04294832540173078, 0.520466088986212, 0.16715694495761727, -0.20821488435164995, -1.5270893332145423, 0.27049712431525097, 0.4523706317182905, -0.2926559227838415, -0.6270048826656932, -0.8612624786244665, 0.6892310474811749, 1.2400552032261782, 0.3799463073193071, 0.47144003376390653, 0.3455644609322363, 0.2672514200192663, 0.2859609856485268, -0.1205094481005853, 1.5829614115255257, 0.1755754625935494, 0.36930014148116036, 0.2641076583617584, 0.9614044031603891, -0.5343668869016609, 1.5424034548953887, -0.7659083388786568, 0.06620117777282492, 0.2775086816016172, 0.12505899383878358, 0.4300458227946317, -0.10591068527032436, -0.25318825769929615, -0.40848379688949493, 1.7913932161836505, -0.3241891902828221, 0.5154585945399789, 0.42163309758975825, 0.22037723461963277, 0.11285654561764814, 0.23908505118844944, -0.05618013677211692, -0.6604201761425231, -0.4184050663254116, 0.9794243222255352, -0.15269773420596425, 0.4308097600300708, 0.04370350850187511, -0.2652393583831667, 0.8997897587108343, 0.19086580013807422, 0.8105054281944661, 0.34126372410257255, 1.0087849755467417, 0.008929224914735603, 0.011534613252640479, -0.7884275185558419, -1.253434010384383, -0.14236235850773118, -0.15482885860102957, 0.5452523583226527, 0.25745742072381095, 0.24016480500475298, 0.7252742024447395, -1.5956045490936903, 0.23982825001381755, -0.5216640155469299, 0.4890685105595661, 0.1469243329984086, 1.0131672729330834, -0.6940981657016061, -0.10949126643774425, -0.5750287745173678, 0.7027370830127125, 0.18379646996585972, 1.0831702425149041, -0.8074875668870389, 0.6259109642808001, 0.4395900599471517, 0.15923624625712324, 0.4846734200366985, 0.5412155216951843, -0.36246481316025025, 0.14620589411309218, 0.7300458974774602, -0.7938598537008811, 1.549717743316903, 0.4480379415673603, 0.7811094305162166, -0.5688886031144775, 1.0551178953311158, 0.9491446005601342, -0.010381171360086436, -0.1511174043651661, 0.5959628546280428, 1.5122230436588915, 0.8351260124957469, 0.6225656150863997, 0.6644709735479746, 0.1695427426534665, 0.22225712792228164, 0.8981716501832094, 0.33445793410595487, 0.30144211806233134, 0.2983109532275171, 0.8843241365938669, -0.24968714132783362, 0.4484354100301894, 0.5098940061076844, 0.5780735023675972, 0.6234399775147159, 0.505669748642083, -0.7053666213742966, 0.7993469780532412, 1.627455204101468, 0.6704650276129007, 0.3164590824899177]}, "info": {"pct_words_masked": 0.3, "span_length": 2, "n_perturbations": 10}, "general": {"acc_test": 0.5583333333333333, "precision_test": 0.6415094339622641, "recall_test": 0.5, "f1_test": 0.5619834710743802, "auc_test": 0.6091628959276019}}
{"name": "GPT-sentinel", "acc": 0.725}
{"name": "roberta-base-openai-detector", "predictions": {"test": [0.0002045827714027837, 0.0002332138828933239, 0.0001767855865182355, 0.0001718888815958053, 0.00016814148693811148, 0.0007248105248436332, 0.60321044921875, 0.005238039419054985, 0.00017041977844201028, 0.00022854676353745162, 0.00023660052102059126, 0.0020123107824474573, 0.00017586961621418595, 0.0004637154925148934, 0.001285667298361659, 0.00024200660118367523, 0.00024727199343033135, 0.0003644107491709292, 0.5566621422767639, 0.0001822520571295172, 0.00020959789981134236, 0.00017750142433214933, 0.0004839498142246157, 0.00018042133888229728, 0.0002841156965587288, 0.00026786408852785826, 0.4607996940612793, 0.0006880268338136375, 0.00018574943533167243, 0.032806623727083206, 0.029957378283143044, 0.0005339074996300042, 0.0001774729898897931, 0.7563583254814148, 0.0001805199426598847, 0.0008115596720017493, 0.03577687218785286, 0.00019484043878037483, 0.00022840016754344106, 0.0001721464068396017, 0.00023279580636881292, 0.00018009907216764987, 0.0005269492394290864, 0.00017626195040065795, 0.00017054268391802907, 0.00020826201944146305, 0.00019312459335196763, 0.0009025614126585424, 0.0002080833655782044, 0.00026767238159663975, 0.0002827785210683942, 0.00017217856657225639, 0.000178146903635934, 0.0004397599259391427, 0.9998250603675842, 0.0002294754231115803, 0.001558948657475412, 0.00017367293185088784, 0.0039002278354018927, 0.00020904585835523903, 0.00018578165327198803, 0.00047853850992396474, 0.00033685757080093026, 0.00018483794701751322, 0.002688745968043804, 0.00017762822972144932, 0.021354109048843384, 0.0001698328705970198, 0.00017983275756705552, 0.00017231768288183957, 0.00026253628311678767, 0.0004922471125610173, 0.49078673124313354, 0.998920202255249, 0.0001969655422726646, 0.188859224319458, 0.00022260496916715056, 0.0007675155065953732, 0.11015498638153076, 0.0002145043108612299, 0.00041468022391200066, 0.0001684335438767448, 0.0001681660214671865, 0.0002931427152361721, 0.000175600522197783, 0.06506997346878052, 0.0002884743735194206, 0.002227288205176592, 0.00028029916575178504, 0.0029472203459590673, 0.00036538392305374146, 0.0006019151187501848, 0.007049310952425003, 0.3960545063018799, 0.001521509257145226, 0.00025106777320615947, 0.0003038099384866655, 0.00017047162691596895, 0.00019019775209017098, 0.0007740046130493283, 0.00018256111070513725, 0.00017324950022157282, 0.0007172563346102834, 0.00019212525512557477, 0.00016779698489699513, 0.00017349483096040785, 0.000204496958758682, 0.07753358781337738, 0.0001799554011086002, 0.00021719479991588742, 0.0001991478056879714, 0.010948925279080868, 0.17016467452049255, 0.00017344142543151975, 0.0004277769767213613, 0.0002268518874188885, 0.00017415084585081786, 0.0002515496453270316, 0.00029375177109614015, 0.005808498710393906]}, "logits": {"test": [-4.603074073791504, -4.529142379760742, -4.683246612548828, -4.703149795532227, -4.7123847007751465, -3.900494337081909, 0.15273050963878632, -2.803907632827759, -4.711494445800781, -4.539806842803955, -4.511970043182373, -3.319581985473633, -4.687445163726807, -4.141546726226807, -3.5890955924987793, -4.509358882904053, -4.496209621429443, -4.268112659454346, 0.04870579391717911, -4.670478343963623, -4.5877814292907715, -4.677360534667969, -4.1210174560546875, -4.672312259674072, -4.410436153411865, -4.438109397888184, -0.12176396697759628, -3.9191250801086426, -4.665436744689941, -1.8018198013305664, -1.8678677082061768, -4.062135219573975, -4.687338829040527, 0.5654194951057434, -4.674033164978027, -3.829213857650757, -1.765024185180664, -4.633620738983154, -4.5373921394348145, -4.700291633605957, -4.526518821716309, -4.678671360015869, -4.065084457397461, -4.687906265258789, -4.710608005523682, -4.593440055847168, -4.635187149047852, -3.759464740753174, -4.593873500823975, -4.447509288787842, -4.419027328491211, -4.703658103942871, -4.683345794677734, -4.182377815246582, 4.693508148193359, -4.535839080810547, -3.4776358604431152, -4.691799163818359, -2.9630126953125, -4.590072154998779, -4.655704498291016, -4.114232063293457, -4.316952705383301, -4.6623854637146, -3.1865320205688477, -4.675477027893066, -2.052727460861206, -4.708103656768799, -4.676638126373291, -4.69959020614624, -4.455986976623535, -4.087845325469971, -0.07019124180078506, 3.62302827835083, -4.625263690948486, -0.8037772178649902, -4.548731327056885, -3.8641116619110107, -1.1376068592071533, -4.5754194259643555, -4.202329635620117, -4.71672248840332, -4.716272830963135, -4.3862128257751465, -4.689304351806641, -1.4391809701919556, -4.404334545135498, -3.2914905548095703, -4.421962261199951, -3.1455864906311035, -4.282820701599121, -4.008166313171387, -2.6390626430511475, -0.27711355686187744, -3.4995594024658203, -4.488699913024902, -4.376410961151123, -4.700935363769531, -4.6412763595581055, -3.855821132659912, -4.670619487762451, -4.690854549407959, -3.9080333709716797, -4.639037609100342, -4.718014717102051, -4.695876598358154, -4.605745315551758, -1.3304883241653442, -4.672909259796143, -4.566007614135742, -4.618622779846191, -2.425534725189209, -0.8630467653274536, -4.701700210571289, -4.199496269226074, -4.5490336418151855, -4.698614597320557, -4.488132476806641, -4.4011335372924805, -2.740954637527466]}, "acc_test": 0.44166666666666665, "precision_test": 0.6, "recall_test": 0.04411764705882353, "f1_test": 0.08219178082191782, "auc_test": 0.4061085972850679, "preds": [0.0002045827714027837, 0.0002332138828933239, 0.00022854676353745162, 0.00023660052102059126, 0.00017586961621418595, 0.00024200660118367523, 0.00024727199343033135, 0.0003644107491709292, 0.5566621422767639, 0.0001822520571295172, 0.00020959789981134236, 0.00017750142433214933, 0.00018042133888229728, 0.0002841156965587288, 0.4607996940612793, 0.0006880268338136375, 0.00018574943533167243, 0.029957378283143044, 0.0001774729898897931, 0.7563583254814148, 0.00019484043878037483, 0.0001721464068396017, 0.00023279580636881292, 0.00018009907216764987, 0.00020826201944146305, 0.00019312459335196763, 0.0002080833655782044, 0.00026767238159663975, 0.000178146903635934, 0.9998250603675842, 0.0002294754231115803, 0.001558948657475412, 0.00017367293185088784, 0.00018578165327198803, 0.00017762822972144932, 0.0001698328705970198, 0.00017983275756705552, 0.00017231768288183957, 0.00026253628311678767, 0.0004922471125610173, 0.49078673124313354, 0.188859224319458, 0.0007675155065953732, 0.00041468022391200066, 0.0001684335438767448, 0.000175600522197783, 0.0002884743735194206, 0.0029472203459590673, 0.00036538392305374146, 0.001521509257145226, 0.00025106777320615947, 0.0003038099384866655, 0.00019019775209017098, 0.00017324950022157282, 0.00019212525512557477, 0.00017349483096040785, 0.000204496958758682, 0.07753358781337738, 0.0001799554011086002, 0.00021719479991588742, 0.010948925279080868, 0.00017344142543151975, 0.0004277769767213613, 0.0002268518874188885, 0.00017415084585081786, 0.0002515496453270316, 0.00029375177109614015, 0.005808498710393906]}
{"name": "Hello-SimpleAI/chatgpt-detector-roberta", "predictions": {"test": [0.331376850605011, 0.007211952470242977, 0.021993298083543777, 0.2395823895931244, 0.0072081866674125195, 0.05645155534148216, 0.0019801435992121696, 0.0003942338516935706, 0.00033546044141985476, 0.998638927936554, 0.9979960918426514, 0.00046352591016329825, 0.30742254853248596, 0.0011175982654094696, 0.29610079526901245, 0.0004919052007608116, 0.922778844833374, 0.996392548084259, 0.015650246292352676, 0.994441568851471, 0.008273690938949585, 0.15309159457683563, 0.968285322189331, 0.008967002853751183, 0.3201954662799835, 0.0005094681400805712, 0.9992309808731079, 0.00044012098805978894, 0.05903259292244911, 0.00029576587257906795, 0.08661946654319763, 0.0011864021653309464, 0.9989445805549622, 0.9949910044670105, 0.06379321217536926, 0.0007950974977575243, 0.11377748101949692, 0.012260756455361843, 0.00038015429163351655, 0.24108293652534485, 0.02430395409464836, 0.01908397674560547, 0.0006462131859734654, 0.006634535267949104, 0.0003310573229100555, 0.0009803692810237408, 0.005995888728648424, 0.00028792431112378836, 0.0018390907207503915, 0.10268223285675049, 0.00036344019463285804, 0.00040937215089797974, 0.009284928441047668, 0.9841984510421753, 0.9992159605026245, 0.004921347834169865, 0.38332003355026245, 0.0021882005967199802, 0.000297663442324847, 0.0005905330763198435, 0.9890751838684082, 0.0013102215016260743, 0.01652657985687256, 0.04525655508041382, 0.9930712580680847, 0.02043132297694683, 0.0010770849185064435, 0.01327348779886961, 0.9054529666900635, 0.0067366850562393665, 0.010052232071757317, 0.036221206188201904, 0.9957687854766846, 0.006279610097408295, 0.00246828212402761, 0.0009340499527752399, 0.00027887997566722333, 0.14193689823150635, 0.06694269180297852, 0.030432553961873055, 0.0006044798064976931, 0.00032551991171203554, 0.00044428781257010996, 0.0003204198437742889, 0.0005148135242052376, 0.1388479620218277, 0.0028698197565972805, 0.04842656850814819, 0.00033807431464083493, 0.967986524105072, 0.9602715969085693, 0.2961519956588745, 0.0010523770470172167, 0.29011255502700806, 0.9917281866073608, 0.0015553752891719341, 0.9904239773750305, 0.0005411423044279218, 0.0343228355050087, 0.0003773464122787118, 0.020718751475214958, 0.006798902526497841, 0.05228780582547188, 0.24861624836921692, 0.055933061987161636, 0.20332790911197662, 0.000340228492859751, 0.0995245948433876, 0.000869700510520488, 0.00048402021639049053, 0.001415369799360633, 0.9847715497016907, 0.10419286787509918, 0.9755303859710693, 0.2590262293815613, 0.005987678654491901, 0.004649497102946043, 0.0028739585541188717, 0.002895219484344125, 0.040946152061223984]}, "logits": {"test": [-0.49637341499328613, -2.3806188106536865, -1.8889696598052979, -0.7051053047180176, -2.380847930908203, -1.4557753801345825, -2.9240803718566895, -3.5385782718658447, -3.592193365097046, 2.927553415298462, 2.7759549617767334, -3.4825644493103027, -0.5466013550758362, -3.1524832248687744, -0.5712093710899353, -3.461487054824829, 1.2047008275985718, 2.5378050804138184, -2.041074275970459, 2.358610153198242, -2.3210995197296143, -0.9602148532867432, 1.6095895767211914, -2.2860913276672363, -0.5192805528640747, -3.4489238262176514, 3.123755693435669, -3.500722646713257, -1.434683918952942, -3.631918430328369, -1.2502672672271729, -3.129056215286255, 3.0231106281280518, 2.4020371437072754, -1.3978480100631714, -3.2838656902313232, -1.11453115940094, -2.149033546447754, -3.550861358642578, -0.7013331055641174, -1.8439539670944214, -1.952630639076233, -3.3618688583374023, -2.416639804840088, -3.596468687057495, -3.203481912612915, -2.4601857662200928, -3.6399905681610107, -2.954077959060669, -0.88225257396698, -3.5658836364746094, -3.525731086730957, -2.2709267139434814, 1.9144551753997803, 3.120818614959717, -2.544616937637329, -0.11300097405910492, -2.8833167552948, -3.6299655437469482, -3.395209550857544, 2.0730574131011963, -3.0898921489715576, -2.016829490661621, -1.5593063831329346, 2.266192674636841, -1.9220666885375977, -3.1669161319732666, -2.114041328430176, 1.1085517406463623, -2.41005277633667, -2.236227035522461, -1.6622542142868042, 2.4720418453216553, -2.4403254985809326, -2.8338677883148193, -3.2221951484680176, -3.6492919921875, -1.000378966331482, -1.3748618364334106, -1.7419391870498657, -3.386605739593506, -3.601903200149536, -3.497431516647339, -3.6069445610046387, -3.4451706409454346, -1.0119497776031494, -2.771521806716919, -1.5277470350265503, -3.5896763801574707, 1.6054273843765259, 1.509124994277954, -0.5711274147033691, -3.1759650707244873, -0.5846738815307617, 2.1913788318634033, -3.0215818881988525, 2.129237413406372, -3.4271328449249268, -1.6869603395462036, -3.553354501724243, -1.9158072471618652, -2.406092405319214, -1.4918442964553833, -0.6824854612350464, -1.4601277112960815, -0.8027140498161316, -3.5876100063323975, -1.1817246675491333, -3.249634265899658, -3.46724271774292, -3.0592429637908936, 1.930417537689209, -1.153153657913208, 1.7240225076675415, -0.6567943096160889, -2.4607579708099365, -2.5687789916992188, -2.7709197998046875, -2.7678630352020264, -1.6057298183441162]}, "acc_test": 0.5583333333333333, "precision_test": 0.8571428571428571, "recall_test": 0.2647058823529412, "f1_test": 0.4044943820224719, "auc_test": 0.7039027149321266, "preds": [0.331376850605011, 0.007211952470242977, 0.998638927936554, 0.9979960918426514, 0.30742254853248596, 0.0004919052007608116, 0.922778844833374, 0.996392548084259, 0.015650246292352676, 0.994441568851471, 0.008273690938949585, 0.15309159457683563, 0.008967002853751183, 0.3201954662799835, 0.9992309808731079, 0.00044012098805978894, 0.05903259292244911, 0.08661946654319763, 0.9989445805549622, 0.9949910044670105, 0.012260756455361843, 0.24108293652534485, 0.02430395409464836, 0.01908397674560547, 0.0009803692810237408, 0.005995888728648424, 0.0018390907207503915, 0.10268223285675049, 0.009284928441047668, 0.9992159605026245, 0.004921347834169865, 0.38332003355026245, 0.0021882005967199802, 0.9890751838684082, 0.02043132297694683, 0.01327348779886961, 0.9054529666900635, 0.0067366850562393665, 0.010052232071757317, 0.036221206188201904, 0.9957687854766846, 0.0009340499527752399, 0.14193689823150635, 0.0006044798064976931, 0.00032551991171203554, 0.0005148135242052376, 0.0028698197565972805, 0.967986524105072, 0.9602715969085693, 0.9917281866073608, 0.0015553752891719341, 0.9904239773750305, 0.0343228355050087, 0.006798902526497841, 0.24861624836921692, 0.20332790911197662, 0.000340228492859751, 0.0995245948433876, 0.000869700510520488, 0.00048402021639049053, 0.9847715497016907, 0.9755303859710693, 0.2590262293815613, 0.005987678654491901, 0.004649497102946043, 0.0028739585541188717, 0.002895219484344125, 0.040946152061223984]}
