{"name": "likelihood_threshold", "predictions": {"test": [-2.531026601791382, -2.036165714263916, -3.429306983947754, -2.7427289485931396, -2.479729175567627, -3.461000919342041, -2.7156929969787598, -2.9959707260131836, -3.317945718765259, -1.898343801498413, -1.8064497709274292, -2.813776731491089, -4.167471885681152, -3.5572710037231445, -2.7059621810913086, -3.590430974960327, -1.9201587438583374, -2.4553732872009277, -1.698601245880127, -1.6101508140563965, -2.994861364364624, -2.6773014068603516, -2.990454912185669, -2.362861394882202, -3.401209592819214, -3.273287534713745, -2.6812732219696045, -1.5315288305282593, -1.8072290420532227, -2.732356309890747, -3.1750786304473877, -2.8777997493743896, -3.496633768081665, -1.762322187423706, -2.655148983001709, -3.222254753112793, -2.8169374465942383, -2.3836724758148193, -2.532972812652588, -2.447537422180176, -2.9028964042663574, -2.255605697631836, -2.982571601867676, -2.684386730194092, -4.363192081451416, -2.3671681880950928, -2.1887052059173584, -2.500614643096924, -2.7076385021209717, -1.6339218616485596, -3.0476276874542236, -2.9067559242248535, -1.9042048454284668, -5.5628557205200195, -2.333651542663574, -2.2596311569213867, -1.505628228187561, -2.190589427947998, -3.9019057750701904, -3.6291353702545166, -1.8867614269256592, -2.6717705726623535, -5.666046619415283, -3.4235894680023193, -2.9560577869415283, -3.022137403488159, -2.754309892654419, -3.0308234691619873, -1.8318519592285156, -1.840319275856018, -2.4255781173706055, -3.7952916622161865, -2.0886237621307373, -3.1119730472564697, -2.732393503189087, -2.065082550048828, -5.759154796600342, -4.006113529205322, -2.5882599353790283, -2.6759214401245117, -3.4751455783843994, -2.7371997833251953, -3.1254212856292725, -2.6304433345794678, -3.1174371242523193, -2.7035741806030273, -1.7136573791503906, -4.330782890319824, -3.5492143630981445, -2.2121808528900146, -2.224348783493042, -2.282691240310669, -2.7010509967803955, -2.737388849258423, -2.3158507347106934, -3.3145384788513184, -2.3539912700653076, -2.4542236328125, -2.469748020172119, -2.4488048553466797, -2.920642375946045, -2.918565511703491, -2.732883930206299, -2.7532944679260254, -2.6215603351593018, -2.432509660720825, -3.0105226039886475, -3.6571483612060547, -3.039008617401123, -2.377828359603882, -3.4282524585723877, -2.3163464069366455, -4.089223861694336, -3.499328851699829, -3.6540067195892334, -2.817586898803711, -2.88389253616333, -1.8404045104980469, -2.25759220123291, -2.6797103881835938]}, "acc_test": 0.6083333333333333, "precision_test": 0.6153846153846154, "recall_test": 0.8235294117647058, "f1_test": 0.7044025157232704, "auc_test": 0.7395361990950226}
{"name": "rank_threshold", "predictions": {"test": [-112.85365295410156, -52.49650192260742, -50.82353210449219, -65.97125244140625, -46.22222137451172, -116.8933334350586, -35.557376861572266, -142.17391967773438, -212.66136169433594, -9.528735160827637, -19.09090805053711, -72.2796630859375, -244.23077392578125, -187.06475830078125, -63.62010955810547, -332.4810791015625, -45.051612854003906, -78.01204681396484, -7.530611991882324, -26.688236236572266, -429.2857360839844, -110.3277359008789, -42.64462661743164, -14.285715103149414, -264.0243835449219, -143.98629760742188, -62.41817855834961, -9.580644607543945, -99.6021499633789, -82.70238494873047, -123.78787994384766, -89.76654815673828, -158.51266479492188, -19.449541091918945, -37.21527862548828, -110.53092193603516, -40.81999969482422, -140.67721557617188, -35.543861389160156, -60.3203125, -29.04098129272461, -273.6031799316406, -55.074378967285156, -57.577640533447266, -298.7364196777344, -48.65151596069336, -8.42424201965332, -74.17330932617188, -87.85470581054688, -13.744000434875488, -40.45774459838867, -61.11940002441406, -15.86805534362793, -390.33544921875, -73.57723236083984, -78.9921875, -3.238410711288452, -35.64753723144531, -275.5321044921875, -334.10577392578125, -7.358974456787109, -118.83663177490234, -670.4981079101562, -238.4514617919922, -62.47019958496094, -109.265625, -46.855072021484375, -97.9552230834961, -12.064516067504883, -33.005558013916016, -19.64634132385254, -439.4045715332031, -80.93965148925781, -62.24083709716797, -92.63636779785156, -429.8095397949219, -751.7178955078125, -362.0873107910156, -51.57965850830078, -99.85713958740234, -121.5182876586914, -86.4380111694336, -94.2272720336914, -50.98591613769531, -75.2800064086914, -165.7784423828125, -27.57851219177246, -415.8465881347656, -132.81761169433594, -157.90264892578125, -62.78512191772461, -46.123077392578125, -61.35483932495117, -162.0449981689453, -41.585105895996094, -456.3235168457031, -25.59503936767578, -43.92735290527344, -68.09677124023438, -125.30061340332031, -32.717105865478516, -40.215911865234375, -44.53741455078125, -117.82014465332031, -137.20237731933594, -88.0157470703125, -99.67195129394531, -472.7404479980469, -211.3333282470703, -75.9920654296875, -191.2716064453125, -58.2833366394043, -465.8531799316406, -187.76864624023438, -471.1748046875, -316.6327819824219, -87.36666870117188, -7.3828125, -9.871559143066406, -88.06977081298828]}, "acc_test": 0.5666666666666667, "precision_test": 0.5869565217391305, "recall_test": 0.7941176470588235, "f1_test": 0.675, "auc_test": 0.5856900452488688}
{"name": "log_rank_threshold", "predictions": {"test": [-1.1646053791046143, -0.899444580078125, -1.8601396083831787, -1.4066370725631714, -1.198451280593872, -1.8873132467269897, -1.3267656564712524, -1.5744869709014893, -1.8257038593292236, -0.839891254901886, -0.7456154823303223, -1.3730717897415161, -2.451423406600952, -1.8482303619384766, -1.3515924215316772, -1.9391921758651733, -0.8051332831382751, -1.1780775785446167, -0.7026974558830261, -0.5802657604217529, -1.5234038829803467, -1.2998424768447876, -1.5355198383331299, -1.0294201374053955, -1.8231929540634155, -1.762467861175537, -1.314770221710205, -0.5516535639762878, -0.8177006244659424, -1.36806058883667, -1.6961669921875, -1.48658287525177, -1.9957427978515625, -0.6638759970664978, -1.2897708415985107, -1.7201958894729614, -1.3807697296142578, -1.1662087440490723, -1.182428002357483, -1.131615400314331, -1.4218999147415161, -0.9363034963607788, -1.4384474754333496, -1.3451297283172607, -2.5038697719573975, -1.1254574060440063, -0.9939500689506531, -1.2637803554534912, -1.3778055906295776, -0.7225778698921204, -1.5400029420852661, -1.4822787046432495, -0.935314416885376, -3.3446741104125977, -1.138183355331421, -0.9817922115325928, -0.5298862457275391, -1.0688775777816772, -2.2281765937805176, -1.9778307676315308, -0.8140091896057129, -1.3650814294815063, -3.560030221939087, -1.9151585102081299, -1.4493024349212646, -1.569379448890686, -1.346914291381836, -1.458892822265625, -0.6980440020561218, -0.8348524570465088, -1.1782622337341309, -2.1682565212249756, -1.033631443977356, -1.6693894863128662, -1.4592459201812744, -0.909066915512085, -3.546954870223999, -2.269550323486328, -1.3705151081085205, -1.3494718074798584, -1.9004179239273071, -1.3405286073684692, -1.6224521398544312, -1.281396746635437, -1.6421173810958862, -1.4273302555084229, -0.7482665181159973, -2.430169105529785, -1.9118140935897827, -0.9455408453941345, -0.9467494487762451, -1.0678359270095825, -1.3978185653686523, -1.3605296611785889, -1.0923961400985718, -1.7979295253753662, -1.056881070137024, -1.1326724290847778, -1.233963966369629, -1.1841503381729126, -1.4366642236709595, -1.4478453397750854, -1.4173043966293335, -1.3370084762573242, -1.3563425540924072, -1.1147634983062744, -1.5875579118728638, -2.0724198818206787, -1.5608760118484497, -0.9990922212600708, -1.8567413091659546, -1.0805710554122925, -2.3041694164276123, -1.8235026597976685, -2.082206964492798, -1.5037062168121338, -1.4823721647262573, -0.7231109738349915, -0.9840202927589417, -1.3123277425765991]}, "acc_test": 0.6166666666666667, "precision_test": 0.6222222222222222, "recall_test": 0.8235294117647058, "f1_test": 0.7088607594936709, "auc_test": 0.75}
{"name": "entropy_threshold", "predictions": {"test": [3.247659206390381, 2.8461930751800537, 3.435570240020752, 3.3788957595825195, 2.9606292247772217, 3.719271421432495, 3.4367058277130127, 3.796841621398926, 3.620621919631958, 2.7671473026275635, 2.5553884506225586, 3.4683756828308105, 4.026821136474609, 4.241725444793701, 3.3323042392730713, 3.6062235832214355, 2.923715114593506, 2.9085659980773926, 2.5881824493408203, 2.573479652404785, 3.4781744480133057, 3.261028528213501, 3.0876543521881104, 3.2057509422302246, 3.5362329483032227, 3.699375867843628, 2.900822877883911, 2.5213241577148438, 2.4068126678466797, 3.1285400390625, 3.3930485248565674, 3.0822558403015137, 3.716883897781372, 2.8573529720306396, 2.975193500518799, 3.7040181159973145, 3.6608657836914062, 2.7191059589385986, 2.952085256576538, 3.5017313957214355, 3.4733989238739014, 3.120577335357666, 3.6243722438812256, 3.217320442199707, 4.573663711547852, 3.085937261581421, 2.9514801502227783, 3.1003594398498535, 3.263079881668091, 2.180030584335327, 3.3820784091949463, 3.1460893154144287, 2.2245635986328125, 4.69887113571167, 2.9780054092407227, 3.4452688694000244, 2.4221861362457275, 2.9040915966033936, 3.7706997394561768, 3.766512870788574, 2.677971124649048, 3.334386110305786, 5.858282089233398, 3.7492570877075195, 3.282322406768799, 3.6618053913116455, 2.9966182708740234, 3.7975969314575195, 2.9092936515808105, 2.395709753036499, 3.02919602394104, 4.099626064300537, 2.2335152626037598, 3.261854648590088, 3.3457210063934326, 2.531667709350586, 5.785089492797852, 3.9352166652679443, 2.9154229164123535, 3.3552467823028564, 3.783348798751831, 3.5158851146698, 3.5858147144317627, 3.3445804119110107, 3.296881675720215, 2.996976613998413, 2.8372347354888916, 4.326934814453125, 3.684640884399414, 3.0524070262908936, 3.286043882369995, 2.6057610511779785, 3.2786169052124023, 3.37375545501709, 2.789924383163452, 3.5855493545532227, 3.199099540710449, 3.1185224056243896, 3.1246912479400635, 2.924111843109131, 3.2274062633514404, 3.302049160003662, 3.040252923965454, 3.546083450317383, 3.0068743228912354, 3.4566495418548584, 3.124307155609131, 3.920661687850952, 3.430191993713379, 3.6987695693969727, 3.596982717514038, 3.1443960666656494, 4.049739360809326, 3.6897103786468506, 4.226161479949951, 3.3050968647003174, 2.992021322250366, 2.9603896141052246, 3.2323148250579834, 3.2814536094665527]}, "acc_test": 0.6, "precision_test": 0.6190476190476191, "recall_test": 0.7647058823529411, "f1_test": 0.6842105263157895, "auc_test": 0.6677036199095022}
{"name": "rank_GLTR_threshold", "predictions": {"test": [[0.7967479674796748, 0.15447154471544716, 0.032520325203252036, 0.016260162601626018], [0.8881118881118881, 0.08391608391608392, 0.02097902097902098, 0.006993006993006993], [0.6470588235294118, 0.18487394957983194, 0.16806722689075632, 0.0], [0.7412731006160165, 0.17864476386036962, 0.06776180698151951, 0.012320328542094456], [0.7828282828282829, 0.16666666666666666, 0.03535353535353535, 0.015151515151515152], [0.6666666666666666, 0.19333333333333333, 0.12666666666666668, 0.013333333333333334], [0.7622950819672131, 0.13934426229508196, 0.09016393442622951, 0.00819672131147541], [0.7453416149068323, 0.15527950310559005, 0.07453416149068323, 0.024844720496894408], [0.7142857142857143, 0.12169312169312169, 0.10582010582010581, 0.0582010582010582], [0.9080459770114943, 0.07471264367816093, 0.017241379310344827, 0.0], [0.8842975206611571, 0.09090909090909091, 0.024793388429752067, 0.0], [0.7627118644067796, 0.17372881355932204, 0.046610169491525424, 0.01694915254237288], [0.5538461538461539, 0.2230769230769231, 0.16153846153846155, 0.06153846153846154], [0.7410071942446043, 0.1223021582733813, 0.10071942446043165, 0.03597122302158273], [0.7653631284916201, 0.1340782122905028, 0.08379888268156424, 0.01675977653631285], [0.6810810810810811, 0.16216216216216217, 0.11351351351351352, 0.043243243243243246], [0.8838709677419355, 0.10967741935483871, 0.0, 0.0064516129032258064], [0.8072289156626506, 0.13855421686746988, 0.04216867469879518, 0.012048192771084338], [0.9115646258503401, 0.07482993197278912, 0.013605442176870748, 0.0], [0.9352941176470588, 0.041176470588235294, 0.01764705882352941, 0.0058823529411764705], [0.7619047619047619, 0.1619047619047619, 0.01904761904761905, 0.05714285714285714], [0.7899159663865546, 0.13445378151260504, 0.05042016806722689, 0.025210084033613446], [0.7603305785123967, 0.15702479338842976, 0.0743801652892562, 0.008264462809917356], [0.8571428571428571, 0.09243697478991597, 0.05042016806722689, 0.0], [0.6910569105691057, 0.16260162601626016, 0.0975609756097561, 0.04878048780487805], [0.6712328767123288, 0.2191780821917808, 0.0821917808219178, 0.0273972602739726], [0.7454545454545455, 0.18181818181818182, 0.06363636363636363, 0.00909090909090909], [0.9290322580645162, 0.05161290322580645, 0.01935483870967742, 0.0], [0.8548387096774194, 0.11827956989247312, 0.016129032258064516, 0.010752688172043012], [0.7738095238095238, 0.17261904761904762, 0.03571428571428571, 0.017857142857142856], [0.7121212121212122, 0.1893939393939394, 0.08333333333333333, 0.015151515151515152], [0.7665505226480837, 0.13937282229965156, 0.07317073170731707, 0.020905923344947737], [0.6645569620253164, 0.14556962025316456, 0.13924050632911392, 0.05063291139240506], [0.9357798165137615, 0.05504587155963303, 0.0, 0.009174311926605505], [0.7777777777777778, 0.16319444444444445, 0.052083333333333336, 0.006944444444444444], [0.6804123711340206, 0.1958762886597938, 0.09278350515463918, 0.030927835051546393], [0.765, 0.145, 0.075, 0.015], [0.8481012658227848, 0.10126582278481013, 0.04430379746835443, 0.006329113924050633], [0.8011695906432749, 0.15204678362573099, 0.04093567251461988, 0.005847953216374269], [0.8359375, 0.109375, 0.03125, 0.0234375], [0.7540983606557377, 0.18032786885245902, 0.06557377049180328, 0.0], [0.873015873015873, 0.1111111111111111, 0.007936507936507936, 0.007936507936507936], [0.7851239669421488, 0.12396694214876033, 0.0743801652892562, 0.01652892561983471], [0.8136645962732919, 0.13664596273291926, 0.031055900621118012, 0.018633540372670808], [0.5813953488372093, 0.20155038759689922, 0.14728682170542637, 0.06976744186046512], [0.8181818181818182, 0.12121212121212122, 0.045454545454545456, 0.015151515151515152], [0.8585858585858586, 0.13131313131313133, 0.010101010101010102, 0.0], [0.7808764940239044, 0.14940239043824702, 0.05776892430278884, 0.01195219123505976], [0.7863247863247863, 0.1282051282051282, 0.06837606837606838, 0.017094017094017096], [0.92, 0.048, 0.032, 0.0], [0.6971830985915493, 0.2605633802816901, 0.028169014084507043, 0.014084507042253521], [0.753731343283582, 0.14925373134328357, 0.08208955223880597, 0.014925373134328358], [0.8333333333333334, 0.1111111111111111, 0.05555555555555555, 0.0], [0.3924050632911392, 0.24050632911392406, 0.27848101265822783, 0.08860759493670886], [0.8048780487804879, 0.13821138211382114, 0.032520325203252036, 0.024390243902439025], [0.859375, 0.1015625, 0.0078125, 0.03125], [0.9337748344370861, 0.06622516556291391, 0.0, 0.0], [0.8278688524590164, 0.12295081967213115, 0.040983606557377046, 0.00819672131147541], [0.6238532110091743, 0.2018348623853211, 0.08256880733944955, 0.09174311926605505], [0.6634615384615384, 0.1875, 0.09615384615384616, 0.052884615384615384], [0.8910256410256411, 0.10256410256410256, 0.00641025641025641, 0.0], [0.7920792079207921, 0.12871287128712872, 0.04950495049504951, 0.0297029702970297], [0.3940520446096654, 0.22676579925650558, 0.2342007434944238, 0.1449814126394052], [0.6708860759493671, 0.16033755274261605, 0.10970464135021098, 0.05907172995780591], [0.7748344370860927, 0.152317880794702, 0.059602649006622516, 0.013245033112582781], [0.7421875, 0.1328125, 0.1015625, 0.0234375], [0.7536231884057971, 0.15217391304347827, 0.08695652173913043, 0.007246376811594203], [0.7835820895522388, 0.13432835820895522, 0.06716417910447761, 0.014925373134328358], [0.946236559139785, 0.043010752688172046, 0.010752688172043012, 0.0], [0.8722222222222222, 0.09444444444444444, 0.027777777777777776, 0.005555555555555556], [0.7987804878048781, 0.15853658536585366, 0.042682926829268296, 0.0], [0.648854961832061, 0.17557251908396945, 0.10687022900763359, 0.06870229007633588], [0.8362068965517241, 0.10344827586206896, 0.02586206896551724, 0.034482758620689655], [0.680628272251309, 0.2094240837696335, 0.09424083769633508, 0.015706806282722512], [0.7381818181818182, 0.16, 0.08, 0.02181818181818182], [0.8928571428571429, 0.06547619047619048, 0.023809523809523808, 0.017857142857142856], [0.38589211618257263, 0.25311203319502074, 0.2074688796680498, 0.15352697095435686], [0.6111111111111112, 0.2222222222222222, 0.09523809523809523, 0.07142857142857142], [0.7762711864406779, 0.13559322033898305, 0.08135593220338982, 0.006779661016949152], [0.7987012987012987, 0.11038961038961038, 0.08441558441558442, 0.006493506493506494], [0.6829268292682927, 0.18902439024390244, 0.09146341463414634, 0.036585365853658534], [0.7851239669421488, 0.1487603305785124, 0.04132231404958678, 0.024793388429752067], [0.7575757575757576, 0.12626262626262627, 0.09595959595959595, 0.020202020202020204], [0.7934272300469484, 0.15492957746478872, 0.04225352112676056, 0.009389671361502348], [0.696, 0.208, 0.08, 0.016], [0.7664670658682635, 0.16167664670658682, 0.041916167664670656, 0.029940119760479042], [0.8842975206611571, 0.09090909090909091, 0.01652892561983471, 0.008264462809917356], [0.5681818181818182, 0.24431818181818182, 0.11931818181818182, 0.06818181818181818], [0.6918238993710691, 0.15723270440251572, 0.1069182389937107, 0.0440251572327044], [0.8761061946902655, 0.10619469026548672, 0.008849557522123894, 0.008849557522123894], [0.8512396694214877, 0.10743801652892562, 0.03305785123966942, 0.008264462809917356], [0.8384615384615385, 0.11538461538461539, 0.038461538461538464, 0.007692307692307693], [0.7580645161290323, 0.14516129032258066, 0.08064516129032258, 0.016129032258064516], [0.795, 0.14, 0.045, 0.02], [0.8297872340425532, 0.1276595744680851, 0.031914893617021274, 0.010638297872340425], [0.7058823529411765, 0.16176470588235295, 0.08823529411764706, 0.04411764705882353], [0.859504132231405, 0.09090909090909091, 0.04132231404958678, 0.008264462809917356], [0.8376068376068376, 0.10683760683760683, 0.042735042735042736, 0.01282051282051282], [0.7580645161290323, 0.1532258064516129, 0.07258064516129033, 0.016129032258064516], [0.8282208588957055, 0.12269938650306748, 0.03680981595092025, 0.012269938650306749], [0.7302631578947368, 0.18421052631578946, 0.08552631578947369, 0.0], [0.7329545454545454, 0.19886363636363635, 0.0625, 0.005681818181818182], [0.7551020408163265, 0.16326530612244897, 0.06802721088435375, 0.013605442176870748], [0.7482014388489209, 0.16546762589928057, 0.07194244604316546, 0.014388489208633094], [0.7916666666666666, 0.13690476190476192, 0.06547619047619048, 0.005952380952380952], [0.8346456692913385, 0.11023622047244094, 0.031496062992125984, 0.023622047244094488], [0.708994708994709, 0.2222222222222222, 0.047619047619047616, 0.021164021164021163], [0.6793893129770993, 0.1297709923664122, 0.12213740458015267, 0.06870229007633588], [0.75177304964539, 0.1773049645390071, 0.04964539007092199, 0.02127659574468085], [0.8492063492063492, 0.09523809523809523, 0.03968253968253968, 0.015873015873015872], [0.7098765432098766, 0.16049382716049382, 0.10493827160493827, 0.024691358024691357], [0.8583333333333333, 0.09166666666666666, 0.03333333333333333, 0.016666666666666666], [0.6146788990825688, 0.1834862385321101, 0.12844036697247707, 0.07339449541284404], [0.6716417910447762, 0.22388059701492538, 0.05970149253731343, 0.04477611940298507], [0.6503496503496503, 0.1888111888111888, 0.0979020979020979, 0.06293706293706294], [0.7740112994350282, 0.10734463276836158, 0.07344632768361582, 0.04519774011299435], [0.75, 0.14166666666666666, 0.08333333333333333, 0.025], [0.8984375, 0.0859375, 0.015625, 0.0], [0.8348623853211009, 0.13761467889908258, 0.027522935779816515, 0.0], [0.7906976744186046, 0.13178294573643412, 0.05426356589147287, 0.023255813953488372]]}, "acc_test": 0.6, "precision_test": 0.6136363636363636, "recall_test": 0.7941176470588235, "f1_test": 0.6923076923076923, "auc_test": 0.7350113122171945}
{"name": "perturbation_10_z", "predictions": {"test": [0.34733113288929235, 0.8798607590957543, 0.6470317450910695, 3.2510713339334605, 1.4931737264865905, 0.09877670796735226, 0.7974426758349585, 1.8442243652784671, 0.9912367161027082, 1.1175927668705, 0.6632458588435619, 2.3847602236401326, 0.1859071978013813, 0.638473642442076, 0.315062180017526, -0.6330763593775098, 1.8542107100884702, 0.632653671856621, 1.7477456931124267, 0.18629718231270873, 0.3887990922279088, -0.5807207308883685, -0.19870283876352435, 1.4105094199761985, 0.42111566783719623, 0.7521105267676478, 0.8191223518564387, 1.597212239787167, 1.9027296732242576, 1.0376556670053934, -0.45693714594294005, 0.8362056715437208, -0.010612019374278308, 1.423189765487483, 1.2191565456335838, 0.8168226064479412, 2.861832479801386, 1.4285766790840322, 2.0066034929868564, 1.1576807857355658, 0.38326241879769585, 0.9942806642182392, 0.6617940338339805, 0.26397220043470865, 0.9352602951958542, -0.28520755182687096, 0.7741008427887144, 2.082629829248309, 1.9256324677218482, 0.839091872278325, 0.888578960370069, 0.8617598828528314, -0.1428144517653006, 0.07045803376726455, 0.8748703113167421, 1.3969180155967167, 0.8532525275320414, 0.9427450870383187, -0.8814888246559177, -0.7105907094526814, 1.1920466906208786, 1.9595123751285775, 0.003859973595896642, 0.057268245659621936, 0.794248451178277, 1.127966201142423, 0.32683786855569946, 0.8188586013764705, 1.32077332089125, 0.6084392493277427, 1.4889353903671143, 0.09416341314428817, 0.42700419373345055, 0.1582399781816926, 2.0504517138027163, 0.031161005249576802, 0.4138497705165228, -0.2751155154699578, 0.9157384603374707, 1.3394455929448716, 0.3891042546543273, 0.9371430972907951, 1.047982640786677, 1.0904574016117625, 0.3808688068588713, 0.9976942827148689, 1.0011576354519873, 1.0340696316086428, -0.06574435454286394, 0.5028818338945739, 0.34020868393728443, 1.3194196374204952, 3.307145872074489, 0.4582028736526894, 1.5033833819012872, 0.6372136919381179, 1.0272192472144002, 1.2671516855885019, 0.5845727248873948, 1.042648757250247, 0.2791286080433938, 0.9573208468087979, 1.9490115310111304, 1.9633799949872885, 1.0545431671803567, 0.764403528424556, 1.209783240747462, 0.8195422541360143, 0.38024636679309376, 1.6517250041312064, 0.7222393250315071, 0.505888022036771, 0.34319230503943177, 0.3853349437701086, 1.0349056336997215, 0.3018804126162082, 0.8194359818019101, 1.491927621663051, 1.0233820877643804, 1.1005233959471523]}, "info": {"pct_words_masked": 0.3, "span_length": 2, "n_perturbations": 10}, "general": {"acc_test": 0.5666666666666667, "precision_test": 0.5869565217391305, "recall_test": 0.7941176470588235, "f1_test": 0.675, "auc_test": 0.4654977375565611}}
{"name": "GPT-sentinel", "acc": 0.925}
{"name": "roberta-base-openai-detector", "predictions": {"test": [0.9988454580307007, 0.971574604511261, 0.0003942866751458496, 0.0001749677467159927, 0.00020719367603305727, 0.00020930473692715168, 0.0018975123530253768, 0.00019058279576711357, 0.0002132896042894572, 0.7774090766906738, 0.9998170733451843, 0.00029380558407865465, 0.00018074677791446447, 0.00018787641602102667, 0.00024377775844186544, 0.0030508865602314472, 0.9998177886009216, 0.021290790289640427, 0.9998242259025574, 0.9997946619987488, 0.00031126357498578727, 0.963331401348114, 0.000283708272036165, 0.4363822340965271, 0.00030692500877194107, 0.00016759024583734572, 0.0004025836824439466, 0.999795138835907, 0.9998192191123962, 0.00018714729230850935, 0.2987067699432373, 0.0004070239083375782, 0.00026095507200807333, 0.9998169541358948, 0.0007634843932464719, 0.0002580160216894001, 0.9793334603309631, 0.9713063836097717, 0.0004936986370012164, 0.9980193376541138, 0.9768967032432556, 0.9997702240943909, 0.00538792135193944, 0.3040262758731842, 0.00025172598543576896, 0.9989607334136963, 0.9985307455062866, 0.00017372524598613381, 0.8505899906158447, 0.9962970614433289, 0.0002589818905107677, 0.00016810464148875326, 0.9234825372695923, 0.00018696750339586288, 0.03540211543440819, 0.9954506754875183, 0.9997946619987488, 0.999305248260498, 0.00019313121447339654, 0.0002941360289696604, 0.9998262524604797, 0.00018535295384936035, 0.00021907221525907516, 0.00033336872002109885, 0.4327763319015503, 0.2597426176071167, 0.0001898609334602952, 0.005056559573858976, 0.999825656414032, 0.999672532081604, 0.3489100933074951, 0.0001721603621263057, 0.000837753526866436, 0.0003028192149940878, 0.000179635506356135, 0.9998230338096619, 0.0002168924402212724, 0.00019873998826369643, 0.00017684644262772053, 0.480154424905777, 0.0005428277072496712, 0.9997444748878479, 0.00018557009752839804, 0.0001922942465171218, 0.0019625029526650906, 0.00017000608204398304, 0.9998162388801575, 0.00020367346587590873, 0.00017075745563488454, 0.9900584816932678, 0.6487944722175598, 0.00022217450896278024, 0.0017812025034800172, 0.0001704805763438344, 0.22267897427082062, 0.0005567560438066721, 0.9582007527351379, 0.00026137864915654063, 0.005334567278623581, 0.18224604427814484, 0.0015491209924221039, 0.5790713429450989, 0.0013291017385199666, 0.6848612427711487, 0.0010897761676460505, 0.9991481304168701, 0.00022718304535374045, 0.0001827988598961383, 0.00017335626762360334, 0.9998083710670471, 0.00032977116643451154, 0.9977850914001465, 0.00018127923249267042, 0.00017562528955750167, 0.00016720556595828384, 0.7689018249511719, 0.006536644417792559, 0.9998267292976379, 0.9998219609260559, 0.9887056946754456]}, "logits": {"test": [3.5800583362579346, 1.7735782861709595, -4.239095687866211, -4.694369316101074, -4.599254608154297, -4.591031551361084, -3.3628649711608887, -4.642096996307373, -4.579045295715332, 0.5846992135047913, 4.682875633239746, -4.39734411239624, -4.676647663116455, -4.650829315185547, -4.514410018920898, -3.093670129776001, 4.680624008178711, -2.071352958679199, 4.6912102699279785, 4.6256585121154785, -4.3723015785217285, 1.6459931135177612, -4.439825534820557, -0.21576626598834991, -4.3678388595581055, -4.721065044403076, -4.226904392242432, 4.6261091232299805, 4.67038631439209, -4.653374671936035, -0.5063374638557434, -4.208948612213135, -4.460756778717041, 4.681265354156494, -3.8504836559295654, -4.470736503601074, 1.9986283779144287, 1.7808345556259155, -4.102176666259766, 3.268327236175537, 1.8982007503509521, 4.525841236114502, -2.807067394256592, -0.481960654258728, -4.482996940612793, 3.646479368209839, 3.4446678161621094, -4.698389053344727, 0.8348588347434998, 2.913268566131592, -4.469898223876953, -4.718221187591553, 1.232889175415039, -4.658745765686035, -1.7842363119125366, 2.806450605392456, 4.628896236419678, 3.8786277770996094, -4.636091709136963, -4.400002479553223, 4.6983418464660645, -4.6655073165893555, -4.567665100097656, -4.320785999298096, -0.2035042941570282, -0.5859633088111877, -4.644314765930176, -2.830038547515869, 4.6983723640441895, 4.312619209289551, -0.38995304703712463, -4.693453788757324, -3.8283019065856934, -4.383526802062988, -4.679868221282959, 4.695342063903809, -4.571642875671387, -4.618386268615723, -4.683216571807861, -0.09660054743289948, -4.060999393463135, 4.461323261260986, -4.662993431091309, -4.640388011932373, -3.353677272796631, -4.710758686065674, 4.6631340980529785, -4.610924243927002, -4.70198917388916, 2.3616299629211426, 0.24038521945476532, -4.565045356750488, -3.4141249656677246, -4.710496425628662, -0.7312332987785339, -4.054512977600098, 1.5604474544525146, -4.459290504455566, -2.804429531097412, -0.8438707590103149, -3.471712827682495, 0.10391336679458618, -3.575488328933716, 0.3308144509792328, -3.674522876739502, 3.749154567718506, -4.551865577697754, -4.657269477844238, -4.693411350250244, 4.656049728393555, -4.332464218139648, 3.200962543487549, -4.670734405517578, -4.693889617919922, -4.717746734619141, 0.5609374642372131, -2.7012293338775635, 4.704310894012451, 4.679162979125977, 2.2956018447875977]}, "acc_test": 0.7666666666666667, "precision_test": 0.9761904761904762, "recall_test": 0.6029411764705882, "f1_test": 0.7454545454545454, "auc_test": 0.8563348416289593, "preds": [0.9988454580307007, 0.971574604511261, 0.7774090766906738, 0.9998170733451843, 0.00018074677791446447, 0.0030508865602314472, 0.9998177886009216, 0.021290790289640427, 0.9998242259025574, 0.9997946619987488, 0.00031126357498578727, 0.963331401348114, 0.4363822340965271, 0.00030692500877194107, 0.0004025836824439466, 0.999795138835907, 0.9998192191123962, 0.2987067699432373, 0.00026095507200807333, 0.9998169541358948, 0.9713063836097717, 0.9980193376541138, 0.9768967032432556, 0.9997702240943909, 0.9989607334136963, 0.9985307455062866, 0.8505899906158447, 0.9962970614433289, 0.9234825372695923, 0.03540211543440819, 0.9954506754875183, 0.9997946619987488, 0.999305248260498, 0.9998262524604797, 0.2597426176071167, 0.005056559573858976, 0.999825656414032, 0.999672532081604, 0.3489100933074951, 0.0001721603621263057, 0.000837753526866436, 0.9998230338096619, 0.00019873998826369643, 0.0005428277072496712, 0.9997444748878479, 0.0019625029526650906, 0.9998162388801575, 0.9900584816932678, 0.6487944722175598, 0.22267897427082062, 0.0005567560438066721, 0.9582007527351379, 0.005334567278623581, 0.5790713429450989, 0.6848612427711487, 0.9991481304168701, 0.00022718304535374045, 0.0001827988598961383, 0.00017335626762360334, 0.9998083710670471, 0.9977850914001465, 0.00017562528955750167, 0.00016720556595828384, 0.7689018249511719, 0.006536644417792559, 0.9998267292976379, 0.9998219609260559, 0.9887056946754456]}
{"name": "Hello-SimpleAI/chatgpt-detector-roberta", "predictions": {"test": [0.9988247752189636, 0.9992424249649048, 0.2803860902786255, 0.015731889754533768, 0.023713406175374985, 0.15507248044013977, 0.9888719916343689, 0.19249841570854187, 0.308114618062973, 0.9992339611053467, 0.9992430210113525, 0.9916644096374512, 0.01967576891183853, 0.9863442182540894, 0.8931810259819031, 0.8621000051498413, 0.9992311000823975, 0.9992363452911377, 0.9992432594299316, 0.9992486834526062, 0.9926930665969849, 0.9982050657272339, 0.9992367029190063, 0.992321789264679, 0.0015880822902545333, 0.1151321530342102, 0.03556712344288826, 0.9992332458496094, 0.999133288860321, 0.9946984052658081, 0.9130492210388184, 0.9987335801124573, 0.9759089350700378, 0.9992420673370361, 0.3131367266178131, 0.0008011219324544072, 0.9966875910758972, 0.9989132881164551, 0.0013473480939865112, 0.9979743361473083, 0.9924902319908142, 0.9990092515945435, 0.018179049715399742, 0.9833788275718689, 0.0003460953594185412, 0.997003972530365, 0.9989637136459351, 0.044693704694509506, 0.9546164274215698, 0.9992413520812988, 0.056359920650720596, 0.1847015619277954, 0.9991926550865173, 0.00027949377545155585, 0.9992238283157349, 0.9991381168365479, 0.9992374181747437, 0.9992334842681885, 0.025976629927754402, 0.02645397000014782, 0.9992461204528809, 0.892852783203125, 0.0002987284096889198, 0.2015148252248764, 0.990170419216156, 0.9711227416992188, 0.998653769493103, 0.9992129802703857, 0.9991521835327148, 0.9992328882217407, 0.9916031956672668, 0.013457737863063812, 0.997073769569397, 0.9897595643997192, 0.29003170132637024, 0.9992408752441406, 0.00026546104345470667, 0.0005104009178467095, 0.004082365892827511, 0.9676300287246704, 0.05356619507074356, 0.9721716642379761, 0.7355460524559021, 0.16533535718917847, 0.13956554234027863, 0.2756921648979187, 0.9992191791534424, 0.0007674444932490587, 0.012096988968551159, 0.9992024302482605, 0.8773022294044495, 0.8570430278778076, 0.28423768281936646, 0.996884286403656, 0.9992268085479736, 0.9943550825119019, 0.999237060546875, 0.9967250227928162, 0.2976732850074768, 0.11777499318122864, 0.9984122514724731, 0.007985498756170273, 0.9992107152938843, 0.9827944040298462, 0.9973704814910889, 0.10135313868522644, 0.3468838036060333, 0.008385535329580307, 0.025417715311050415, 0.9992392063140869, 0.33631715178489685, 0.9992420673370361, 0.00044567405711859465, 0.0005640136660076678, 0.01919385977089405, 0.0267479345202446, 0.0009962668409571052, 0.999241828918457, 0.9992462396621704, 0.9992245435714722]}, "logits": {"test": [2.9832844734191895, 3.1243393421173096, -0.6066508889198303, -2.0387628078460693, -1.8550516366958618, -0.9533208012580872, 2.065181255340576, -0.8337899446487427, -0.5448004603385925, 3.1239173412323, 3.124429702758789, 2.1881368160247803, -1.938962459564209, 1.9774049520492554, 1.0498825311660767, 0.9235329627990723, 3.123755693435669, 3.1239264011383057, 3.124406099319458, 3.1250946521759033, 2.243788957595825, 2.8196628093719482, 3.123849868774414, 2.2228686809539795, -3.01322865486145, -1.1085333824157715, -1.6706163883209229, 3.123889923095703, 3.0919363498687744, 2.3783700466156006, 1.1485979557037354, 2.955090045928955, 1.7308554649353027, 3.124323844909668, -0.534004807472229, -3.280998706817627, 2.5727972984313965, 3.0123889446258545, -3.078824520111084, 2.771669626235962, 2.232234477996826, 3.0459628105163574, -1.9743398427963257, 1.8925848007202148, -3.5820188522338867, 2.613818883895874, 3.0297839641571045, -1.5651441812515259, 1.449193000793457, 3.1241984367370605, -1.4565683603286743, -0.8572491407394409, 3.1135826110839844, -3.6486611366271973, 3.1226847171783447, 3.093780040740967, 3.123966693878174, 3.123901844024658, -1.8138703107833862, -1.8056343793869019, 3.124737501144409, 1.0483347177505493, -3.628870964050293, -0.8076927065849304, 2.11811900138855, 1.6510835886001587, 2.931776523590088, 3.119990825653076, 3.0990164279937744, 3.1238749027252197, 2.1850244998931885, -2.1079516410827637, 2.623408079147339, 2.1006710529327393, -0.5851263403892517, 3.12410569190979, -3.6627304553985596, -3.4482624530792236, -2.62388014793396, 1.6005117893218994, -1.4804829359054565, 1.6674216985702515, 0.5643297433853149, -0.9186015129089355, -1.0092445611953735, -0.6173538565635681, 3.12166166305542, -3.2973053455352783, -2.1549718379974365, 3.1167829036712646, 0.9817978143692017, 0.9052346348762512, -0.59771728515625, 2.597830295562744, 3.12322735786438, 2.3521618843078613, 3.1239073276519775, 2.5774571895599365, -0.5676473379135132, -1.0969886779785156, 2.8678553104400635, -2.336501121520996, 3.119361162185669, 1.877615213394165, 2.6668174266815186, -1.1726577281951904, -0.4639354646205902, -2.3152873516082764, -1.823704481124878, 3.123948574066162, -0.4855518639087677, 3.1242282390594482, -3.496344804763794, -3.4120543003082275, -1.9500762224197388, -1.8006097078323364, -3.197253465652466, 3.124328851699829, 3.1248793601989746, 3.1228184700012207]}, "acc_test": 0.6833333333333333, "precision_test": 0.7083333333333334, "recall_test": 0.75, "f1_test": 0.7285714285714285, "auc_test": 0.7480203619909502, "preds": [0.9988247752189636, 0.9992424249649048, 0.9992339611053467, 0.9992430210113525, 0.01967576891183853, 0.8621000051498413, 0.9992311000823975, 0.9992363452911377, 0.9992432594299316, 0.9992486834526062, 0.9926930665969849, 0.9982050657272339, 0.992321789264679, 0.0015880822902545333, 0.03556712344288826, 0.9992332458496094, 0.999133288860321, 0.9130492210388184, 0.9759089350700378, 0.9992420673370361, 0.9989132881164551, 0.9979743361473083, 0.9924902319908142, 0.9990092515945435, 0.997003972530365, 0.9989637136459351, 0.9546164274215698, 0.9992413520812988, 0.9991926550865173, 0.9992238283157349, 0.9991381168365479, 0.9992374181747437, 0.9992334842681885, 0.9992461204528809, 0.9711227416992188, 0.9992129802703857, 0.9991521835327148, 0.9992328882217407, 0.9916031956672668, 0.013457737863063812, 0.997073769569397, 0.9992408752441406, 0.0005104009178467095, 0.05356619507074356, 0.9721716642379761, 0.13956554234027863, 0.9992191791534424, 0.9992024302482605, 0.8773022294044495, 0.9992268085479736, 0.9943550825119019, 0.999237060546875, 0.2976732850074768, 0.007985498756170273, 0.9827944040298462, 0.10135313868522644, 0.3468838036060333, 0.008385535329580307, 0.025417715311050415, 0.9992392063140869, 0.9992420673370361, 0.0005640136660076678, 0.01919385977089405, 0.0267479345202446, 0.0009962668409571052, 0.999241828918457, 0.9992462396621704, 0.9992245435714722]}
