{"name": "likelihood_threshold", "predictions": {"test": [-2.777655839920044, -3.6397955417633057, -3.317063331604004, -3.8471269607543945, -3.7291524410247803, -2.851383924484253, -3.057276487350464, -3.8047640323638916, -3.928959846496582, -3.2314932346343994, -2.690570592880249, -4.059943199157715, -3.2721517086029053, -3.566673755645752, -3.197319507598877, -3.6509921550750732, -2.927255153656006, -3.742583751678467, -2.597322940826416, -2.990752935409546, -4.004787921905518, -3.2475318908691406, -2.865732192993164, -3.67014217376709, -3.0654423236846924, -3.8061656951904297, -2.8811657428741455, -2.5018973350524902, -2.6707100868225098, -4.115074634552002, -2.5021727085113525, -3.236172676086426, -2.8934240341186523, -2.765925168991089, -3.209721326828003, -3.9547371864318848, -3.7974188327789307, -2.8813467025756836, -3.784775495529175, -3.6697652339935303, -3.966092109680176, -2.8097643852233887, -3.759638547897339, -3.0061707496643066, -3.29359769821167, -3.1088221073150635, -2.6349215507507324, -3.7467780113220215, -3.1603710651397705, -2.572310447692871, -4.317185878753662, -3.72566556930542, -3.1104047298431396, -2.9755966663360596, -2.5952517986297607, -2.7648425102233887, -3.564830780029297, -3.5291192531585693, -4.408134460449219, -3.867565870285034, -3.369093179702759, -4.207999229431152, -3.3290045261383057, -3.1848037242889404, -3.022451877593994, -2.6149911880493164, -2.4685521125793457, -4.026244163513184, -3.235548734664917, -3.499009132385254, -2.8480656147003174, -2.729405403137207, -2.4928693771362305, -2.5303955078125, -3.4147229194641113, -3.3548238277435303, -3.801077365875244, -3.2155489921569824, -2.7279934883117676, -3.9999914169311523, -3.068014144897461, -2.6048049926757812, -3.961944580078125, -4.260087966918945, -2.5955772399902344, -3.6710853576660156, -4.1497297286987305, -3.324493885040283, -4.247433662414551, -3.2176170349121094, -2.8609421253204346, -2.92744517326355, -3.797938346862793, -3.064150333404541, -3.1734535694122314, -2.6626393795013428, -3.266469955444336, -3.67740797996521, -3.2876710891723633, -3.86555552482605, -3.1256484985351562, -2.9221746921539307, -2.8097174167633057, -2.8283309936523438, -2.890608310699463, -3.4716856479644775, -3.4126975536346436, -3.684664726257324, -2.8722667694091797, -3.234175443649292, -3.8537118434906006, -2.988912582397461, -3.143124580383301, -2.532872200012207, -2.69077730178833, -3.545217752456665, -3.6819820404052734, -2.9272420406341553, -2.9121036529541016, -3.1822450160980225]}, "acc_test": 0.6333333333333333, "precision_test": 0.7222222222222222, "recall_test": 0.5735294117647058, "f1_test": 0.639344262295082, "auc_test": 0.733314479638009}
{"name": "rank_threshold", "predictions": {"test": [-100.0857162475586, -174.58242797851562, -251.40110778808594, -388.8266906738281, -279.24853515625, -107.79267883300781, -59.858062744140625, -163.87661743164062, -353.2802734375, -132.0838623046875, -150.40994262695312, -266.6257019042969, -52.45070266723633, -274.2742919921875, -344.90740966796875, -127.25472259521484, -116.63398742675781, -506.7662353515625, -61.020545959472656, -144.3259735107422, -304.5971374511719, -236.5144500732422, -205.20730590820312, -179.58523559570312, -69.15862274169922, -462.5137023925781, -36.0157470703125, -44.84768295288086, -68.25735473632812, -160.43016052246094, -46.77048873901367, -169.356689453125, -45.218048095703125, -74.49629211425781, -152.77456665039062, -217.015869140625, -281.04791259765625, -80.06349182128906, -181.67251586914062, -229.4385986328125, -321.86517333984375, -33.21666717529297, -208.06040954589844, -97.33547973632812, -309.1190490722656, -203.68240356445312, -32.845680236816406, -241.0598907470703, -405.1165466308594, -41.601505279541016, -753.546630859375, -243.5426788330078, -74.43038177490234, -71.43225860595703, -147.69717407226562, -148.1596221923828, -168.23133850097656, -320.1570739746094, -317.5505676269531, -400.6145935058594, -123.83333587646484, -349.4171142578125, -227.49765014648438, -127.00609588623047, -84.07142639160156, -86.66285705566406, -148.44927978515625, -366.0614013671875, -105.02061462402344, -94.1443862915039, -80.16304779052734, -89.57386779785156, -44.0704231262207, -589.423095703125, -168.1901397705078, -184.44444274902344, -402.23809814453125, -37.22834777832031, -157.32386779785156, -663.8579711914062, -74.9136734008789, -49.801170349121094, -272.55487060546875, -445.34423828125, -43.48587417602539, -232.49069213867188, -262.9565124511719, -147.56082153320312, -312.0457458496094, -113.36619567871094, -63.681480407714844, -167.76087951660156, -268.9140930175781, -62.050724029541016, -69.31507110595703, -20.86861228942871, -140.52413940429688, -268.05657958984375, -259.49688720703125, -83.9000015258789, -94.96470642089844, -207.18106079101562, -254.44586181640625, -135.00543212890625, -62.38587188720703, -153.24725341796875, -146.63815307617188, -215.19393920898438, -54.402435302734375, -131.7142791748047, -265.11932373046875, -68.2867660522461, -126.49090576171875, -117.40135955810547, -25.544116973876953, -162.4746856689453, -181.05027770996094, -72.29167175292969, -27.29197120666504, -42.62251663208008]}, "acc_test": 0.7083333333333334, "precision_test": 0.7538461538461538, "recall_test": 0.7205882352941176, "f1_test": 0.7368421052631577, "auc_test": 0.7763009049773756}
{"name": "log_rank_threshold", "predictions": {"test": [-1.409822940826416, -2.0531983375549316, -1.7337061166763306, -2.1172306537628174, -2.1435046195983887, -1.4064280986785889, -1.6435478925704956, -2.2551426887512207, -2.186129570007324, -1.7555094957351685, -1.3354038000106812, -2.358292579650879, -1.713471531867981, -2.0169270038604736, -1.6615945100784302, -1.9426157474517822, -1.5204602479934692, -2.213998317718506, -1.2739487886428833, -1.5890119075775146, -2.300783395767212, -1.804456353187561, -1.462693691253662, -2.0226502418518066, -1.6009089946746826, -2.1805126667022705, -1.4279661178588867, -1.2245872020721436, -1.3523378372192383, -2.2886440753936768, -1.196104884147644, -1.7340331077575684, -1.4637900590896606, -1.4329558610916138, -1.700439453125, -2.1597657203674316, -2.132718801498413, -1.582575798034668, -2.1297366619110107, -2.0392184257507324, -2.1592085361480713, -1.4601085186004639, -2.0301003456115723, -1.5571589469909668, -1.7925723791122437, -1.6694575548171997, -1.3043906688690186, -2.053913116455078, -1.6800668239593506, -1.2122796773910522, -2.620326042175293, -2.027073383331299, -1.6600135564804077, -1.5030066967010498, -1.3408544063568115, -1.4053722620010376, -2.0449373722076416, -2.005131483078003, -2.5655202865600586, -2.157388210296631, -1.8273253440856934, -2.4259605407714844, -1.8093308210372925, -1.6749334335327148, -1.5107784271240234, -1.2954583168029785, -1.137257695198059, -2.3329625129699707, -1.7479780912399292, -1.8944134712219238, -1.4334474802017212, -1.4187896251678467, -1.2165906429290771, -1.4992146492004395, -1.7774159908294678, -1.8174093961715698, -2.0992112159729004, -1.6882708072662354, -1.400146484375, -2.281623125076294, -1.5671428442001343, -1.292277216911316, -2.288986921310425, -2.4273831844329834, -1.2865160703659058, -2.0020861625671387, -2.3715689182281494, -1.7917579412460327, -2.3329415321350098, -1.7183738946914673, -1.5155094861984253, -1.4486064910888672, -2.083876371383667, -1.5216152667999268, -1.581173300743103, -1.320426106452942, -1.8071508407592773, -1.9726663827896118, -1.7800520658493042, -2.1244494915008545, -1.6404814720153809, -1.6024523973464966, -1.4103633165359497, -1.4017410278320312, -1.55376136302948, -1.9792710542678833, -1.8771045207977295, -2.0340182781219482, -1.4846347570419312, -1.6478642225265503, -2.1275479793548584, -1.4985766410827637, -1.585797667503357, -1.2558709383010864, -1.318360686302185, -1.9817308187484741, -2.1273858547210693, -1.492336392402649, -1.4348349571228027, -1.6747982501983643]}, "acc_test": 0.6166666666666667, "precision_test": 0.7115384615384616, "recall_test": 0.5441176470588235, "f1_test": 0.6166666666666666, "auc_test": 0.7177601809954751}
{"name": "entropy_threshold", "predictions": {"test": [3.034879207611084, 3.7209372520446777, 3.3772542476654053, 4.101503372192383, 3.6185171604156494, 3.30265212059021, 3.35093092918396, 3.85227108001709, 4.077671527862549, 3.4307663440704346, 2.918508529663086, 4.180115699768066, 3.5471596717834473, 3.497032642364502, 3.946267604827881, 3.6363701820373535, 3.2836296558380127, 3.6760833263397217, 3.0140318870544434, 3.1803958415985107, 3.9477646350860596, 3.499058723449707, 3.1708760261535645, 3.6804685592651367, 3.3939402103424072, 3.853274345397949, 3.301419496536255, 3.2374095916748047, 2.748331308364868, 3.999070405960083, 3.292534351348877, 3.461763381958008, 3.3300251960754395, 2.710620164871216, 3.626797914505005, 4.156911849975586, 3.911165475845337, 3.1545403003692627, 3.9464471340179443, 3.3107120990753174, 3.939500570297241, 3.0759644508361816, 4.138619422912598, 3.3875226974487305, 3.5750014781951904, 3.257737398147583, 2.9948837757110596, 4.173164367675781, 3.3801217079162598, 3.2154252529144287, 4.270984172821045, 3.691171169281006, 3.150737762451172, 3.2560622692108154, 2.8651623725891113, 3.1284334659576416, 3.470266103744507, 3.5086190700531006, 4.252992153167725, 4.2100396156311035, 3.5264642238616943, 4.232248783111572, 3.447226047515869, 3.5271694660186768, 3.3963258266448975, 3.027851104736328, 2.7599544525146484, 3.6846790313720703, 3.323410749435425, 3.4921247959136963, 3.3352420330047607, 3.026766777038574, 2.822518825531006, 2.5864062309265137, 3.67704176902771, 3.494532346725464, 4.078829288482666, 3.5690884590148926, 3.3206851482391357, 3.90620493888855, 3.3554036617279053, 2.789414644241333, 4.087619304656982, 4.307387828826904, 3.198390483856201, 3.9421005249023438, 4.161067485809326, 3.5578505992889404, 4.392469882965088, 3.515960693359375, 3.250962972640991, 3.2134454250335693, 3.8075103759765625, 3.2250869274139404, 2.887730121612549, 3.077831268310547, 3.2589540481567383, 3.7598085403442383, 3.009692907333374, 3.8774688243865967, 3.3182661533355713, 3.336507558822632, 3.178894281387329, 3.320652961730957, 3.109375476837158, 3.51690673828125, 3.701357364654541, 3.958298444747925, 3.228435516357422, 3.3546547889709473, 4.029226303100586, 3.2552239894866943, 3.421308994293213, 3.194117784500122, 3.3369693756103516, 3.7572436332702637, 3.848971366882324, 2.960934638977051, 3.509767770767212, 3.3561527729034424]}, "acc_test": 0.6833333333333333, "precision_test": 0.7205882352941176, "recall_test": 0.7205882352941176, "f1_test": 0.7205882352941176, "auc_test": 0.7615950226244343}
{"name": "rank_GLTR_threshold", "predictions": {"test": [[0.8, 0.12, 0.06285714285714286, 0.017142857142857144], [0.6318681318681318, 0.2032967032967033, 0.13736263736263737, 0.027472527472527472], [0.7252747252747253, 0.14285714285714285, 0.0989010989010989, 0.03296703296703297], [0.6533333333333333, 0.19333333333333333, 0.08666666666666667, 0.06666666666666667], [0.6416184971098265, 0.1676300578034682, 0.14450867052023122, 0.046242774566473986], [0.7560975609756098, 0.15853658536585366, 0.06707317073170732, 0.018292682926829267], [0.7096774193548387, 0.2, 0.07741935483870968, 0.012903225806451613], [0.6103896103896104, 0.19480519480519481, 0.15584415584415584, 0.03896103896103896], [0.6242038216560509, 0.17834394904458598, 0.10828025477707007, 0.08917197452229299], [0.6967741935483871, 0.1935483870967742, 0.08387096774193549, 0.025806451612903226], [0.782608695652174, 0.13664596273291926, 0.06832298136645963, 0.012422360248447204], [0.5921787709497207, 0.20670391061452514, 0.11173184357541899, 0.0893854748603352], [0.6830985915492958, 0.2323943661971831, 0.07042253521126761, 0.014084507042253521], [0.64, 0.21714285714285714, 0.09142857142857143, 0.05142857142857143], [0.7222222222222222, 0.14814814814814814, 0.08641975308641975, 0.043209876543209874], [0.6132075471698113, 0.27358490566037735, 0.05660377358490566, 0.05660377358490566], [0.7450980392156863, 0.13725490196078433, 0.10457516339869281, 0.013071895424836602], [0.6753246753246753, 0.11688311688311688, 0.11688311688311688, 0.09090909090909091], [0.7876712328767124, 0.1232876712328767, 0.07534246575342465, 0.0136986301369863], [0.7071823204419889, 0.19889502762430938, 0.055248618784530384, 0.03867403314917127], [0.6330935251798561, 0.17266187050359713, 0.11510791366906475, 0.07913669064748201], [0.7109826589595376, 0.1676300578034682, 0.06936416184971098, 0.05202312138728324], [0.7378048780487805, 0.1951219512195122, 0.036585365853658534, 0.03048780487804878], [0.6534090909090909, 0.18181818181818182, 0.10795454545454546, 0.056818181818181816], [0.7172413793103448, 0.20689655172413793, 0.06896551724137931, 0.006896551724137931], [0.5958904109589042, 0.22602739726027396, 0.0958904109589041, 0.0821917808219178], [0.7559055118110236, 0.1732283464566929, 0.06299212598425197, 0.007874015748031496], [0.8079470198675497, 0.16556291390728478, 0.013245033112582781, 0.013245033112582781], [0.6985294117647058, 0.2426470588235294, 0.051470588235294115, 0.007352941176470588], [0.5642458100558659, 0.2737430167597765, 0.11173184357541899, 0.05027932960893855], [0.8114754098360656, 0.10655737704918032, 0.06557377049180328, 0.01639344262295082], [0.7261146496815286, 0.1337579617834395, 0.10828025477707007, 0.03184713375796178], [0.7593984962406015, 0.15789473684210525, 0.08270676691729323, 0.0], [0.7407407407407407, 0.14814814814814814, 0.0962962962962963, 0.014814814814814815], [0.7283236994219653, 0.16184971098265896, 0.06358381502890173, 0.046242774566473986], [0.6031746031746031, 0.2328042328042328, 0.12169312169312169, 0.042328042328042326], [0.6706586826347305, 0.1497005988023952, 0.10778443113772455, 0.0718562874251497], [0.7195767195767195, 0.17989417989417988, 0.08465608465608465, 0.015873015873015872], [0.631578947368421, 0.1871345029239766, 0.13450292397660818, 0.04678362573099415], [0.6432748538011696, 0.2046783625730994, 0.11695906432748537, 0.03508771929824561], [0.7078651685393258, 0.12359550561797752, 0.11235955056179775, 0.056179775280898875], [0.7416666666666667, 0.14166666666666666, 0.11666666666666667, 0.0], [0.6040268456375839, 0.26174496644295303, 0.08053691275167785, 0.053691275167785234], [0.7096774193548387, 0.18064516129032257, 0.08387096774193549, 0.025806451612903226], [0.7321428571428571, 0.13095238095238096, 0.08928571428571429, 0.047619047619047616], [0.6866952789699571, 0.1888412017167382, 0.0815450643776824, 0.04291845493562232], [0.7777777777777778, 0.16049382716049382, 0.05555555555555555, 0.006172839506172839], [0.6467065868263473, 0.19760479041916168, 0.10778443113772455, 0.04790419161676647], [0.7239263803680982, 0.15337423312883436, 0.07975460122699386, 0.04294478527607362], [0.8120300751879699, 0.14285714285714285, 0.03007518796992481, 0.015037593984962405], [0.5508474576271186, 0.1906779661016949, 0.15677966101694915, 0.1016949152542373], [0.676829268292683, 0.18902439024390244, 0.07926829268292683, 0.054878048780487805], [0.7151898734177216, 0.17088607594936708, 0.10759493670886076, 0.006329113924050633], [0.7161290322580646, 0.2, 0.07741935483870968, 0.0064516129032258064], [0.8028169014084507, 0.11971830985915492, 0.04225352112676056, 0.035211267605633804], [0.7605633802816901, 0.14553990610328638, 0.051643192488262914, 0.04225352112676056], [0.6343283582089553, 0.17164179104477612, 0.14925373134328357, 0.04477611940298507], [0.6492146596858639, 0.16230366492146597, 0.13089005235602094, 0.05759162303664921], [0.5168539325842697, 0.25280898876404495, 0.16292134831460675, 0.06741573033707865], [0.6302083333333334, 0.19270833333333334, 0.09895833333333333, 0.078125], [0.7105263157894737, 0.14912280701754385, 0.10526315789473684, 0.03508771929824561], [0.5775401069518716, 0.2192513368983957, 0.13368983957219252, 0.06951871657754011], [0.676056338028169, 0.2112676056338028, 0.0892018779342723, 0.023474178403755867], [0.7195121951219512, 0.15853658536585366, 0.0975609756097561, 0.024390243902439025], [0.7272727272727273, 0.17532467532467533, 0.08441558441558442, 0.012987012987012988], [0.7828571428571428, 0.16, 0.045714285714285714, 0.011428571428571429], [0.8260869565217391, 0.12318840579710146, 0.043478260869565216, 0.007246376811594203], [0.5701754385964912, 0.2543859649122807, 0.13157894736842105, 0.043859649122807015], [0.7422680412371134, 0.16494845360824742, 0.07216494845360824, 0.020618556701030927], [0.6256684491978609, 0.2620320855614973, 0.0855614973262032, 0.026737967914438502], [0.75, 0.17391304347826086, 0.04891304347826087, 0.02717391304347826], [0.7784090909090909, 0.125, 0.07386363636363637, 0.022727272727272728], [0.823943661971831, 0.1056338028169014, 0.06338028169014084, 0.007042253521126761], [0.7637362637362637, 0.09340659340659341, 0.06593406593406594, 0.07692307692307693], [0.6901408450704225, 0.20422535211267606, 0.08450704225352113, 0.02112676056338028], [0.6984126984126984, 0.14814814814814814, 0.1111111111111111, 0.042328042328042326], [0.6428571428571429, 0.20238095238095238, 0.13095238095238096, 0.023809523809523808], [0.6377952755905512, 0.29133858267716534, 0.07086614173228346, 0.0], [0.7613636363636364, 0.14204545454545456, 0.07954545454545454, 0.017045454545454544], [0.6306818181818182, 0.1590909090909091, 0.13636363636363635, 0.07386363636363637], [0.7338129496402878, 0.17985611510791366, 0.06474820143884892, 0.02158273381294964], [0.7660818713450293, 0.1871345029239766, 0.03508771929824561, 0.011695906432748537], [0.6097560975609756, 0.18292682926829268, 0.12804878048780488, 0.07926829268292683], [0.5956284153005464, 0.18579234972677597, 0.12568306010928962, 0.09289617486338798], [0.7909604519774012, 0.15819209039548024, 0.03954802259887006, 0.011299435028248588], [0.6708074534161491, 0.19254658385093168, 0.08074534161490683, 0.055900621118012424], [0.5900621118012422, 0.19875776397515527, 0.13043478260869565, 0.08074534161490683], [0.6891891891891891, 0.20945945945945946, 0.06756756756756757, 0.033783783783783786], [0.6209150326797386, 0.16993464052287582, 0.1503267973856209, 0.058823529411764705], [0.6830985915492958, 0.19718309859154928, 0.11267605633802817, 0.007042253521126761], [0.7481481481481481, 0.18518518518518517, 0.05185185185185185, 0.014814814814814815], [0.782608695652174, 0.13768115942028986, 0.057971014492753624, 0.021739130434782608], [0.6257668711656442, 0.2147239263803681, 0.10429447852760736, 0.05521472392638037], [0.782608695652174, 0.13768115942028986, 0.06521739130434782, 0.014492753623188406], [0.7123287671232876, 0.19863013698630136, 0.0821917808219178, 0.00684931506849315], [0.781021897810219, 0.15328467153284672, 0.06569343065693431, 0.0], [0.7034482758620689, 0.1724137931034483, 0.08275862068965517, 0.041379310344827586], [0.6477987421383647, 0.23270440251572327, 0.07547169811320754, 0.0440251572327044], [0.6894409937888198, 0.16149068322981366, 0.11180124223602485, 0.037267080745341616], [0.63125, 0.20625, 0.14375, 0.01875], [0.7352941176470589, 0.18823529411764706, 0.058823529411764705, 0.01764705882352941], [0.7407407407407407, 0.11522633744855967, 0.102880658436214, 0.0411522633744856], [0.7770700636942676, 0.1337579617834395, 0.07643312101910828, 0.012738853503184714], [0.7663043478260869, 0.13043478260869565, 0.06521739130434782, 0.03804347826086957], [0.7065217391304348, 0.17391304347826086, 0.10869565217391304, 0.010869565217391304], [0.6428571428571429, 0.2087912087912088, 0.11538461538461539, 0.03296703296703297], [0.6710526315789473, 0.17105263157894737, 0.1118421052631579, 0.046052631578947366], [0.6787878787878788, 0.15757575757575756, 0.12121212121212122, 0.04242424242424243], [0.725609756097561, 0.1951219512195122, 0.054878048780487805, 0.024390243902439025], [0.6928571428571428, 0.22857142857142856, 0.05, 0.02857142857142857], [0.625, 0.23863636363636365, 0.08522727272727272, 0.05113636363636364], [0.7352941176470589, 0.19117647058823528, 0.04411764705882353, 0.029411764705882353], [0.7515151515151515, 0.13333333333333333, 0.07878787878787878, 0.03636363636363636], [0.7687074829931972, 0.17006802721088435, 0.05442176870748299, 0.006802721088435374], [0.7573529411764706, 0.18382352941176472, 0.051470588235294115, 0.007352941176470588], [0.6708860759493671, 0.20253164556962025, 0.08860759493670886, 0.0379746835443038], [0.6368715083798883, 0.16759776536312848, 0.13966480446927373, 0.055865921787709494], [0.7583333333333333, 0.14166666666666666, 0.075, 0.025], [0.7445255474452555, 0.18248175182481752, 0.072992700729927, 0.0], [0.6821192052980133, 0.2185430463576159, 0.09271523178807947, 0.006622516556291391]]}, "acc_test": 0.5666666666666667, "precision_test": 0.6666666666666666, "recall_test": 0.47058823529411764, "f1_test": 0.5517241379310345, "auc_test": 0.6838235294117647}
{"name": "perturbation_10_z", "predictions": {"test": [0.7367849209694909, 0.22056216015825897, -0.23872885161431878, 0.15637648610136468, 0.107658328059027, 0.5812057733118431, 0.34734305857630815, -0.9994641858123404, -0.6352122220786356, 0.5139390899540828, 0.5237887885019321, -0.06656257340255264, 0.7089961369545443, -1.0512496325806275, 0.37545064494327063, 0.11262320913422848, 0.9981393883954462, -0.22353702484236052, 0.6403581983194052, 0.7029903325112585, -1.6192208147308278, 0.15198902719358148, 1.0115032576015368, 0.06743701686996988, 1.4961802100044914, -0.2817115260711702, 0.08009752590098841, 2.0646792855924905, 0.06918569862432061, -1.0403599999185242, 1.0146203278901018, 0.006382668269265782, 1.4501598986079822, -0.1527463799693749, -0.22908628315222487, -0.23306483341177028, -0.2486637322772542, 1.0817334435999777, 0.3745903453273887, -0.741445857497487, -0.5812239729571234, 0.9885418189303911, -0.19660241657016012, 0.6602794205542597, -0.2761750886815381, 0.8849702172569003, 0.14856502706474, -0.5797340003882782, 0.46226085472081196, 1.067645467046025, 0.05794421633496659, -0.27368177698088353, 0.16158795986007002, -0.819155482208051, 0.3739931718996164, 0.8954546144050219, -0.20600626464986058, 0.36243482128204363, -0.3155324788674545, -0.09961886510170824, 0.25028646371942903, 0.3356704988027736, 0.7038964079492339, 0.5723273611992649, -0.15997945984825707, 2.0994496765366257, 0.9443191895512432, 0.050494734930578634, 0.1629256554798413, 0.13890512549390813, 0.6049582155460472, 0.40904161671153055, 0.8666759109383512, -0.9850701628244245, 0.12122606394781081, 0.548416454867585, -0.4861285142705768, 0.6618825464668475, 0.4942450664671863, -0.8650838147417773, -0.6265876856800303, 1.3819428783327634, 0.16359625357633933, -0.10997223778016912, 0.8162128411946347, -0.2940058604052233, 0.010915461385249656, 0.5849714752764323, -1.2180227107977954, 0.597457004040098, 0.5639185650757776, 0.38491959556012895, -0.04766993099659121, 1.3000253742095373, -0.24949975512810715, 0.5734146948421555, 0.43560775882475095, 0.34544472467949766, 0.28882447036151293, 0.23378017188395248, 0.855282060719452, 0.5029735388059043, 0.5949610590733749, 0.09418746173110067, 1.280258548606401, 1.5518418632948445, 0.2757362518021681, -0.24712930121776316, 0.4620029003738782, 0.3267541520520012, -0.23318078999645492, 0.09450952406377465, 0.17827343766400577, 0.8152641560769252, 1.2377025077649666, 0.034008358435949945, 0.4039750499409938, 1.3129533193919385, 0.19626505506905795, 0.24334358820546115]}, "info": {"pct_words_masked": 0.3, "span_length": 2, "n_perturbations": 10}, "general": {"acc_test": 0.625, "precision_test": 0.7169811320754716, "recall_test": 0.5588235294117647, "f1_test": 0.6280991735537189, "auc_test": 0.7058823529411764}}
{"name": "GPT-sentinel", "acc": 0.9166666666666666}
{"name": "roberta-base-openai-detector", "predictions": {"test": [0.9617651700973511, 0.00020881059754174203, 0.0001767855865182355, 0.0001718888815958053, 0.00016814148693811148, 0.0007248105248436332, 0.6032084226608276, 0.005238086450845003, 0.00017041977844201028, 0.00018313592590857297, 0.00021728053980041295, 0.0020122958812862635, 0.00024518356076441705, 0.00046371418284252286, 0.001285659265704453, 0.07044517993927002, 0.08487411588430405, 0.9876250624656677, 0.0009792433120310307, 0.008634278550744057, 0.0029383613727986813, 0.00019786643679253757, 0.0004839498142246157, 0.00017684930935502052, 0.000185281372978352, 0.00026786408852785826, 0.9697569608688354, 0.005274251569062471, 0.0001862873905338347, 0.032806623727083206, 0.998890221118927, 0.0005339074996300042, 0.00019215767679270357, 0.00021059632126707584, 0.0001805199426598847, 0.0008115596720017493, 0.03577687218785286, 0.00017006704001687467, 0.00022840016754344106, 0.0002567578630987555, 0.002718781353905797, 0.0061998264864087105, 0.0005269492394290864, 0.00017626195040065795, 0.00017054268391802907, 0.00016857172886375338, 0.00023759833129588515, 0.0009025614126585424, 0.00020113626669626683, 0.001043963129632175, 0.0002827785210683942, 0.00017217856657225639, 0.00017230321827810258, 0.0004397599259391427, 0.8796601295471191, 0.00017053763440344483, 0.001772420946508646, 0.42590898275375366, 0.0039002278354018927, 0.00020904585835523903, 0.00020189869974274188, 0.00047853850992396474, 0.00033685757080093026, 0.00018483794701751322, 0.002688715700060129, 0.14249233901500702, 0.02135397307574749, 0.020473990589380264, 0.0001822395424824208, 0.0001922546507557854, 0.00021871284116059542, 0.2439507395029068, 0.0002063374558929354, 0.998920202255249, 0.0001969655422726646, 0.5493696331977844, 0.00022260539117269218, 0.00099421595223248, 0.11015339195728302, 0.0002145043108612299, 0.00017133238725364208, 0.00017799445777200162, 0.0001681660214671865, 0.0002931427152361721, 0.001221667043864727, 0.06506997346878052, 0.00016867108934093267, 0.002227288205176592, 0.00028029916575178504, 0.0007397791487164795, 0.001388122676871717, 0.0006019151187501848, 0.007049310952425003, 0.3960545063018799, 0.00022526938118971884, 0.21973642706871033, 0.0002588374773040414, 0.0001704718015389517, 0.001064928132109344, 0.0007740009459666908, 0.00018256128532812, 0.0008541564457118511, 0.0007172587211243808, 0.0002529430785216391, 0.00016779698489699513, 0.00017123633006121963, 0.0002320673520443961, 0.001439479528926313, 0.0023509589955210686, 0.0010464744409546256, 0.00019914741278626025, 0.029249373823404312, 0.17016436159610748, 0.9422132968902588, 0.6294599175453186, 0.00031013740226626396, 0.00016987192793749273, 0.0001761621533660218, 0.0002930002228822559, 0.0006586106028407812]}, "logits": {"test": [1.635441541671753, -4.5854010581970215, -4.683246612548828, -4.703149795532227, -4.7123847007751465, -3.900494337081909, 0.15272575616836548, -2.8039026260375977, -4.7114949226379395, -4.668057918548584, -4.563539028167725, -3.3195860385894775, -4.505172252655029, -4.141548156738281, -3.5890989303588867, -1.3982064723968506, -1.3045942783355713, 2.238018035888672, -3.732239246368408, -2.540128231048584, -3.116994857788086, -4.61931037902832, -4.1210174560546875, -4.688074111938477, -4.662166118621826, -4.438109397888184, 1.747890591621399, -2.821735143661499, -4.665496349334717, -1.8018198013305664, 3.599127769470215, -4.062135219573975, -4.64780330657959, -4.585262775421143, -4.674033164978027, -3.829213857650757, -1.765024185180664, -4.712876319885254, -4.5373921394348145, -4.464838981628418, -3.1711678504943848, -2.74548602104187, -4.065084457397461, -4.687906265258789, -4.710608005523682, -4.709024906158447, -4.513919353485107, -3.759464740753174, -4.613637447357178, -3.7114651203155518, -4.419027328491211, -4.703658103942871, -4.702836036682129, -4.182377815246582, 0.9602196216583252, -4.706340789794922, -3.4118964672088623, -0.21367253363132477, -2.9630126953125, -4.590072154998779, -4.612672805786133, -4.114232063293457, -4.316952705383301, -4.6623854637146, -3.186537981033325, -0.9975695610046387, -2.0527307987213135, -2.071608543395996, -4.673246383666992, -4.641080379486084, -4.56912899017334, -0.6209163665771484, -4.60356330871582, 3.6230287551879883, -4.625263690948486, 0.043475426733493805, -4.548730373382568, -3.7241086959838867, -1.1376153230667114, -4.5754194259643555, -4.702398777008057, -4.689915657043457, -4.716272830963135, -4.3862128257751465, -3.6136202812194824, -1.4391809701919556, -4.711807727813721, -3.2914905548095703, -4.421962261199951, -3.886035442352295, -3.555130958557129, -4.008166313171387, -2.6390626430511475, -0.27711355686187744, -4.54768705368042, -0.728585958480835, -4.462230205535889, -4.700935363769531, -3.6830801963806152, -3.8558237552642822, -4.670619010925293, -3.80181622505188, -3.908032178878784, -4.491973400115967, -4.718014717102051, -4.704427719116211, -4.5297465324401855, -3.495595693588257, -3.2465763092041016, -3.6798887252807617, -4.618623733520508, -1.8824796676635742, -0.8630478382110596, 1.3806114196777344, 0.20504379272460938, -4.3594770431518555, -4.709679126739502, -4.688755035400391, -4.40825080871582, -3.957955837249756]}, "acc_test": 0.48333333333333334, "precision_test": 0.8, "recall_test": 0.11764705882352941, "f1_test": 0.20512820512820512, "auc_test": 0.5364819004524888, "preds": [0.9617651700973511, 0.00020881059754174203, 0.00018313592590857297, 0.00021728053980041295, 0.00024518356076441705, 0.07044517993927002, 0.08487411588430405, 0.9876250624656677, 0.0009792433120310307, 0.008634278550744057, 0.0029383613727986813, 0.00019786643679253757, 0.00017684930935502052, 0.000185281372978352, 0.9697569608688354, 0.005274251569062471, 0.0001862873905338347, 0.998890221118927, 0.00019215767679270357, 0.00021059632126707584, 0.00017006704001687467, 0.0002567578630987555, 0.002718781353905797, 0.0061998264864087105, 0.00016857172886375338, 0.00023759833129588515, 0.00020113626669626683, 0.001043963129632175, 0.00017230321827810258, 0.8796601295471191, 0.00017053763440344483, 0.001772420946508646, 0.42590898275375366, 0.00020189869974274188, 0.14249233901500702, 0.020473990589380264, 0.0001822395424824208, 0.0001922546507557854, 0.00021871284116059542, 0.2439507395029068, 0.0002063374558929354, 0.5493696331977844, 0.00099421595223248, 0.00017133238725364208, 0.00017799445777200162, 0.001221667043864727, 0.00016867108934093267, 0.0007397791487164795, 0.001388122676871717, 0.00022526938118971884, 0.21973642706871033, 0.0002588374773040414, 0.001064928132109344, 0.0008541564457118511, 0.0002529430785216391, 0.00017123633006121963, 0.0002320673520443961, 0.001439479528926313, 0.0023509589955210686, 0.0010464744409546256, 0.029249373823404312, 0.9422132968902588, 0.6294599175453186, 0.00031013740226626396, 0.00016987192793749273, 0.0001761621533660218, 0.0002930002228822559, 0.0006586106028407812]}
{"name": "Hello-SimpleAI/chatgpt-detector-roberta", "predictions": {"test": [0.9991710186004639, 0.004919335711747408, 0.021993324160575867, 0.2395825982093811, 0.007208201102912426, 0.05645149573683739, 0.0019801349844783545, 0.0003942338516935706, 0.0003354607615619898, 0.01671418361365795, 0.03480665758252144, 0.00046352631761692464, 0.08886921405792236, 0.0011175982654094696, 0.2961009442806244, 0.000520121306180954, 0.9990409016609192, 0.026373473927378654, 0.06617691367864609, 0.9869233965873718, 0.04009150713682175, 0.3080531358718872, 0.968285322189331, 0.0556236207485199, 0.19080640375614166, 0.0005094681400805712, 0.9832262396812439, 0.06961868703365326, 0.9600458741188049, 0.00029576587257906795, 0.9797657132148743, 0.0011864021653309464, 0.8928959965705872, 0.9651719927787781, 0.06379321217536926, 0.0007950974977575243, 0.11377748101949692, 0.05899559333920479, 0.00038015429163351655, 0.0032354078721255064, 0.006451005581766367, 0.014598523266613483, 0.0006462131859734654, 0.006634535267949104, 0.0003310573229100555, 0.8667071461677551, 0.023546569049358368, 0.00028792431112378836, 0.004362731706351042, 0.9991661310195923, 0.00036344019463285804, 0.00040937215089797974, 0.2599007487297058, 0.9841984510421753, 0.9954431056976318, 0.9840509295463562, 0.9612799882888794, 0.07371430844068527, 0.000297663442324847, 0.0005905330763198435, 0.003503273706883192, 0.0013102215016260743, 0.01652657985687256, 0.04525655508041382, 0.9930712580680847, 0.029377875849604607, 0.0010770880617201328, 0.26348158717155457, 0.877824068069458, 0.01631130464375019, 0.20910023152828217, 0.9346288442611694, 0.9337311387062073, 0.006279660854488611, 0.002468280028551817, 0.27423974871635437, 0.00027888023760169744, 0.0011896471260115504, 0.06694263219833374, 0.030432553961873055, 0.1497468799352646, 0.04355143383145332, 0.00044428781257010996, 0.0003204198437742889, 0.8945490717887878, 0.1388479620218277, 0.0004607281880453229, 0.04842656850814819, 0.00033807431464083493, 0.0019067074172198772, 0.5917167663574219, 0.2961519956588745, 0.0010523770470172167, 0.29011255502700806, 0.9989145994186401, 0.9506268501281738, 0.0014981047715991735, 0.0005411435849964619, 0.03564273566007614, 0.0003773467615246773, 0.02071872353553772, 0.9175172448158264, 0.05228765681385994, 0.9819099307060242, 0.055932916700839996, 0.008280565030872822, 0.01611327938735485, 0.0017933514900505543, 0.1728721559047699, 0.0801035463809967, 0.0014153671218082309, 0.9795680046081543, 0.10418201982975006, 0.8493735790252686, 0.29709482192993164, 0.021226266399025917, 0.0006899717845954001, 0.0006569073302671313, 0.017945313826203346, 0.008251688443124294]}, "logits": {"test": [3.1059062480926514, -2.5447773933410645, -1.8889689445495605, -0.7051045894622803, -2.380847215652466, -1.4557760953903198, -2.924082040786743, -3.5385782718658447, -3.592193365097046, -2.0118179321289062, -1.6805400848388672, -3.4825642108917236, -1.2376809120178223, -3.152482748031616, -0.5712088942527771, -3.441469192504883, 3.0574772357940674, -1.8069913387298584, -1.3803596496582031, 1.9960376024246216, -1.6154652833938599, -0.5453454852104187, 1.6095895767211914, -1.4627406597137451, -0.8390389680862427, -3.4489238262176514, 1.888624668121338, -1.3560963869094849, 1.5065869092941284, -3.631918430328369, 1.8071304559707642, -3.129056215286255, 1.0484997034072876, 1.5679644346237183, -1.3978480100631714, -3.2838656902313232, -1.11453115940094, -1.4349461793899536, -3.550861358642578, -2.721566915512085, -2.428722620010376, -2.0719311237335205, -3.3618688583374023, -2.416639804840088, -3.596468687057495, 0.9406710863113403, -1.8582419157028198, -3.6399905681610107, -2.5957841873168945, 3.104132890701294, -3.5658836364746094, -3.525731086730957, -0.6549675464630127, 1.9144551753997803, 2.4413352012634277, 1.9104466438293457, 1.5206494331359863, -1.328609824180603, -3.6299655437469482, -3.395209550857544, -2.6882691383361816, -3.0898921489715576, -2.016829490661621, -1.5593063831329346, 2.26619291305542, -1.7580111026763916, -3.166914701461792, -0.6461988687515259, 0.9840182065963745, -2.022665023803711, -0.7862425446510315, 1.282360315322876, 1.2760400772094727, -2.440322160720825, -2.8338677883148193, -0.6206712126731873, -3.649291753768921, -3.1279850006103516, -1.374862551689148, -1.7419394254684448, -0.9719652533531189, -1.5771541595458984, -3.497431516647339, -3.6069445610046387, 1.0561140775680542, -1.0119497776031494, -3.4846949577331543, -1.5277470350265503, -3.5896763801574707, -2.939434766769409, 0.2768172025680542, -0.5711274147033691, -3.1759650707244873, -0.5846738815307617, 3.0128517150878906, 1.4110420942306519, -3.0365846157073975, -3.4271321296691895, -1.6696438789367676, -3.553354501724243, -1.915807843208313, 1.1736794710159302, -1.491845726966858, 1.8559107780456543, -1.4601287841796875, -2.3207452297210693, -2.0281009674072266, -2.9642703533172607, -0.8942161798477173, -1.288393497467041, -3.059243679046631, 1.802889347076416, -1.1532062292099, 0.8785381317138672, -0.5688848495483398, -1.9049254655838013, -3.3374011516571045, -3.355756998062134, -1.9801374673843384, -2.3222620487213135]}, "acc_test": 0.6083333333333333, "precision_test": 0.8888888888888888, "recall_test": 0.35294117647058826, "f1_test": 0.5052631578947369, "auc_test": 0.7652714932126697, "preds": [0.9991710186004639, 0.004919335711747408, 0.01671418361365795, 0.03480665758252144, 0.08886921405792236, 0.000520121306180954, 0.9990409016609192, 0.026373473927378654, 0.06617691367864609, 0.9869233965873718, 0.04009150713682175, 0.3080531358718872, 0.0556236207485199, 0.19080640375614166, 0.9832262396812439, 0.06961868703365326, 0.9600458741188049, 0.9797657132148743, 0.8928959965705872, 0.9651719927787781, 0.05899559333920479, 0.0032354078721255064, 0.006451005581766367, 0.014598523266613483, 0.8667071461677551, 0.023546569049358368, 0.004362731706351042, 0.9991661310195923, 0.2599007487297058, 0.9954431056976318, 0.9840509295463562, 0.9612799882888794, 0.07371430844068527, 0.003503273706883192, 0.029377875849604607, 0.26348158717155457, 0.877824068069458, 0.01631130464375019, 0.20910023152828217, 0.9346288442611694, 0.9337311387062073, 0.27423974871635437, 0.0011896471260115504, 0.1497468799352646, 0.04355143383145332, 0.8945490717887878, 0.0004607281880453229, 0.0019067074172198772, 0.5917167663574219, 0.9989145994186401, 0.9506268501281738, 0.0014981047715991735, 0.03564273566007614, 0.9175172448158264, 0.9819099307060242, 0.008280565030872822, 0.01611327938735485, 0.0017933514900505543, 0.1728721559047699, 0.0801035463809967, 0.9795680046081543, 0.8493735790252686, 0.29709482192993164, 0.021226266399025917, 0.0006899717845954001, 0.0006569073302671313, 0.017945313826203346, 0.008251688443124294]}
