{"name": "likelihood_threshold", "predictions": {"test": [-3.0244100093841553, -3.5732574462890625, -3.317063331604004, -3.8471269607543945, -3.7291524410247803, -2.851383924484253, -3.057276487350464, -3.8047640323638916, -3.928959846496582, -3.224869728088379, -2.948350667953491, -4.059943199157715, -3.2980425357818604, -3.566673755645752, -3.197319507598877, -3.4434127807617188, -3.12778902053833, -3.9486405849456787, -3.3549513816833496, -3.014686107635498, -4.023250102996826, -3.5104289054870605, -2.865732192993164, -4.225271701812744, -3.9774539470672607, -3.8061656951904297, -3.085737943649292, -3.0251753330230713, -2.8814969062805176, -4.115074634552002, -3.6324448585510254, -3.236172676086426, -3.5428667068481445, -3.0647504329681396, -3.209721326828003, -3.9547371864318848, -3.7974188327789307, -3.4475464820861816, -3.784775495529175, -3.7607672214508057, -3.9082767963409424, -3.1391594409942627, -3.759638547897339, -3.0061707496643066, -3.29359769821167, -3.5122392177581787, -3.092806100845337, -3.7467780113220215, -3.5178914070129395, -3.566256046295166, -4.317185878753662, -3.72566556930542, -2.999818801879883, -2.9755966663360596, -3.1525938510894775, -2.8096179962158203, -3.466717004776001, -3.9152746200561523, -4.408134460449219, -3.867565870285034, -3.3220036029815674, -4.207999229431152, -3.3290045261383057, -3.1848037242889404, -3.022451877593994, -2.9569780826568604, -2.4685521125793457, -3.7322399616241455, -3.411576271057129, -3.886209487915039, -3.6126513481140137, -3.178849220275879, -3.26416277885437, -2.5303955078125, -3.4147229194641113, -4.265633583068848, -3.801077365875244, -3.4563252925872803, -2.7279934883117676, -3.9999914169311523, -3.3452796936035156, -3.3726375102996826, -3.961944580078125, -4.260087966918945, -3.1575491428375244, -3.6710853576660156, -4.049665451049805, -3.324493885040283, -4.247433662414551, -3.0508408546447754, -3.312079668045044, -2.92744517326355, -3.797938346862793, -3.064150333404541, -3.4135780334472656, -3.58821177482605, -3.939885139465332, -3.67740797996521, -3.1066339015960693, -3.86555552482605, -3.1256484985351562, -3.4184086322784424, -2.8097174167633057, -3.594822645187378, -2.890608310699463, -3.486048698425293, -3.799470901489258, -3.858944892883301, -3.104623794555664, -4.267052173614502, -3.8537118434906006, -2.9926259517669678, -3.143124580383301, -2.8798165321350098, -3.2657299041748047, -3.8716683387756348, -3.663397789001465, -3.880352735519409, -3.8187601566314697, -3.456827163696289]}, "acc_test": 0.475, "precision_test": 0.5714285714285714, "recall_test": 0.29411764705882354, "f1_test": 0.38834951456310673, "auc_test": 0.5359162895927603}
{"name": "rank_threshold", "predictions": {"test": [-118.90821075439453, -238.0469512939453, -251.40110778808594, -388.8266906738281, -279.24853515625, -107.79267883300781, -59.858062744140625, -163.87661743164062, -353.2802734375, -63.920902252197266, -113.39205169677734, -266.6257019042969, -93.5, -274.2742919921875, -344.90740966796875, -250.9659881591797, -86.5602798461914, -410.6382751464844, -193.03184509277344, -127.26530456542969, -202.27142333984375, -231.55101013183594, -205.20730590820312, -381.203125, -232.77357482910156, -462.5137023925781, -55.614906311035156, -66.33098602294922, -54.521209716796875, -160.43016052246094, -154.0072021484375, -169.356689453125, -116.06382751464844, -109.6812515258789, -152.77456665039062, -217.015869140625, -281.04791259765625, -227.1074676513672, -181.67251586914062, -275.94000244140625, -277.9493713378906, -68.05042266845703, -208.06040954589844, -97.33547973632812, -309.1190490722656, -203.4396514892578, -50.09756088256836, -241.0598907470703, -270.2903137207031, -174.03125, -753.546630859375, -243.5426788330078, -61.108280181884766, -71.43225860595703, -94.3163833618164, -49.6853141784668, -98.03225708007812, -299.671630859375, -317.5505676269531, -400.6145935058594, -194.60000610351562, -349.4171142578125, -227.49765014648438, -127.00609588623047, -84.07142639160156, -52.41436767578125, -148.44927978515625, -230.01211547851562, -86.77483367919922, -202.82876586914062, -366.5999755859375, -139.38571166992188, -76.59782409667969, -589.423095703125, -168.1901397705078, -389.3500061035156, -402.23809814453125, -150.77027893066406, -157.32386779785156, -663.8579711914062, -163.07595825195312, -161.10638427734375, -272.55487060546875, -445.34423828125, -68.97084045410156, -232.49069213867188, -295.2944641113281, -147.56082153320312, -312.0457458496094, -46.53594970703125, -160.56756591796875, -167.76087951660156, -268.9140930175781, -62.050724029541016, -107.60150909423828, -62.62416076660156, -186.00794982910156, -268.05657958984375, -141.38497924804688, -83.9000015258789, -94.96470642089844, -289.1564025878906, -254.44586181640625, -140.0127410888672, -62.38587188720703, -153.95211791992188, -260.2648620605469, -231.55479431152344, -251.77369689941406, -599.606689453125, -265.11932373046875, -86.67484283447266, -126.49090576171875, -48.491329193115234, -74.70689392089844, -159.4729766845703, -229.3832550048828, -235.83193969726562, -206.159423828125, -65.00775146484375]}, "acc_test": 0.6, "precision_test": 0.6923076923076923, "recall_test": 0.5294117647058824, "f1_test": 0.5999999999999999, "auc_test": 0.670814479638009}
{"name": "log_rank_threshold", "predictions": {"test": [-1.6291567087173462, -2.011117935180664, -1.7337061166763306, -2.1172306537628174, -2.1435046195983887, -1.4064280986785889, -1.6435478925704956, -2.2551426887512207, -2.186129570007324, -1.6691075563430786, -1.5022844076156616, -2.358292579650879, -1.7445577383041382, -2.0169270038604736, -1.6615945100784302, -1.7995351552963257, -1.6729928255081177, -2.3264379501342773, -1.82623291015625, -1.5906316041946411, -2.323906183242798, -1.9271053075790405, -1.462693691253662, -2.4801254272460938, -2.2160091400146484, -2.1805126667022705, -1.587189793586731, -1.5693668127059937, -1.459191083908081, -2.2886440753936768, -2.0702908039093018, -1.7340331077575684, -1.9483927488327026, -1.6308698654174805, -1.700439453125, -2.1597657203674316, -2.132718801498413, -1.9916937351226807, -2.1297366619110107, -2.1083083152770996, -2.2098441123962402, -1.6694049835205078, -2.0301003456115723, -1.5571589469909668, -1.7925723791122437, -1.972782015800476, -1.6315056085586548, -2.053913116455078, -1.963009238243103, -1.9415960311889648, -2.620326042175293, -2.027073383331299, -1.5871175527572632, -1.5030066967010498, -1.7459219694137573, -1.420499563217163, -1.9085838794708252, -2.21357798576355, -2.5655202865600586, -2.157388210296631, -1.7643406391143799, -2.4259605407714844, -1.8093308210372925, -1.6749334335327148, -1.5107784271240234, -1.5052058696746826, -1.137257695198059, -1.974704384803772, -1.8479135036468506, -2.169426918029785, -2.0044350624084473, -1.7140564918518066, -1.6966317892074585, -1.4992146492004395, -1.7774159908294678, -2.4423139095306396, -2.0992112159729004, -1.882871150970459, -1.400146484375, -2.281623125076294, -1.7488051652908325, -1.8839001655578613, -2.288986921310425, -2.4273831844329834, -1.6407678127288818, -2.0020861625671387, -2.3016281127929688, -1.7917579412460327, -2.3329415321350098, -1.6096729040145874, -1.7783929109573364, -1.4486064910888672, -2.083876371383667, -1.5216152667999268, -1.8461198806762695, -1.9518190622329712, -2.2868669033050537, -1.9726663827896118, -1.6292673349380493, -2.1244494915008545, -1.6404814720153809, -1.9341192245483398, -1.4103633165359497, -1.9849047660827637, -1.55376136302948, -1.94295072555542, -2.1171140670776367, -2.1877145767211914, -1.6346153020858765, -2.478893756866455, -2.1275479793548584, -1.4868544340133667, -1.585797667503357, -1.4923990964889526, -1.7601970434188843, -2.1351802349090576, -2.0811305046081543, -2.169881582260132, -2.1018049716949463, -1.851664423942566]}, "acc_test": 0.45, "precision_test": 0.53125, "recall_test": 0.25, "f1_test": 0.34, "auc_test": 0.5285633484162896}
{"name": "entropy_threshold", "predictions": {"test": [3.0851943492889404, 3.866663694381714, 3.3772542476654053, 4.101503372192383, 3.6185171604156494, 3.30265212059021, 3.35093092918396, 3.85227108001709, 4.077671527862549, 3.119185447692871, 3.421663522720337, 4.180115699768066, 3.3963868618011475, 3.497032642364502, 3.946267604827881, 3.2127597332000732, 3.4561562538146973, 3.6124117374420166, 3.3882458209991455, 3.13075590133667, 3.876631736755371, 3.528891086578369, 3.1708760261535645, 3.928683042526245, 4.062135696411133, 3.853274345397949, 3.6317086219787598, 3.30753755569458, 2.920628547668457, 3.999070405960083, 3.959031105041504, 3.461763381958008, 3.585207939147949, 2.887162923812866, 3.626797914505005, 4.156911849975586, 3.911165475845337, 3.4966862201690674, 3.9464471340179443, 3.4913041591644287, 3.9923958778381348, 3.286261796951294, 4.138619422912598, 3.3875226974487305, 3.5750014781951904, 3.5008583068847656, 3.109647274017334, 4.173164367675781, 3.6142632961273193, 3.800612688064575, 4.270984172821045, 3.691171169281006, 2.964404582977295, 3.2560622692108154, 3.42326283454895, 3.1153483390808105, 3.592660665512085, 3.735776662826538, 4.252992153167725, 4.2100396156311035, 3.4837706089019775, 4.232248783111572, 3.447226047515869, 3.5271694660186768, 3.3963258266448975, 3.313652992248535, 2.7599544525146484, 3.61686635017395, 3.6152124404907227, 3.5761187076568604, 3.802332639694214, 3.4758408069610596, 2.983459949493408, 2.5864062309265137, 3.67704176902771, 4.04364538192749, 4.078829288482666, 3.711430311203003, 3.3206851482391357, 3.90620493888855, 3.4370365142822266, 3.3136188983917236, 4.087619304656982, 4.307387828826904, 3.5742926597595215, 3.9421005249023438, 4.007439136505127, 3.5578505992889404, 4.392469882965088, 3.565596580505371, 3.3785629272460938, 3.2134454250335693, 3.8075103759765625, 3.2250869274139404, 3.2505345344543457, 3.4537856578826904, 3.824138641357422, 3.7598085403442383, 3.0934066772460938, 3.8774688243865967, 3.3182661533355713, 3.5526134967803955, 3.178894281387329, 3.6400885581970215, 3.109375476837158, 3.5975921154022217, 4.158962249755859, 3.9088528156280518, 3.2470285892486572, 4.342184543609619, 4.029226303100586, 3.2953972816467285, 3.421308994293213, 3.3110156059265137, 3.663365125656128, 3.8734965324401855, 3.975806951522827, 3.6068758964538574, 3.6838839054107666, 3.523791551589966]}, "acc_test": 0.5416666666666666, "precision_test": 0.6274509803921569, "recall_test": 0.47058823529411764, "f1_test": 0.5378151260504201, "auc_test": 0.6292420814479639}
{"name": "rank_GLTR_threshold", "predictions": {"test": [[0.714975845410628, 0.17391304347826086, 0.08695652173913043, 0.024154589371980676], [0.6572769953051644, 0.17370892018779344, 0.12206572769953052, 0.046948356807511735], [0.7252747252747253, 0.14285714285714285, 0.0989010989010989, 0.03296703296703297], [0.6533333333333333, 0.19333333333333333, 0.08666666666666667, 0.06666666666666667], [0.6416184971098265, 0.1676300578034682, 0.14450867052023122, 0.046242774566473986], [0.7560975609756098, 0.15853658536585366, 0.06707317073170732, 0.018292682926829267], [0.7096774193548387, 0.2, 0.07741935483870968, 0.012903225806451613], [0.6103896103896104, 0.19480519480519481, 0.15584415584415584, 0.03896103896103896], [0.6242038216560509, 0.17834394904458598, 0.10828025477707007, 0.08917197452229299], [0.7062146892655368, 0.192090395480226, 0.0903954802259887, 0.011299435028248588], [0.7897727272727273, 0.13636363636363635, 0.056818181818181816, 0.017045454545454544], [0.5921787709497207, 0.20670391061452514, 0.11173184357541899, 0.0893854748603352], [0.6888888888888889, 0.17222222222222222, 0.12222222222222222, 0.016666666666666666], [0.64, 0.21714285714285714, 0.09142857142857143, 0.05142857142857143], [0.7222222222222222, 0.14814814814814814, 0.08641975308641975, 0.043209876543209874], [0.6870748299319728, 0.19727891156462585, 0.061224489795918366, 0.05442176870748299], [0.6737588652482269, 0.2198581560283688, 0.0851063829787234, 0.02127659574468085], [0.6382978723404256, 0.1702127659574468, 0.0851063829787234, 0.10638297872340426], [0.6751592356687898, 0.21656050955414013, 0.08280254777070063, 0.025477707006369428], [0.7295918367346939, 0.14795918367346939, 0.09183673469387756, 0.030612244897959183], [0.6285714285714286, 0.12857142857142856, 0.19285714285714287, 0.05], [0.6683673469387755, 0.1836734693877551, 0.11224489795918367, 0.03571428571428571], [0.7378048780487805, 0.1951219512195122, 0.036585365853658534, 0.03048780487804878], [0.5677083333333334, 0.19791666666666666, 0.16666666666666666, 0.06770833333333333], [0.6540880503144654, 0.16352201257861634, 0.12578616352201258, 0.05660377358490566], [0.5958904109589042, 0.22602739726027396, 0.0958904109589041, 0.0821917808219178], [0.7267080745341615, 0.19875776397515527, 0.055900621118012424, 0.018633540372670808], [0.7323943661971831, 0.1619718309859155, 0.09154929577464789, 0.014084507042253521], [0.7393939393939394, 0.16363636363636364, 0.08484848484848485, 0.012121212121212121], [0.5642458100558659, 0.2737430167597765, 0.11173184357541899, 0.05027932960893855], [0.6402877697841727, 0.1510791366906475, 0.1510791366906475, 0.05755395683453238], [0.7261146496815286, 0.1337579617834395, 0.10828025477707007, 0.03184713375796178], [0.6524822695035462, 0.2127659574468085, 0.10638297872340426, 0.028368794326241134], [0.75, 0.1125, 0.10625, 0.03125], [0.7283236994219653, 0.16184971098265896, 0.06358381502890173, 0.046242774566473986], [0.6031746031746031, 0.2328042328042328, 0.12169312169312169, 0.042328042328042326], [0.6706586826347305, 0.1497005988023952, 0.10778443113772455, 0.0718562874251497], [0.6542056074766355, 0.17757009345794392, 0.11682242990654206, 0.0514018691588785], [0.631578947368421, 0.1871345029239766, 0.13450292397660818, 0.04678362573099415], [0.655, 0.17, 0.12, 0.055], [0.6265822784810127, 0.1962025316455696, 0.12658227848101267, 0.05063291139240506], [0.7142857142857143, 0.16806722689075632, 0.09243697478991597, 0.025210084033613446], [0.6040268456375839, 0.26174496644295303, 0.08053691275167785, 0.053691275167785234], [0.7096774193548387, 0.18064516129032257, 0.08387096774193549, 0.025806451612903226], [0.7321428571428571, 0.13095238095238096, 0.08928571428571429, 0.047619047619047616], [0.646551724137931, 0.1724137931034483, 0.13793103448275862, 0.04310344827586207], [0.6890243902439024, 0.23170731707317074, 0.06707317073170732, 0.012195121951219513], [0.6467065868263473, 0.19760479041916168, 0.10778443113772455, 0.04790419161676647], [0.6666666666666666, 0.16129032258064516, 0.12903225806451613, 0.043010752688172046], [0.675, 0.18125, 0.0875, 0.05625], [0.5508474576271186, 0.1906779661016949, 0.15677966101694915, 0.1016949152542373], [0.676829268292683, 0.18902439024390244, 0.07926829268292683, 0.054878048780487805], [0.7006369426751592, 0.2229299363057325, 0.05732484076433121, 0.01910828025477707], [0.7161290322580646, 0.2, 0.07741935483870968, 0.0064516129032258064], [0.6836158192090396, 0.192090395480226, 0.1016949152542373, 0.022598870056497175], [0.7972027972027972, 0.0979020979020979, 0.0979020979020979, 0.006993006993006993], [0.6451612903225806, 0.21935483870967742, 0.12258064516129032, 0.012903225806451613], [0.6417910447761194, 0.14427860696517414, 0.14925373134328357, 0.06467661691542288], [0.5168539325842697, 0.25280898876404495, 0.16292134831460675, 0.06741573033707865], [0.6302083333333334, 0.19270833333333334, 0.09895833333333333, 0.078125], [0.704, 0.136, 0.104, 0.056], [0.5775401069518716, 0.2192513368983957, 0.13368983957219252, 0.06951871657754011], [0.676056338028169, 0.2112676056338028, 0.0892018779342723, 0.023474178403755867], [0.7195121951219512, 0.15853658536585366, 0.0975609756097561, 0.024390243902439025], [0.7272727272727273, 0.17532467532467533, 0.08441558441558442, 0.012987012987012988], [0.7403314917127072, 0.18232044198895028, 0.06629834254143646, 0.011049723756906077], [0.8260869565217391, 0.12318840579710146, 0.043478260869565216, 0.007246376811594203], [0.6363636363636364, 0.23030303030303031, 0.10303030303030303, 0.030303030303030304], [0.695364238410596, 0.152317880794702, 0.1390728476821192, 0.013245033112582781], [0.5958904109589042, 0.2328767123287671, 0.136986301369863, 0.03424657534246575], [0.6909090909090909, 0.15757575757575756, 0.09696969696969697, 0.05454545454545454], [0.7, 0.17857142857142858, 0.07857142857142857, 0.04285714285714286], [0.7228260869565217, 0.16304347826086957, 0.09782608695652174, 0.016304347826086956], [0.7637362637362637, 0.09340659340659341, 0.06593406593406594, 0.07692307692307693], [0.6901408450704225, 0.20422535211267606, 0.08450704225352113, 0.02112676056338028], [0.59375, 0.225, 0.10625, 0.075], [0.6428571428571429, 0.20238095238095238, 0.13095238095238096, 0.023809523809523808], [0.6824324324324325, 0.1891891891891892, 0.0945945945945946, 0.033783783783783786], [0.7613636363636364, 0.14204545454545456, 0.07954545454545454, 0.017045454545454544], [0.6306818181818182, 0.1590909090909091, 0.13636363636363635, 0.07386363636363637], [0.7088607594936709, 0.2088607594936709, 0.06329113924050633, 0.0189873417721519], [0.675531914893617, 0.17553191489361702, 0.11702127659574468, 0.031914893617021274], [0.6097560975609756, 0.18292682926829268, 0.12804878048780488, 0.07926829268292683], [0.5956284153005464, 0.18579234972677597, 0.12568306010928962, 0.09289617486338798], [0.6791666666666667, 0.20833333333333334, 0.09166666666666666, 0.020833333333333332], [0.6708074534161491, 0.19254658385093168, 0.08074534161490683, 0.055900621118012424], [0.6, 0.19444444444444445, 0.15, 0.05555555555555555], [0.6891891891891891, 0.20945945945945946, 0.06756756756756757, 0.033783783783783786], [0.6209150326797386, 0.16993464052287582, 0.1503267973856209, 0.058823529411764705], [0.7189542483660131, 0.1830065359477124, 0.0915032679738562, 0.006535947712418301], [0.6891891891891891, 0.14864864864864866, 0.13513513513513514, 0.02702702702702703], [0.782608695652174, 0.13768115942028986, 0.057971014492753624, 0.021739130434782608], [0.6257668711656442, 0.2147239263803681, 0.10429447852760736, 0.05521472392638037], [0.782608695652174, 0.13768115942028986, 0.06521739130434782, 0.014492753623188406], [0.6917293233082706, 0.18045112781954886, 0.10526315789473684, 0.022556390977443608], [0.6308724832214765, 0.21476510067114093, 0.1476510067114094, 0.006711409395973154], [0.5873015873015873, 0.18253968253968253, 0.15873015873015872, 0.07142857142857142], [0.6477987421383647, 0.23270440251572327, 0.07547169811320754, 0.0440251572327044], [0.6948356807511737, 0.19718309859154928, 0.07981220657276995, 0.028169014084507043], [0.63125, 0.20625, 0.14375, 0.01875], [0.7352941176470589, 0.18823529411764706, 0.058823529411764705, 0.01764705882352941], [0.6635071090047393, 0.16113744075829384, 0.11848341232227488, 0.05687203791469194], [0.7770700636942676, 0.1337579617834395, 0.07643312101910828, 0.012738853503184714], [0.6687898089171974, 0.16560509554140126, 0.12738853503184713, 0.03821656050955414], [0.7065217391304348, 0.17391304347826086, 0.10869565217391304, 0.010869565217391304], [0.6223404255319149, 0.22872340425531915, 0.1276595744680851, 0.02127659574468085], [0.6432432432432432, 0.15675675675675677, 0.11351351351351352, 0.08648648648648649], [0.6301369863013698, 0.17123287671232876, 0.13013698630136986, 0.0684931506849315], [0.7421052631578947, 0.14210526315789473, 0.07368421052631578, 0.042105263157894736], [0.5466666666666666, 0.24, 0.13333333333333333, 0.08], [0.625, 0.23863636363636365, 0.08522727272727272, 0.05113636363636364], [0.7484662576687117, 0.17791411042944785, 0.049079754601226995, 0.024539877300613498], [0.7515151515151515, 0.13333333333333333, 0.07878787878787878, 0.03636363636363636], [0.7514450867052023, 0.17341040462427745, 0.06358381502890173, 0.011560693641618497], [0.6724137931034483, 0.23275862068965517, 0.07758620689655173, 0.017241379310344827], [0.5945945945945946, 0.27702702702702703, 0.0945945945945946, 0.033783783783783786], [0.6299559471365639, 0.22466960352422907, 0.09251101321585903, 0.05286343612334802], [0.6470588235294118, 0.18487394957983194, 0.14285714285714285, 0.025210084033613446], [0.6521739130434783, 0.18840579710144928, 0.09420289855072464, 0.06521739130434782], [0.6434108527131783, 0.23255813953488372, 0.10852713178294573, 0.015503875968992248]]}, "acc_test": 0.39166666666666666, "precision_test": 0.4074074074074074, "recall_test": 0.16176470588235295, "f1_test": 0.23157894736842105, "auc_test": 0.5203619909502263}
{"name": "perturbation_10_z", "predictions": {"test": [0.39203381659530634, -0.06840808420552469, 0.34598351600404076, -0.12197593677988088, -0.4637801876325313, 0.8858067169271246, 0.16715694495761727, -0.20821488435164995, -1.5270893332145423, 0.23135811409436885, -0.3568174303717, -0.3664331313732817, -0.13412068364624974, -0.8666300434294816, 1.1797875748489601, -0.8645221985045208, 0.36443185377917653, -1.216710461608565, 0.045464760548437136, 0.8913478863729415, -0.8492430856513679, 0.7639722708075453, 0.34139664250553403, -0.1428637815333167, 1.0183051225835857, -0.11865774514134919, -0.10064805980423323, 0.9498932041304217, 0.06586190606496509, -0.24624378845775477, -0.17076611932273064, 0.15259562349802933, 1.0676093966001161, -0.49180427628858425, -0.1580391339257457, -0.14058182973946462, 0.4026054147435317, 0.4401004339824151, -0.5120013203701539, 0.2584619801573608, 0.26341443458783453, 0.30289026353612314, -0.126856278915342, 0.631523552085422, -0.14990753911572732, -0.19676358512118947, -0.44483162035931983, 0.11914134643938809, 0.15056180402610594, 0.18050775664455057, 0.3102570033761728, 0.16356637599412474, -0.24480507216445724, 0.9150733069099182, 0.4388625996029926, 1.1896702694500774, -0.24117328602626878, -0.15245749616229518, -0.19750259543893275, 0.4331800379047581, 0.3991077229735377, 0.13267874708173272, -0.21441967124196587, 0.7151116332319124, 0.3432295616677566, 0.7732812354452768, 0.8502190367118678, -0.8184976129924173, 0.3689558559580084, -1.0842501946587269, 1.0730134891995253, -0.2284315463629997, -0.8994237756695845, -0.8607112942519648, -0.7576949999440954, -1.2216523828203316, 0.11099441616296185, 0.07622807816987749, 0.6792340725880183, -0.45011052800702855, -0.9633900534320962, -0.4583094595561298, -0.10109672362517315, 0.18332184418047662, 0.5673156636936354, -0.4901925623169715, 0.01419398364231016, 1.2006103732566253, -0.08635423833343617, -0.5601535461324985, 0.10394155447924619, 0.24642847467420656, -0.297298711948865, 1.4599457498630002, 0.011574393677839282, 0.25612692023049594, 0.43716724844615484, 0.4611147350201694, 1.024401864162235, 0.648934112610687, 0.42809558454418956, 0.11248260588205258, 0.6149069877128835, 0.10719349013122442, 0.8321028182936338, -0.8584063796384368, 0.007814546635227267, 0.2524856649399658, 0.29912877193651444, 0.12239386288921274, 0.03808004938312284, -0.04257666179059773, -0.16482049976725924, 1.1803398707341433, 0.5838333204325447, -0.3453213439512822, -0.003932937233801549, 0.5601119777051681, -0.5733230819834519, 0.22348372924466714]}, "info": {"pct_words_masked": 0.3, "span_length": 2, "n_perturbations": 10}, "general": {"acc_test": 0.4666666666666667, "precision_test": 0.5555555555555556, "recall_test": 0.29411764705882354, "f1_test": 0.3846153846153846, "auc_test": 0.4751131221719457}}
{"name": "GPT-sentinel", "acc": 0.9}
{"name": "roberta-base-openai-detector", "predictions": {"test": [0.00017735507572069764, 0.00034671093453653157, 0.0001767855865182355, 0.0001718888815958053, 0.000168141647009179, 0.0007248094771057367, 0.6032094359397888, 0.005238021723926067, 0.00017041995306499302, 0.00021777562506031245, 0.0017034497577697039, 0.002012307057157159, 0.00018035221728496253, 0.0004637154925148934, 0.001285665319301188, 0.008663495071232319, 0.007128020282834768, 0.9827249646186829, 0.000218622139072977, 0.0002368892019148916, 0.0014277398586273193, 0.00017089607717934996, 0.0004839498142246157, 0.002202104078605771, 0.00016852511907927692, 0.00026786408852785826, 0.0002629024675115943, 0.00017580357962287962, 0.00017843337263911963, 0.032806623727083206, 0.0025407306384295225, 0.0005339074996300042, 0.00017617172852624208, 0.0001997942745219916, 0.0001805199426598847, 0.0008115596720017493, 0.03577687218785286, 0.00018878593982663006, 0.00022840016754344106, 0.0002684247447177768, 0.0006710049347020686, 0.0001837533782236278, 0.0005269492394290864, 0.00017626195040065795, 0.00017054268391802907, 0.0003614845918491483, 0.00017372095317114145, 0.0009025614126585424, 0.00018859865667764097, 0.0001932323502842337, 0.0002827785210683942, 0.00017217856657225639, 0.000247308547841385, 0.0004397599259391427, 0.00019959967175964266, 0.0011360602220520377, 0.0003206988621968776, 0.00033674680162221193, 0.0039002278354018927, 0.00020904585835523903, 0.0002391780144535005, 0.00047853850992396474, 0.00033685757080093026, 0.00018483794701751322, 0.002688715700060129, 0.8617932796478271, 0.02135397307574749, 0.0017261303728446364, 0.00016872110427357256, 0.00018700797227211297, 0.0012195237213745713, 0.7791953682899475, 0.0002655293792486191, 0.998920202255249, 0.0001969655422726646, 0.008637266233563423, 0.00022260539117269218, 0.0005145952454768121, 0.11015339195728302, 0.0002145043108612299, 0.00017597581609152257, 0.0001942918897839263, 0.0001681660214671865, 0.0002931427152361721, 0.00018435165111441165, 0.06506997346878052, 0.00017392913287039846, 0.002227288205176592, 0.00028029916575178504, 0.0032746552024036646, 0.00018745857232715935, 0.0006019151187501848, 0.007049310952425003, 0.3960545063018799, 0.00018304619879927486, 0.00026458801585249603, 0.0022735039237886667, 0.00017047162691596895, 0.0009684519027359784, 0.0007740001892670989, 0.00018256128532812, 0.00017677817959338427, 0.0007172590121626854, 0.00017631828086450696, 0.00016779698489699513, 0.0001853988942457363, 0.00021091884991619736, 0.00016918346227612346, 0.00019794511899817735, 0.551271915435791, 0.00019914741278626025, 0.8475354909896851, 0.17016436159610748, 0.0001753843534970656, 0.0001763853506417945, 0.00016869780665729195, 0.00019316491670906544, 0.003532727248966694, 0.0002473304921295494, 0.1294257938861847]}, "logits": {"test": [-4.687492370605469, -4.274538993835449, -4.683246612548828, -4.703149795532227, -4.712384223937988, -3.9004950523376465, 0.15272803604602814, -2.8039097785949707, -4.711493968963623, -4.569967269897461, -3.398376703262329, -3.319582939147949, -4.675464630126953, -4.141546726226807, -3.5890965461730957, -2.568554639816284, -2.6571285724639893, 2.0579962730407715, -4.567359924316406, -4.518422603607178, -3.5178260803222656, -4.702235221862793, -4.1210174560546875, -3.2708992958068848, -4.717668533325195, -4.438109397888184, -4.459352970123291, -4.69351863861084, -4.688076972961426, -1.8018198013305664, -3.20650577545166, -4.062135219573975, -4.691287517547607, -4.6147260665893555, -4.674033164978027, -3.829213857650757, -1.765024185180664, -4.648200988769531, -4.5373921394348145, -4.433290958404541, -3.9270694255828857, -4.674612045288086, -4.065084457397461, -4.687906265258789, -4.710608005523682, -4.277888298034668, -4.696691036224365, -3.759464740753174, -4.650333881378174, -4.637333869934082, -4.419027328491211, -4.703658103942871, -4.48948860168457, -4.182377815246582, -4.617650032043457, -3.649406671524048, -4.350827693939209, -4.305517673492432, -2.9630126953125, -4.590072154998779, -4.506798267364502, -4.114232063293457, -4.316952705383301, -4.6623854637146, -3.186537981033325, 0.8854134678840637, -2.0527307987213135, -3.40865421295166, -4.713837623596191, -4.654880046844482, -3.590620756149292, 0.5912655591964722, -4.457132816314697, 3.6230287551879883, -4.625263690948486, -2.526583433151245, -4.548730373382568, -4.077752113342285, -1.1376153230667114, -4.5754194259643555, -4.689303398132324, -4.637168884277344, -4.716272830963135, -4.3862128257751465, -4.6621527671813965, -1.4391809701919556, -4.692642688751221, -3.2914905548095703, -4.421962261199951, -3.0904953479766846, -4.656191825866699, -4.008166313171387, -2.6390626430511475, -0.27711355686187744, -4.668061256408691, -4.4619245529174805, -3.2553350925445557, -4.700935363769531, -3.715806722640991, -3.8558242321014404, -4.670618534088135, -4.68535041809082, -3.908031702041626, -4.691993236541748, -4.718014717102051, -4.6574931144714355, -4.583419322967529, -4.7133378982543945, -4.619444370269775, 0.047343797981739044, -4.618623733520508, 0.830382227897644, -0.8630478382110596, -4.693536758422852, -4.691915035247803, -4.713874816894531, -4.635303020477295, -3.037006378173828, -4.500589847564697, -1.0569939613342285]}, "acc_test": 0.4583333333333333, "precision_test": 0.7142857142857143, "recall_test": 0.07352941176470588, "f1_test": 0.13333333333333333, "auc_test": 0.4267533936651584, "preds": [0.00017735507572069764, 0.00034671093453653157, 0.00021777562506031245, 0.0017034497577697039, 0.00018035221728496253, 0.008663495071232319, 0.007128020282834768, 0.9827249646186829, 0.000218622139072977, 0.0002368892019148916, 0.0014277398586273193, 0.00017089607717934996, 0.002202104078605771, 0.00016852511907927692, 0.0002629024675115943, 0.00017580357962287962, 0.00017843337263911963, 0.0025407306384295225, 0.00017617172852624208, 0.0001997942745219916, 0.00018878593982663006, 0.0002684247447177768, 0.0006710049347020686, 0.0001837533782236278, 0.0003614845918491483, 0.00017372095317114145, 0.00018859865667764097, 0.0001932323502842337, 0.000247308547841385, 0.00019959967175964266, 0.0011360602220520377, 0.0003206988621968776, 0.00033674680162221193, 0.0002391780144535005, 0.8617932796478271, 0.0017261303728446364, 0.00016872110427357256, 0.00018700797227211297, 0.0012195237213745713, 0.7791953682899475, 0.0002655293792486191, 0.008637266233563423, 0.0005145952454768121, 0.00017597581609152257, 0.0001942918897839263, 0.00018435165111441165, 0.00017392913287039846, 0.0032746552024036646, 0.00018745857232715935, 0.00018304619879927486, 0.00026458801585249603, 0.0022735039237886667, 0.0009684519027359784, 0.00017677817959338427, 0.00017631828086450696, 0.0001853988942457363, 0.00021091884991619736, 0.00016918346227612346, 0.00019794511899817735, 0.551271915435791, 0.8475354909896851, 0.0001753843534970656, 0.0001763853506417945, 0.00016869780665729195, 0.00019316491670906544, 0.003532727248966694, 0.0002473304921295494, 0.1294257938861847]}
{"name": "Hello-SimpleAI/chatgpt-detector-roberta", "predictions": {"test": [0.9915916919708252, 0.01034720242023468, 0.021993286907672882, 0.23958295583724976, 0.0072081806138157845, 0.056451570242643356, 0.0019801396410912275, 0.0003942338516935706, 0.0003354607615619898, 0.9981693029403687, 0.048675499856472015, 0.00046352591016329825, 0.0003846738254651427, 0.0011175988474860787, 0.2961008846759796, 0.2537271976470947, 0.9920064806938171, 0.011614536866545677, 0.0006332946359179914, 0.2822226881980896, 0.0053696357645094395, 0.0038969675078988075, 0.968285322189331, 0.006818434223532677, 0.00033317296765744686, 0.0005094681400805712, 0.03555827960371971, 0.00036419404204934835, 0.06070669740438461, 0.00029576587257906795, 0.007261591963469982, 0.0011864021653309464, 0.022870128974318504, 0.3191123306751251, 0.06379321217536926, 0.0007950974977575243, 0.11377748101949692, 0.0009955269051715732, 0.00038015429163351655, 0.0036525893956422806, 0.21028535068035126, 0.0003988361277151853, 0.0006462131859734654, 0.006634535267949104, 0.0003310573229100555, 0.0005435020430013537, 0.003363614436239004, 0.00028792431112378836, 0.013954187743365765, 0.003404231509193778, 0.00036344019463285804, 0.00040937215089797974, 0.9292204976081848, 0.9841984510421753, 0.9459161758422852, 0.9927353858947754, 0.8519871830940247, 0.0012777720112353563, 0.000297663442324847, 0.0005905330763198435, 0.07151483744382858, 0.0013102215016260743, 0.01652657985687256, 0.04525655508041382, 0.9930712580680847, 0.03145173564553261, 0.0010770880617201328, 0.9698547124862671, 0.023892180994153023, 0.0004106981214135885, 0.0029218588024377823, 0.962722897529602, 0.1720731407403946, 0.006279660854488611, 0.002468280028551817, 0.0008280038018710911, 0.00027888023760169744, 0.7713862061500549, 0.06694263219833374, 0.030432553961873055, 0.0003649059508461505, 0.0028083312790840864, 0.00044428781257010996, 0.0003204198437742889, 0.01090213656425476, 0.1388479620218277, 0.0006159789045341313, 0.04842656850814819, 0.00033807431464083493, 0.4029836356639862, 0.002094227820634842, 0.2961519956588745, 0.0010523770470172167, 0.29011255502700806, 0.8781439661979675, 0.000578181236051023, 0.0004930818104185164, 0.0005411433521658182, 0.9386172294616699, 0.0003773464122787118, 0.02071869932115078, 0.2546848654747009, 0.05228765681385994, 0.12886902689933777, 0.05593307316303253, 0.019694464281201363, 0.0038379894103854895, 0.001416219980455935, 0.022982938215136528, 0.00046290020691230893, 0.0014153671218082309, 0.9735038876533508, 0.10418201982975006, 0.8586435914039612, 0.0008583785383962095, 0.031491365283727646, 0.0012815581867471337, 0.0003545071231201291, 0.0004988073487766087, 0.0005717640742659569]}, "logits": {"test": [2.184443235397339, -2.223555326461792, -1.8889695405960083, -0.7051037549972534, -2.3808484077453613, -1.4557756185531616, -2.9240810871124268, -3.5385782718658447, -3.5921928882598877, 2.811868667602539, -1.5253466367721558, -3.482564687728882, -3.546882390975952, -3.152482509613037, -0.5712090134620667, -0.6697905659675598, 2.205859661102295, -2.1728591918945312, -3.369370222091675, -0.6023256182670593, -2.5074143409729004, -2.643493175506592, 1.6095895767211914, -2.404850959777832, -3.5944125652313232, -3.4489238262176514, -1.670757532119751, -3.56520676612854, -1.421408772468567, -3.631918430328369, -2.377655506134033, -3.129056215286255, -1.8713818788528442, -0.521246612071991, -1.3978480100631714, -3.2838656902313232, -1.11453115940094, -3.197538137435913, -3.550861358642578, -2.6707427501678467, -0.782767653465271, -3.5346362590789795, -3.3618688583374023, -2.416639804840088, -3.596468687057495, -3.4255526065826416, -2.70531964302063, -3.6399905681610107, -2.0919189453125, -2.7002968788146973, -3.5658836364746094, -3.525731086730957, 1.2454612255096436, 1.9144551753997803, 1.36953866481781, 2.2462425231933594, 0.8875119686126709, -3.0998075008392334, -3.6299655437469482, -3.395209550857544, -1.3431891202926636, -3.0898921489715576, -2.016829490661621, -1.5593063831329346, 2.26619291305542, -1.726922631263733, -3.166914701461792, 1.632062315940857, -1.851672887802124, -3.5246260166168213, -2.7640535831451416, 1.5376368761062622, -0.6027399897575378, -2.440322160720825, -2.8338677883148193, -3.2684216499328613, -3.649291753768921, 0.652430534362793, -1.374862551689148, -1.7419394254684448, -3.5645546913146973, -2.780515432357788, -3.497431516647339, -3.6069445610046387, -2.200659990310669, -1.0119497776031494, -3.379643201828003, -1.5277470350265503, -3.5896763801574707, -0.07540082186460495, -2.901256561279297, -0.5711274147033691, -3.1759650707244873, -0.5846738815307617, 0.9853177070617676, -3.4029717445373535, -3.4606313705444336, -3.4271323680877686, 1.3114420175552368, -3.5533549785614014, -1.9158084392547607, -0.66749107837677, -1.491845726966858, -1.050789713859558, -1.460127592086792, -1.9385324716567993, -2.6499130725860596, -3.059004783630371, -1.8691614866256714, -3.4830398559570312, -3.059243679046631, 1.689024806022644, -1.1532062292099, 0.9110022187232971, -3.254652738571167, -1.726341962814331, -3.098641872406006, -3.574127435684204, -3.456510543823242, -3.4070627689361572]}, "acc_test": 0.525, "precision_test": 0.8235294117647058, "recall_test": 0.20588235294117646, "f1_test": 0.32941176470588235, "auc_test": 0.620475113122172, "preds": [0.9915916919708252, 0.01034720242023468, 0.9981693029403687, 0.048675499856472015, 0.0003846738254651427, 0.2537271976470947, 0.9920064806938171, 0.011614536866545677, 0.0006332946359179914, 0.2822226881980896, 0.0053696357645094395, 0.0038969675078988075, 0.006818434223532677, 0.00033317296765744686, 0.03555827960371971, 0.00036419404204934835, 0.06070669740438461, 0.007261591963469982, 0.022870128974318504, 0.3191123306751251, 0.0009955269051715732, 0.0036525893956422806, 0.21028535068035126, 0.0003988361277151853, 0.0005435020430013537, 0.003363614436239004, 0.013954187743365765, 0.003404231509193778, 0.9292204976081848, 0.9459161758422852, 0.9927353858947754, 0.8519871830940247, 0.0012777720112353563, 0.07151483744382858, 0.03145173564553261, 0.9698547124862671, 0.023892180994153023, 0.0004106981214135885, 0.0029218588024377823, 0.962722897529602, 0.1720731407403946, 0.0008280038018710911, 0.7713862061500549, 0.0003649059508461505, 0.0028083312790840864, 0.01090213656425476, 0.0006159789045341313, 0.4029836356639862, 0.002094227820634842, 0.8781439661979675, 0.000578181236051023, 0.0004930818104185164, 0.9386172294616699, 0.2546848654747009, 0.12886902689933777, 0.019694464281201363, 0.0038379894103854895, 0.001416219980455935, 0.022982938215136528, 0.00046290020691230893, 0.9735038876533508, 0.8586435914039612, 0.0008583785383962095, 0.031491365283727646, 0.0012815581867471337, 0.0003545071231201291, 0.0004988073487766087, 0.0005717640742659569]}
