{"name": "likelihood_threshold", "predictions": {"test": [-2.531026601791382, -2.036165714263916, -3.8435258865356445, -3.6996188163757324, -3.5926856994628906, -3.721700429916382, -3.4223973751068115, -3.7209227085113525, -3.7049126625061035, -1.898343801498413, -1.8064497709274292, -3.479459762573242, -4.167471885681152, -3.254925012588501, -3.7729249000549316, -3.590430974960327, -1.9201587438583374, -2.4553732872009277, -1.698601245880127, -1.6101508140563965, -2.994861364364624, -2.6773014068603516, -3.3870739936828613, -2.362861394882202, -3.401209592819214, -3.9927093982696533, -2.6812732219696045, -1.5315288305282593, -1.8072290420532227, -3.587144136428833, -3.1750786304473877, -3.294398546218872, -3.496633768081665, -1.762322187423706, -3.814364194869995, -3.2942419052124023, -3.7743349075317383, -2.3836724758148193, -3.7830586433410645, -2.447537422180176, -2.9028964042663574, -2.255605697631836, -4.056770324707031, -3.4180033206939697, -3.6567249298095703, -2.3671681880950928, -2.1887052059173584, -3.669394016265869, -2.7076385021209717, -1.6339218616485596, -3.161073923110962, -3.513981819152832, -1.9042048454284668, -3.2490038871765137, -2.333651542663574, -2.2596311569213867, -1.505628228187561, -2.190589427947998, -4.136070728302002, -4.313483715057373, -1.8867614269256592, -3.4932639598846436, -3.774671792984009, -3.6900088787078857, -3.5411107540130615, -3.022137403488159, -3.2046029567718506, -3.0308234691619873, -1.8318519592285156, -1.840319275856018, -2.4255781173706055, -3.7952916622161865, -2.0886237621307373, -3.6129305362701416, -3.507972002029419, -2.065082550048828, -3.329014301300049, -4.006113529205322, -3.2771902084350586, -3.8618266582489014, -3.4751455783843994, -2.7371997833251953, -3.870124340057373, -3.545689105987549, -3.1174371242523193, -3.6998982429504395, -1.7136573791503906, -3.8233017921447754, -4.120560169219971, -2.2121808528900146, -2.224348783493042, -3.9512698650360107, -3.7008910179138184, -3.713371992111206, -2.3158507347106934, -3.3145384788513184, -2.3539912700653076, -3.447888135910034, -2.469748020172119, -3.5218703746795654, -3.9339778423309326, -2.918565511703491, -2.9934275150299072, -2.7532944679260254, -3.1500580310821533, -2.432509660720825, -3.0105226039886475, -3.6571483612060547, -3.039008617401123, -2.377828359603882, -3.553410768508911, -2.3163464069366455, -3.4970498085021973, -3.499328851699829, -3.6540067195892334, -2.817586898803711, -2.88389253616333, -1.8404045104980469, -2.25759220123291, -2.6797103881835938]}, "acc_test": 0.875, "precision_test": 0.9491525423728814, "recall_test": 0.8235294117647058, "f1_test": 0.8818897637795277, "auc_test": 0.917420814479638}
{"name": "rank_threshold", "predictions": {"test": [-112.85365295410156, -52.49650192260742, -243.49168395996094, -314.12261962890625, -184.8996124267578, -279.3496398925781, -296.2951354980469, -198.71812438964844, -206.27464294433594, -9.528735160827637, -19.09090805053711, -186.73170471191406, -244.23077392578125, -53.02702713012695, -217.3663787841797, -332.4810791015625, -45.051612854003906, -78.01204681396484, -7.530611991882324, -26.688236236572266, -429.2857360839844, -110.3277359008789, -184.06964111328125, -14.285715103149414, -264.0243835449219, -291.7201843261719, -62.41817855834961, -9.580644607543945, -99.6021499633789, -191.81642150878906, -123.78787994384766, -231.1979217529297, -158.51266479492188, -19.449541091918945, -163.16334533691406, -246.238525390625, -266.39373779296875, -140.67721557617188, -165.48709106445312, -60.3203125, -29.04098129272461, -273.6031799316406, -197.47344970703125, -73.60147857666016, -129.96641540527344, -48.65151596069336, -8.42424201965332, -242.5729522705078, -87.85470581054688, -13.744000434875488, -73.25627899169922, -102.4718017578125, -15.86805534362793, -167.18856811523438, -73.57723236083984, -78.9921875, -3.238410711288452, -35.64753723144531, -178.73802185058594, -448.6512756347656, -7.358974456787109, -129.05056762695312, -143.30039978027344, -181.4895782470703, -101.7704849243164, -109.265625, -76.70588684082031, -97.9552230834961, -12.064516067504883, -33.005558013916016, -19.64634132385254, -439.4045715332031, -80.93965148925781, -80.1964340209961, -107.19281005859375, -429.8095397949219, -202.3942413330078, -362.0873107910156, -202.0855255126953, -180.22666931152344, -121.5182876586914, -86.4380111694336, -267.5157470703125, -127.19910430908203, -75.2800064086914, -239.2994842529297, -27.57851219177246, -230.92739868164062, -213.20425415039062, -157.90264892578125, -62.78512191772461, -199.039306640625, -212.19183349609375, -200.49020385742188, -41.585105895996094, -456.3235168457031, -25.59503936767578, -157.09361267089844, -68.09677124023438, -154.4160614013672, -206.4923858642578, -40.215911865234375, -73.66431427001953, -117.82014465332031, -134.265380859375, -88.0157470703125, -99.67195129394531, -472.7404479980469, -211.3333282470703, -75.9920654296875, -128.3069610595703, -58.2833366394043, -168.75, -187.76864624023438, -471.1748046875, -316.6327819824219, -87.36666870117188, -7.3828125, -9.871559143066406, -88.06977081298828]}, "acc_test": 0.7416666666666667, "precision_test": 0.7605633802816901, "recall_test": 0.7941176470588235, "f1_test": 0.7769784172661871, "auc_test": 0.7618778280542986}
{"name": "log_rank_threshold", "predictions": {"test": [-1.1646053791046143, -0.899444580078125, -2.1218881607055664, -2.052112579345703, -1.9431387186050415, -1.986262559890747, -1.750982403755188, -2.0549845695495605, -2.044728994369507, -0.839891254901886, -0.7456154823303223, -1.8146361112594604, -2.451423406600952, -1.6625090837478638, -1.969936490058899, -1.9391921758651733, -0.8051332831382751, -1.1780775785446167, -0.7026974558830261, -0.5802657604217529, -1.5234038829803467, -1.2998424768447876, -1.7848838567733765, -1.0294201374053955, -1.8231929540634155, -2.252561569213867, -1.314770221710205, -0.5516535639762878, -0.8177006244659424, -1.9561878442764282, -1.6961669921875, -1.7162612676620483, -1.9957427978515625, -0.6638759970664978, -2.105577230453491, -1.728766918182373, -2.072824001312256, -1.1662087440490723, -2.05493426322937, -1.131615400314331, -1.4218999147415161, -0.9363034963607788, -2.274472236633301, -1.779660940170288, -2.0357282161712646, -1.1254574060440063, -0.9939500689506531, -2.0000550746917725, -1.3778055906295776, -0.7225778698921204, -1.6236492395401, -1.8353538513183594, -0.935314416885376, -1.6892098188400269, -1.138183355331421, -0.9817922115325928, -0.5298862457275391, -1.0688775777816772, -2.3905723094940186, -2.4796366691589355, -0.8140091896057129, -1.9141919612884521, -2.0994725227355957, -2.0835320949554443, -1.8577102422714233, -1.569379448890686, -1.6398009061813354, -1.458892822265625, -0.6980440020561218, -0.8348524570465088, -1.1782622337341309, -2.1682565212249756, -1.033631443977356, -1.9522916078567505, -1.8983708620071411, -0.909066915512085, -1.7151418924331665, -2.269550323486328, -1.809151291847229, -2.1598854064941406, -1.9004179239273071, -1.3405286073684692, -2.2420413494110107, -1.9475289583206177, -1.6421173810958862, -2.099346399307251, -0.7482665181159973, -2.1717631816864014, -2.328321695327759, -0.9455408453941345, -0.9467494487762451, -2.0914995670318604, -2.0201432704925537, -2.043466329574585, -1.0923961400985718, -1.7979295253753662, -1.056881070137024, -1.856918215751648, -1.233963966369629, -1.869011640548706, -2.1683452129364014, -1.4478453397750854, -1.5416611433029175, -1.3370084762573242, -1.6469868421554565, -1.1147634983062744, -1.5875579118728638, -2.0724198818206787, -1.5608760118484497, -0.9990922212600708, -1.943818211555481, -1.0805710554122925, -1.8808226585388184, -1.8235026597976685, -2.082206964492798, -1.5037062168121338, -1.4823721647262573, -0.7231109738349915, -0.9840202927589417, -1.3123277425765991]}, "acc_test": 0.8666666666666667, "precision_test": 0.9333333333333333, "recall_test": 0.8235294117647058, "f1_test": 0.8749999999999999, "auc_test": 0.9046945701357466}
{"name": "entropy_threshold", "predictions": {"test": [3.247659206390381, 2.8461930751800537, 3.746657609939575, 3.964451789855957, 3.6747641563415527, 4.045238494873047, 3.623720645904541, 3.9023826122283936, 3.9290099143981934, 2.7671473026275635, 2.5553884506225586, 3.781733989715576, 4.026821136474609, 3.6109421253204346, 3.9248902797698975, 3.6062235832214355, 2.923715114593506, 2.9085659980773926, 2.5881824493408203, 2.573479652404785, 3.4781744480133057, 3.261028528213501, 3.6580846309661865, 3.2057509422302246, 3.5362329483032227, 4.2880096435546875, 2.900822877883911, 2.5213241577148438, 2.4068126678466797, 3.5495216846466064, 3.3930485248565674, 3.3164114952087402, 3.716883897781372, 2.8573529720306396, 4.033353328704834, 3.727282762527466, 3.629045009613037, 2.7191059589385986, 3.9458768367767334, 3.5017313957214355, 3.4733989238739014, 3.120577335357666, 4.225151062011719, 3.915989637374878, 3.7577879428863525, 3.085937261581421, 2.9514801502227783, 3.947460651397705, 3.263079881668091, 2.180030584335327, 3.462002992630005, 3.902529716491699, 2.2245635986328125, 3.5508739948272705, 2.9780054092407227, 3.4452688694000244, 2.4221861362457275, 2.9040915966033936, 4.180352687835693, 4.3133063316345215, 2.677971124649048, 3.784900426864624, 3.829040765762329, 4.074227333068848, 3.6897940635681152, 3.6618053913116455, 3.764047861099243, 3.7975969314575195, 2.9092936515808105, 2.395709753036499, 3.02919602394104, 4.099626064300537, 2.2335152626037598, 3.695488214492798, 3.804651975631714, 2.531667709350586, 3.823542833328247, 3.9352166652679443, 3.444554328918457, 4.188740253448486, 3.783348798751831, 3.5158851146698, 4.31472110748291, 3.7524566650390625, 3.296881675720215, 3.5155510902404785, 2.8372347354888916, 3.9086358547210693, 4.176412582397461, 3.0524070262908936, 3.286043882369995, 4.008157253265381, 3.841536045074463, 3.791271924972534, 2.789924383163452, 3.5855493545532227, 3.199099540710449, 3.7115938663482666, 3.1246912479400635, 3.7713141441345215, 4.013477325439453, 3.302049160003662, 3.6880767345428467, 3.546083450317383, 3.302044630050659, 3.4566495418548584, 3.124307155609131, 3.920661687850952, 3.430191993713379, 3.6987695693969727, 3.617408275604248, 3.1443960666656494, 3.5434958934783936, 3.6897103786468506, 4.226161479949951, 3.3050968647003174, 2.992021322250366, 2.9603896141052246, 3.2323148250579834, 3.2814536094665527]}, "acc_test": 0.8333333333333334, "precision_test": 0.9285714285714286, "recall_test": 0.7647058823529411, "f1_test": 0.8387096774193549, "auc_test": 0.892816742081448}
{"name": "rank_GLTR_threshold", "predictions": {"test": [[0.7967479674796748, 0.15447154471544716, 0.032520325203252036, 0.016260162601626018], [0.8881118881118881, 0.08391608391608392, 0.02097902097902098, 0.006993006993006993], [0.6125, 0.25833333333333336, 0.08333333333333333, 0.04583333333333333], [0.6457765667574932, 0.19618528610354224, 0.10626702997275204, 0.051771117166212535], [0.667953667953668, 0.18532818532818532, 0.11196911196911197, 0.03474903474903475], [0.6616541353383458, 0.19924812030075187, 0.10150375939849623, 0.03759398496240601], [0.6784140969162996, 0.20704845814977973, 0.07929515418502203, 0.03524229074889868], [0.6476510067114094, 0.1912751677852349, 0.11073825503355705, 0.050335570469798654], [0.6619718309859155, 0.18661971830985916, 0.11971830985915492, 0.03169014084507042], [0.9080459770114943, 0.07471264367816093, 0.017241379310344827, 0.0], [0.8842975206611571, 0.09090909090909091, 0.024793388429752067, 0.0], [0.6544715447154471, 0.24796747967479674, 0.07317073170731707, 0.024390243902439025], [0.5538461538461539, 0.2230769230769231, 0.16153846153846155, 0.06153846153846154], [0.706081081081081, 0.1858108108108108, 0.09797297297297297, 0.010135135135135136], [0.6379310344827587, 0.19827586206896552, 0.1336206896551724, 0.03017241379310345], [0.6810810810810811, 0.16216216216216217, 0.11351351351351352, 0.043243243243243246], [0.8838709677419355, 0.10967741935483871, 0.0, 0.0064516129032258064], [0.8072289156626506, 0.13855421686746988, 0.04216867469879518, 0.012048192771084338], [0.9115646258503401, 0.07482993197278912, 0.013605442176870748, 0.0], [0.9352941176470588, 0.041176470588235294, 0.01764705882352941, 0.0058823529411764705], [0.7619047619047619, 0.1619047619047619, 0.01904761904761905, 0.05714285714285714], [0.7899159663865546, 0.13445378151260504, 0.05042016806722689, 0.025210084033613446], [0.681592039800995, 0.19402985074626866, 0.10945273631840796, 0.014925373134328358], [0.8571428571428571, 0.09243697478991597, 0.05042016806722689, 0.0], [0.6910569105691057, 0.16260162601626016, 0.0975609756097561, 0.04878048780487805], [0.5963302752293578, 0.22477064220183487, 0.12844036697247707, 0.05045871559633028], [0.7454545454545455, 0.18181818181818182, 0.06363636363636363, 0.00909090909090909], [0.9290322580645162, 0.05161290322580645, 0.01935483870967742, 0.0], [0.8548387096774194, 0.11827956989247312, 0.016129032258064516, 0.010752688172043012], [0.6811594202898551, 0.1497584541062802, 0.13043478260869565, 0.03864734299516908], [0.7121212121212122, 0.1893939393939394, 0.08333333333333333, 0.015151515151515152], [0.6822916666666666, 0.21875, 0.07291666666666667, 0.026041666666666668], [0.6645569620253164, 0.14556962025316456, 0.13924050632911392, 0.05063291139240506], [0.9357798165137615, 0.05504587155963303, 0.0, 0.009174311926605505], [0.6254980079681275, 0.24302788844621515, 0.08366533864541832, 0.04780876494023904], [0.6972477064220184, 0.17889908256880735, 0.0871559633027523, 0.03669724770642202], [0.6306620209059234, 0.21602787456445993, 0.10104529616724739, 0.05226480836236934], [0.8481012658227848, 0.10126582278481013, 0.04430379746835443, 0.006329113924050633], [0.6494464944649446, 0.19557195571955718, 0.11070110701107011, 0.04428044280442804], [0.8359375, 0.109375, 0.03125, 0.0234375], [0.7540983606557377, 0.18032786885245902, 0.06557377049180328, 0.0], [0.873015873015873, 0.1111111111111111, 0.007936507936507936, 0.007936507936507936], [0.5796460176991151, 0.23893805309734514, 0.11504424778761062, 0.06637168141592921], [0.6678966789667896, 0.2177121771217712, 0.09225092250922509, 0.02214022140221402], [0.6156716417910447, 0.23507462686567165, 0.11194029850746269, 0.03731343283582089], [0.8181818181818182, 0.12121212121212122, 0.045454545454545456, 0.015151515151515152], [0.8585858585858586, 0.13131313131313133, 0.010101010101010102, 0.0], [0.6725978647686833, 0.1601423487544484, 0.11387900355871886, 0.05338078291814947], [0.7863247863247863, 0.1282051282051282, 0.06837606837606838, 0.017094017094017096], [0.92, 0.048, 0.032, 0.0], [0.7286432160804021, 0.18090452261306533, 0.06532663316582915, 0.02512562814070352], [0.676923076923077, 0.2358974358974359, 0.06153846153846154, 0.02564102564102564], [0.8333333333333334, 0.1111111111111111, 0.05555555555555555, 0.0], [0.6914285714285714, 0.19428571428571428, 0.08571428571428572, 0.02857142857142857], [0.8048780487804879, 0.13821138211382114, 0.032520325203252036, 0.024390243902439025], [0.859375, 0.1015625, 0.0078125, 0.03125], [0.9337748344370861, 0.06622516556291391, 0.0, 0.0], [0.8278688524590164, 0.12295081967213115, 0.040983606557377046, 0.00819672131147541], [0.5718849840255591, 0.24600638977635783, 0.15335463258785942, 0.02875399361022364], [0.5672268907563025, 0.24789915966386555, 0.1134453781512605, 0.07142857142857142], [0.8910256410256411, 0.10256410256410256, 0.00641025641025641, 0.0], [0.6882022471910112, 0.15730337078651685, 0.1151685393258427, 0.03932584269662921], [0.5967078189300411, 0.23868312757201646, 0.13991769547325103, 0.024691358024691357], [0.6354166666666666, 0.19444444444444445, 0.13541666666666666, 0.034722222222222224], [0.6598360655737705, 0.24180327868852458, 0.07377049180327869, 0.02459016393442623], [0.7421875, 0.1328125, 0.1015625, 0.0234375], [0.7205882352941176, 0.13725490196078433, 0.12254901960784313, 0.0196078431372549], [0.7835820895522388, 0.13432835820895522, 0.06716417910447761, 0.014925373134328358], [0.946236559139785, 0.043010752688172046, 0.010752688172043012, 0.0], [0.8722222222222222, 0.09444444444444444, 0.027777777777777776, 0.005555555555555556], [0.7987804878048781, 0.15853658536585366, 0.042682926829268296, 0.0], [0.648854961832061, 0.17557251908396945, 0.10687022900763359, 0.06870229007633588], [0.8362068965517241, 0.10344827586206896, 0.02586206896551724, 0.034482758620689655], [0.6517857142857143, 0.23214285714285715, 0.10267857142857142, 0.013392857142857142], [0.6633986928104575, 0.1895424836601307, 0.12418300653594772, 0.02287581699346405], [0.8928571428571429, 0.06547619047619048, 0.023809523809523808, 0.017857142857142856], [0.7211538461538461, 0.18269230769230768, 0.0673076923076923, 0.028846153846153848], [0.6111111111111112, 0.2222222222222222, 0.09523809523809523, 0.07142857142857142], [0.7138157894736842, 0.14802631578947367, 0.10197368421052631, 0.03618421052631579], [0.6133333333333333, 0.23333333333333334, 0.10666666666666667, 0.04666666666666667], [0.6829268292682927, 0.18902439024390244, 0.09146341463414634, 0.036585365853658534], [0.7851239669421488, 0.1487603305785124, 0.04132231404958678, 0.024793388429752067], [0.6259842519685039, 0.1732283464566929, 0.14173228346456693, 0.05905511811023622], [0.665158371040724, 0.19909502262443438, 0.1085972850678733, 0.027149321266968326], [0.696, 0.208, 0.08, 0.016], [0.6751269035532995, 0.14720812182741116, 0.1319796954314721, 0.04568527918781726], [0.8842975206611571, 0.09090909090909091, 0.01652892561983471, 0.008264462809917356], [0.636963696369637, 0.17491749174917492, 0.132013201320132, 0.056105610561056105], [0.6042553191489362, 0.19148936170212766, 0.15319148936170213, 0.05106382978723404], [0.8761061946902655, 0.10619469026548672, 0.008849557522123894, 0.008849557522123894], [0.8512396694214877, 0.10743801652892562, 0.03305785123966942, 0.008264462809917356], [0.6157205240174672, 0.2445414847161572, 0.09606986899563319, 0.043668122270742356], [0.6408163265306123, 0.23673469387755103, 0.06938775510204082, 0.053061224489795916], [0.6392156862745098, 0.21176470588235294, 0.11764705882352941, 0.03137254901960784], [0.8297872340425532, 0.1276595744680851, 0.031914893617021274, 0.010638297872340425], [0.7058823529411765, 0.16176470588235295, 0.08823529411764706, 0.04411764705882353], [0.859504132231405, 0.09090909090909091, 0.04132231404958678, 0.008264462809917356], [0.6936170212765957, 0.17872340425531916, 0.0851063829787234, 0.0425531914893617], [0.7580645161290323, 0.1532258064516129, 0.07258064516129033, 0.016129032258064516], [0.6970802919708029, 0.16058394160583941, 0.10583941605839416, 0.0364963503649635], [0.6142131979695431, 0.2131979695431472, 0.1319796954314721, 0.04060913705583756], [0.7329545454545454, 0.19886363636363635, 0.0625, 0.005681818181818182], [0.7173144876325088, 0.19081272084805653, 0.07420494699646643, 0.0176678445229682], [0.7482014388489209, 0.16546762589928057, 0.07194244604316546, 0.014388489208633094], [0.7115384615384616, 0.16923076923076924, 0.1, 0.019230769230769232], [0.8346456692913385, 0.11023622047244094, 0.031496062992125984, 0.023622047244094488], [0.708994708994709, 0.2222222222222222, 0.047619047619047616, 0.021164021164021163], [0.6793893129770993, 0.1297709923664122, 0.12213740458015267, 0.06870229007633588], [0.75177304964539, 0.1773049645390071, 0.04964539007092199, 0.02127659574468085], [0.8492063492063492, 0.09523809523809523, 0.03968253968253968, 0.015873015873015872], [0.6677215189873418, 0.18670886075949367, 0.11708860759493671, 0.028481012658227847], [0.8583333333333333, 0.09166666666666666, 0.03333333333333333, 0.016666666666666666], [0.6693548387096774, 0.1935483870967742, 0.10887096774193548, 0.028225806451612902], [0.6716417910447762, 0.22388059701492538, 0.05970149253731343, 0.04477611940298507], [0.6503496503496503, 0.1888111888111888, 0.0979020979020979, 0.06293706293706294], [0.7740112994350282, 0.10734463276836158, 0.07344632768361582, 0.04519774011299435], [0.75, 0.14166666666666666, 0.08333333333333333, 0.025], [0.8984375, 0.0859375, 0.015625, 0.0], [0.8348623853211009, 0.13761467889908258, 0.027522935779816515, 0.0], [0.7906976744186046, 0.13178294573643412, 0.05426356589147287, 0.023255813953488372]]}, "acc_test": 0.8666666666666667, "precision_test": 0.9642857142857143, "recall_test": 0.7941176470588235, "f1_test": 0.8709677419354839, "auc_test": 0.9205316742081449}
{"name": "perturbation_10_z", "predictions": {"test": [0.34733113288929235, 0.8798607590957543, 0.17302175294535815, 0.07847959777463699, 0.581580297983182, 0.011434420558549426, 0.12299401267377384, 0.6810496201032948, 0.2178388260707787, 1.8164779626531715, 1.0813006375101502, 0.7999678254961531, -0.0632793296063944, 0.4314562558988042, 0.05068676149550482, 0.2233796388299589, 1.0525761396651787, 1.0798450359924854, 1.2406618839629744, 0.7332627675666115, 1.1335887889409042, -0.4675169626229786, 0.47749958844565565, 1.5715548963731525, 0.6588647629709542, 0.5815178850887939, 1.6569289624173695, 2.986824031878735, 2.544432419106944, 0.7895729625231883, 0.5775538484353735, -0.3446595913081534, 0.2591513853418252, 1.338060480794925, -0.41656056478557574, 0.01007357189619458, 0.10801771713164482, 1.277452010519799, -0.6380273198958564, 1.318855360238283, 0.45711619096870876, -0.18328379125003574, -0.3835901656674119, 0.6449466010732285, 0.8677608245491795, 0.06564704155500282, 1.3018580403184596, 0.1730043863663362, 1.7249167135810852, 0.9485739350908381, 0.8701512905635377, 0.8196005267025792, 0.38205549083282264, 0.8199883680708976, 0.8432509708808059, 0.8444606059984652, 1.1818043386332642, 1.8795766561595075, -0.2840996058245049, -0.11708042161292735, 1.1318423393359094, 0.8337150762166621, 0.5113244364449754, 0.9263543915543239, 0.01572066783217821, 0.8516871699343815, 0.9555842310497347, 0.794276912696549, 1.3693591142375947, 0.6298738046080712, 1.141926612849664, 1.9076461589769673, 0.8439376811028373, 0.3866656011885913, 0.6683071371223764, -0.6403730172682575, 1.2545216159065085, -0.20670786701768032, 0.830499768004021, 0.1705480101751006, 0.33932683628213284, 0.47308037256220997, 0.00829168885996658, 1.2398813554901684, 0.902844161515537, 0.5517840088168106, 1.0878142405851188, 0.7611613057906592, 0.427342873556057, 1.405927927484283, 1.4645879512693802, -1.353460874079175, 0.2049407151237458, 0.10013559030728937, 1.4864252034912142, -0.6774340670595228, 1.230910383690118, 0.7679379054646632, 0.7731557936668293, -0.22564941253894708, -0.3365582377224679, 0.13196103242429555, 0.6533853997170502, 1.2059470560081118, 1.4413089195162345, 0.8768155563695509, 0.9991845970752394, 0.34614736633571597, 0.49486059828797446, 1.0139850982636085, 0.45031361754339916, -0.036484128959524804, -0.03997073487798207, 0.5278224190238876, 1.2229059954063386, 0.8052797061829322, 0.43214557801219233, 1.167720592001142, 0.9419937914566068, 0.9775046324564933]}, "info": {"pct_words_masked": 0.3, "span_length": 2, "n_perturbations": 10}, "general": {"acc_test": 0.65, "precision_test": 0.6585365853658537, "recall_test": 0.7941176470588235, "f1_test": 0.72, "auc_test": 0.7474547511312218}}
{"name": "GPT-sentinel", "acc": 0.925}
{"name": "roberta-base-openai-detector", "predictions": {"test": [0.9988454580307007, 0.971574604511261, 0.0002450585307087749, 0.0002894802892114967, 0.00029875122709199786, 0.0003548460954334587, 0.00030869810143485665, 0.0003636129549704492, 0.0001824238133849576, 0.7774071097373962, 0.9998170733451843, 0.00028863726765848696, 0.00018074677791446447, 0.00018560444004833698, 0.0006312626646831632, 0.0030508865602314472, 0.9998177886009216, 0.02129083313047886, 0.9998242259025574, 0.9997946619987488, 0.00031126535031944513, 0.9633315205574036, 0.00024397540255449712, 0.4363813102245331, 0.00030692326254211366, 0.0004769971710629761, 0.00040258464287035167, 0.999795138835907, 0.9998192191123962, 0.00019342238374520093, 0.2987070083618164, 0.0002819477813318372, 0.0002609548100735992, 0.9998169541358948, 0.0006415616371668875, 0.00018531795649323612, 0.0002876126382034272, 0.9713066220283508, 0.0003062819305341691, 0.9980193376541138, 0.9768969416618347, 0.9997702240943909, 0.011942989192903042, 0.0002098808909067884, 0.0003793238429352641, 0.9989607334136963, 0.9985308647155762, 0.00021802244009450078, 0.8505895137786865, 0.9962970614433289, 0.00044877847540192306, 0.00018320736126042902, 0.9234833717346191, 0.00019445364887360483, 0.035402193665504456, 0.9954506754875183, 0.9997946619987488, 0.999305248260498, 0.0002348065172554925, 0.0003730989119503647, 0.9998262524604797, 0.00047980211093090475, 0.0001982029207283631, 0.0004250906058587134, 0.00018587717204354703, 0.2597426176071167, 0.00031797742121852934, 0.005056559573858976, 0.999825656414032, 0.999672532081604, 0.3489100933074951, 0.0001721603621263057, 0.000837753526866436, 0.00036472370265983045, 0.0005247938679531217, 0.9998230338096619, 0.0002791406586766243, 0.00019873998826369643, 0.00034809912904165685, 0.00021343448315747082, 0.0005428266595117748, 0.9997444748878479, 0.0002407367283012718, 0.00018781048129312694, 0.001962497364729643, 0.0003637668851297349, 0.9998162388801575, 0.00031369092175737023, 0.0001781718892743811, 0.9900582432746887, 0.6487964391708374, 0.0002568839699961245, 0.9734354019165039, 0.0003961439069826156, 0.2226763814687729, 0.0005567584303207695, 0.9582013487815857, 0.0003239311627112329, 0.0053345453925430775, 0.0001782568433554843, 0.0001767658832250163, 0.579068660736084, 0.00044601832632906735, 0.6848607063293457, 0.00017364892119076103, 0.9991481304168701, 0.00022718282707501203, 0.00018279904907103628, 0.00017335626762360334, 0.9998083710670471, 0.0004382235056255013, 0.9977850914001465, 0.0002069103647954762, 0.0001756256096996367, 0.00016720556595828384, 0.7689012289047241, 0.0065366788767278194, 0.9998267292976379, 0.9998219609260559, 0.9887056946754456]}, "logits": {"test": [3.580061674118042, 1.77357816696167, -4.477621078491211, -4.39871072769165, -4.385110378265381, -4.283667087554932, -4.364784240722656, -4.2742018699646, -4.6577982902526855, 0.5846928954124451, 4.682875633239746, -4.404645919799805, -4.676647663116455, -4.65635347366333, -3.934699296951294, -3.093670129776001, 4.680624008178711, -2.0713517665863037, 4.6912102699279785, 4.625658988952637, -4.372298717498779, 1.6459957361221313, -4.501388072967529, -0.21576833724975586, -4.367841720581055, -4.121020793914795, -4.226902961730957, 4.626108646392822, 4.67038631439209, -4.631733417510986, -0.5063366889953613, -4.42596435546875, -4.460757255554199, 4.681265354156494, -3.9533166885375977, -4.661251544952393, -4.3993330001831055, 1.7808382511138916, -4.369284629821777, 3.2683281898498535, 1.8982053995132446, 4.525839805603027, -2.339662790298462, -4.581970691680908, -4.251471996307373, 3.6464812755584717, 3.444674015045166, -4.559340953826904, 0.8348565697669983, 2.9132728576660156, -4.156638145446777, -4.657098293304443, 1.2328948974609375, -4.630241870880127, -1.7842352390289307, 2.8064587116241455, 4.628896236419678, 3.878632068634033, -4.5215935707092285, -4.263217926025391, 4.6983418464660645, -4.111488342285156, -4.612425804138184, -4.180444240570068, -4.657649993896484, -0.5859633088111877, -4.340237617492676, -2.830038547515869, 4.6983723640441895, 4.312619209289551, -0.38995304703712463, -4.693453788757324, -3.8283019065856934, -4.275147438049316, -4.063138484954834, 4.695342063903809, -4.426797389984131, -4.618386268615723, -4.2948079109191895, -4.577779769897461, -4.061000823974609, 4.461324691772461, -4.509121417999268, -4.650931358337402, -3.3536787033081055, -4.2744221687316895, 4.6631340980529785, -4.36063814163208, -4.67389440536499, 2.361618995666504, 0.2403896003961563, -4.473326683044434, 1.8892138004302979, -4.2228169441223145, -0.7312412261962891, -4.054510593414307, 1.5604559183120728, -4.340463161468506, -2.804431915283203, -4.678540229797363, -4.671727180480957, 0.10390765964984894, -4.158275604248047, 0.3308129906654358, -4.691444396972656, 3.7491538524627686, -4.551866054534912, -4.657269477844238, -4.693411350250244, 4.656049728393555, -4.168525695800781, 3.2009706497192383, -4.596930027008057, -4.693889141082764, -4.717746734619141, 0.560935914516449, -2.7012264728546143, 4.704310894012451, 4.679162979125977, 2.2955987453460693]}, "acc_test": 0.7666666666666667, "precision_test": 0.9761904761904762, "recall_test": 0.6029411764705882, "f1_test": 0.7454545454545454, "auc_test": 0.8585972850678734, "preds": [0.9988454580307007, 0.971574604511261, 0.7774071097373962, 0.9998170733451843, 0.00018074677791446447, 0.0030508865602314472, 0.9998177886009216, 0.02129083313047886, 0.9998242259025574, 0.9997946619987488, 0.00031126535031944513, 0.9633315205574036, 0.4363813102245331, 0.00030692326254211366, 0.00040258464287035167, 0.999795138835907, 0.9998192191123962, 0.2987070083618164, 0.0002609548100735992, 0.9998169541358948, 0.9713066220283508, 0.9980193376541138, 0.9768969416618347, 0.9997702240943909, 0.9989607334136963, 0.9985308647155762, 0.8505895137786865, 0.9962970614433289, 0.9234833717346191, 0.035402193665504456, 0.9954506754875183, 0.9997946619987488, 0.999305248260498, 0.9998262524604797, 0.2597426176071167, 0.005056559573858976, 0.999825656414032, 0.999672532081604, 0.3489100933074951, 0.0001721603621263057, 0.000837753526866436, 0.9998230338096619, 0.00019873998826369643, 0.0005428266595117748, 0.9997444748878479, 0.001962497364729643, 0.9998162388801575, 0.9900582432746887, 0.6487964391708374, 0.2226763814687729, 0.0005567584303207695, 0.9582013487815857, 0.0053345453925430775, 0.579068660736084, 0.6848607063293457, 0.9991481304168701, 0.00022718282707501203, 0.00018279904907103628, 0.00017335626762360334, 0.9998083710670471, 0.9977850914001465, 0.0001756256096996367, 0.00016720556595828384, 0.7689012289047241, 0.0065366788767278194, 0.9998267292976379, 0.9998219609260559, 0.9887056946754456]}
{"name": "Hello-SimpleAI/chatgpt-detector-roberta", "predictions": {"test": [0.9988247752189636, 0.9992424249649048, 0.00044267080374993384, 0.00296113733202219, 0.0006475484697148204, 0.0011984696611762047, 0.23772208392620087, 0.03110179305076599, 0.15833665430545807, 0.9992339611053467, 0.9992430210113525, 0.3940284848213196, 0.019675787538290024, 0.9515718221664429, 0.0013824523193761706, 0.8621002435684204, 0.9992311000823975, 0.9992363452911377, 0.9992432594299316, 0.9992486834526062, 0.9926930665969849, 0.9982050657272339, 0.2919827997684479, 0.992321789264679, 0.0015880800783634186, 0.005774354562163353, 0.03556710109114647, 0.9992332458496094, 0.999133288860321, 0.9326431155204773, 0.9130495190620422, 0.9854381084442139, 0.9759089350700378, 0.9992420673370361, 0.3162480592727661, 0.00044170930050313473, 0.009909679181873798, 0.9989132881164551, 0.01555268932133913, 0.9979743361473083, 0.9924902319908142, 0.9990092515945435, 0.00029056365019641817, 0.21578377485275269, 0.013021543622016907, 0.997003972530365, 0.9989637136459351, 0.03827325627207756, 0.9546164274215698, 0.9992413520812988, 0.020614704117178917, 0.01949511282145977, 0.9991926550865173, 0.022047556936740875, 0.9992238283157349, 0.9991381168365479, 0.9992374181747437, 0.9992334842681885, 0.0004125758714508265, 0.00041534999036230147, 0.9992461204528809, 0.0010019114706665277, 0.0029759788885712624, 0.00481881620362401, 0.9925895929336548, 0.9711227416992188, 0.0065834978595376015, 0.9992129802703857, 0.9991521835327148, 0.9992328882217407, 0.9916031956672668, 0.013457737863063812, 0.997073769569397, 0.019024880602955818, 0.008085818029940128, 0.9992408752441406, 0.2913811206817627, 0.0005104009178467095, 0.0004384556086733937, 0.0033619666937738657, 0.05356617271900177, 0.9721716642379761, 0.0003350503393448889, 0.16292192041873932, 0.13956618309020996, 0.002901372266933322, 0.9992191791534424, 0.0014749988913536072, 0.02703748643398285, 0.9992024302482605, 0.877302348613739, 0.0024188407696783543, 0.0011798423947766423, 0.0009446879848837852, 0.9992268085479736, 0.9943550825119019, 0.999237060546875, 0.1826602816581726, 0.2976734936237335, 0.0004979140358045697, 0.24575868248939514, 0.007985486648976803, 0.9966118931770325, 0.9827942848205566, 0.2886775732040405, 0.10135356336832047, 0.3468839228153229, 0.008385615423321724, 0.025417786091566086, 0.9992393255233765, 0.012121688574552536, 0.9992420673370361, 0.01683240942656994, 0.0005640142480842769, 0.01919383741915226, 0.026747971773147583, 0.0009962620679289103, 0.999241828918457, 0.9992462396621704, 0.9992245435714722]}, "logits": {"test": [2.9832847118377686, 3.1243393421173096, -3.498704195022583, -2.758502721786499, -3.3610987663269043, -3.125075340270996, -0.7096624970436096, -1.7320330142974854, -0.9421132206916809, 3.1239171028137207, 3.12442946434021, -0.09244284778833389, -1.9389618635177612, 1.4197365045547485, -3.068603754043579, 0.9235341548919678, 3.123755693435669, 3.1239266395568848, 3.124406337738037, 3.1250951290130615, 2.243788719177246, 2.819661855697632, -0.5803460478782654, 2.2228691577911377, -3.0132291316986084, -2.4763190746307373, -1.6706167459487915, 3.123889923095703, 3.0919363498687744, 1.2684868574142456, 1.1485995054244995, 1.9497305154800415, 1.7308554649353027, 3.124323844909668, -0.5274771451950073, -3.4994680881500244, -2.242474317550659, 3.0123884677886963, -2.0438456535339355, 2.7716686725616455, 2.2322349548339844, 3.0459625720977783, -3.6372687816619873, -0.7674382328987122, -2.122497320175171, 2.6138179302215576, 3.0297839641571045, -1.63690185546875, 1.4491938352584839, 3.1241984367370605, -1.918053388595581, -1.9430885314941406, 3.1135823726654053, -1.8878684043884277, 3.1226844787597656, 3.093780517578125, 3.1239664554595947, 3.123901605606079, -3.523066282272339, -3.5207626819610596, 3.12473726272583, -3.1950604915618896, -2.7564215660095215, -2.5535717010498047, 2.237868547439575, 1.6510835886001587, -2.4199790954589844, 3.119990825653076, 3.0990164279937744, 3.1238749027252197, 2.1850244998931885, -2.1079516410827637, 2.623408079147339, -1.9540369510650635, -2.331088066101074, 3.12410569190979, -0.5817566514015198, -3.4482624530792236, -3.50203800201416, -2.7055246829986572, -1.4804831743240356, 1.6674222946166992, -3.592592239379883, -0.926642656326294, -1.0092421770095825, -2.766979217529297, 3.12166166305542, -3.042797803878784, -1.7957236766815186, 3.1167829036712646, 0.9817979335784912, -2.8422000408172607, -3.1312379837036133, -3.2178189754486084, 3.12322735786438, 2.3521618843078613, 3.1239078044891357, -0.8635991811752319, -0.5676470994949341, -3.457146644592285, -0.689576268196106, -2.3365018367767334, 2.563581705093384, 1.8776122331619263, -0.5877642631530762, -1.172655463218689, -0.4639352560043335, -2.3152830600738525, -1.8237031698226929, 3.123948335647583, -2.154064178466797, 3.1242284774780273, -2.008676528930664, -3.4120538234710693, -1.9500770568847656, -1.8006091117858887, -3.1972551345825195, 3.124328851699829, 3.1248793601989746, 3.1228184700012207]}, "acc_test": 0.8166666666666667, "precision_test": 0.9107142857142857, "recall_test": 0.75, "f1_test": 0.8225806451612904, "auc_test": 0.873868778280543, "preds": [0.9988247752189636, 0.9992424249649048, 0.9992339611053467, 0.9992430210113525, 0.019675787538290024, 0.8621002435684204, 0.9992311000823975, 0.9992363452911377, 0.9992432594299316, 0.9992486834526062, 0.9926930665969849, 0.9982050657272339, 0.992321789264679, 0.0015880800783634186, 0.03556710109114647, 0.9992332458496094, 0.999133288860321, 0.9130495190620422, 0.9759089350700378, 0.9992420673370361, 0.9989132881164551, 0.9979743361473083, 0.9924902319908142, 0.9990092515945435, 0.997003972530365, 0.9989637136459351, 0.9546164274215698, 0.9992413520812988, 0.9991926550865173, 0.9992238283157349, 0.9991381168365479, 0.9992374181747437, 0.9992334842681885, 0.9992461204528809, 0.9711227416992188, 0.9992129802703857, 0.9991521835327148, 0.9992328882217407, 0.9916031956672668, 0.013457737863063812, 0.997073769569397, 0.9992408752441406, 0.0005104009178467095, 0.05356617271900177, 0.9721716642379761, 0.13956618309020996, 0.9992191791534424, 0.9992024302482605, 0.877302348613739, 0.9992268085479736, 0.9943550825119019, 0.999237060546875, 0.2976734936237335, 0.007985486648976803, 0.9827942848205566, 0.10135356336832047, 0.3468839228153229, 0.008385615423321724, 0.025417786091566086, 0.9992393255233765, 0.9992420673370361, 0.0005640142480842769, 0.01919383741915226, 0.026747971773147583, 0.0009962620679289103, 0.999241828918457, 0.9992462396621704, 0.9992245435714722]}
