{"name": "likelihood_threshold", "predictions": {"test": [-2.5215189456939697, -2.036165714263916, -2.288503885269165, -2.823394536972046, -2.469647169113159, -3.5433716773986816, -2.7818400859832764, -2.5816996097564697, -3.641563892364502, -1.898343801498413, -1.8064497709274292, -2.3649704456329346, -4.167471885681152, -2.042409658432007, -3.1639764308929443, -3.7227816581726074, -1.9201587438583374, -2.4553732872009277, -3.640765428543091, -1.6101508140563965, -2.994861364364624, -2.689821720123291, -2.46814227104187, -2.362861394882202, -3.379305124282837, -3.232684373855591, -2.6812732219696045, -1.5308269262313843, -2.0576395988464355, -3.0375590324401855, -3.1750786304473877, -2.2283918857574463, -3.496633768081665, -2.2880828380584717, -2.888765811920166, -3.030029296875, -2.120748519897461, -1.9174350500106812, -2.575075387954712, -2.447537422180176, -2.9028964042663574, -2.255605697631836, -2.6672091484069824, -2.9408345222473145, -3.2626311779022217, -1.9390549659729004, -2.1887052059173584, -2.559436559677124, -2.176539421081543, -1.6339218616485596, -3.463728427886963, -2.423349618911743, -1.9042048454284668, -2.142876148223877, -2.333651542663574, -2.2596311569213867, -1.505628228187561, -1.9042048454284668, -3.635836124420166, -3.3564295768737793, -1.8867614269256592, -3.314847469329834, -2.4056031703948975, -3.3760526180267334, -3.305086135864258, -3.022137403488159, -2.2537729740142822, -3.0308234691619873, -2.310695171356201, -1.840319275856018, -2.4255781173706055, -3.7952916622161865, -2.0886237621307373, -2.552217960357666, -3.2388622760772705, -2.065082550048828, -2.631865978240967, -4.006113529205322, -1.8947749137878418, -2.5897769927978516, -3.4751455783843994, -2.7124128341674805, -3.3303067684173584, -3.2133309841156006, -3.1174371242523193, -2.8963518142700195, -3.6900105476379395, -3.361213207244873, -3.498706579208374, -2.8093109130859375, -2.224348783493042, -1.8687344789505005, -3.2443273067474365, -2.834228992462158, -2.3158507347106934, -3.3145384788513184, -2.3539912700653076, -2.224720001220703, -2.469748020172119, -2.6672091484069824, -2.6269290447235107, -2.918565511703491, -2.8433749675750732, -2.7532944679260254, -1.9820384979248047, -2.2404050827026367, -3.0808205604553223, -3.6571483612060547, -3.039008617401123, -2.377828359603882, -3.400434970855713, -2.3163464069366455, -2.577394485473633, -3.499328851699829, -3.6540067195892334, -2.817586898803711, -3.1010942459106445, -1.8404045104980469, -2.25759220123291, -2.6797103881835938]}, "acc_test": 0.5916666666666667, "precision_test": 0.6067415730337079, "recall_test": 0.7941176470588235, "f1_test": 0.6878980891719746, "auc_test": 0.6085972850678734}
{"name": "rank_threshold", "predictions": {"test": [-111.64462280273438, -52.49650192260742, -18.934782028198242, -162.6629180908203, -15.655172348022461, -264.6842041015625, -115.22807312011719, -36.33152389526367, -169.81295776367188, -9.528735160827637, -19.09090805053711, -123.85039520263672, -244.23077392578125, -27.383930206298828, -268.35833740234375, -442.5107421875, -45.051612854003906, -78.01204681396484, -247.15789794921875, -26.688236236572266, -429.2857360839844, -109.65546417236328, -26.587154388427734, -14.285715103149414, -155.7027130126953, -238.99122619628906, -62.41817855834961, -9.655843734741211, -70.02857208251953, -100.59701538085938, -123.78787994384766, -60.990478515625, -158.51266479492188, -58.047245025634766, -63.468257904052734, -269.6222229003906, -42.09524154663086, -38.80537033081055, -54.96527862548828, -60.3203125, -29.04098129272461, -273.6031799316406, -32.85000228881836, -67.25190734863281, -68.08000183105469, -27.84166717529297, -8.42424201965332, -81.19200134277344, -14.937931060791016, -13.744000434875488, -223.7662353515625, -13.411214828491211, -15.86805534362793, -15.239999771118164, -73.57723236083984, -78.9921875, -3.238410711288452, -15.86805534362793, -227.80502319335938, -330.8022155761719, -7.358974456787109, -213.55856323242188, -26.905658721923828, -170.1012725830078, -58.35384750366211, -109.265625, -21.30434799194336, -97.9552230834961, -23.166667938232422, -33.005558013916016, -19.64634132385254, -439.4045715332031, -80.93965148925781, -80.65496826171875, -224.0, -429.8095397949219, -69.65131378173828, -362.0873107910156, -28.244443893432617, -81.82307434082031, -121.5182876586914, -86.42974853515625, -309.6802673339844, -87.18103790283203, -75.2800064086914, -145.90908813476562, -438.6835632324219, -339.99200439453125, -141.97024536132812, -41.128570556640625, -62.78512191772461, -19.196720123291016, -287.5443115234375, -88.04838562011719, -41.585105895996094, -456.3235168457031, -25.59503936767578, -62.27048873901367, -68.09677124023438, -32.85000228881836, -33.741668701171875, -40.215911865234375, -326.70269775390625, -117.82014465332031, -53.66438293457031, -95.94400787353516, -91.86842346191406, -472.7404479980469, -211.3333282470703, -75.9920654296875, -99.03225708007812, -58.2833366394043, -18.91964340209961, -187.76864624023438, -471.1748046875, -316.6327819824219, -137.30833435058594, -7.3828125, -9.871559143066406, -88.06977081298828]}, "acc_test": 0.575, "precision_test": 0.5955056179775281, "recall_test": 0.7794117647058824, "f1_test": 0.6751592356687898, "auc_test": 0.5350678733031674}
{"name": "log_rank_threshold", "predictions": {"test": [-1.1423171758651733, -0.899444580078125, -1.0243620872497559, -1.494399905204773, -1.1250346899032593, -1.8623738288879395, -1.3862082958221436, -1.3107773065567017, -1.9517576694488525, -0.839891254901886, -0.7456154823303223, -1.026868224143982, -2.451423406600952, -0.7908847332000732, -1.6829860210418701, -2.020272970199585, -0.8051332831382751, -1.1780775785446167, -1.987441062927246, -0.5802657604217529, -1.5234038829803467, -1.3012837171554565, -1.1216460466384888, -1.0294201374053955, -1.8361775875091553, -1.7684839963912964, -1.314770221710205, -0.5631880164146423, -1.0165046453475952, -1.4508116245269775, -1.6961669921875, -1.0388911962509155, -1.9957427978515625, -0.9817687273025513, -1.445757269859314, -1.5858972072601318, -0.8819252848625183, -0.9255895614624023, -1.2570911645889282, -1.131615400314331, -1.4218999147415161, -0.9363034963607788, -1.2298468351364136, -1.5239633321762085, -1.7913694381713867, -0.9184439778327942, -0.9939500689506531, -1.142197847366333, -0.9592902064323425, -0.7225778698921204, -1.846718668937683, -1.1540048122406006, -0.935314416885376, -0.9362248182296753, -1.138183355331421, -0.9817922115325928, -0.5298862457275391, -0.935314416885376, -1.9480057954788208, -1.8359547853469849, -0.8140091896057129, -1.8039478063583374, -1.1619389057159424, -1.964296817779541, -1.6899713277816772, -1.569379448890686, -1.0631639957427979, -1.458892822265625, -1.0551469326019287, -0.8348524570465088, -1.1782622337341309, -2.1682565212249756, -1.033631443977356, -1.2037944793701172, -1.7045592069625854, -0.909066915512085, -1.239270567893982, -2.269550323486328, -0.9964624047279358, -1.2225544452667236, -1.9004179239273071, -1.3358889818191528, -1.8312240839004517, -1.650633454322815, -1.6421173810958862, -1.398050308227539, -2.0045058727264404, -1.7413274049758911, -1.9071075916290283, -1.3933073282241821, -0.9467494487762451, -0.8482556939125061, -1.6950525045394897, -1.4076323509216309, -1.0923961400985718, -1.7979295253753662, -1.056881070137024, -0.945545494556427, -1.233963966369629, -1.2298468351364136, -1.2402219772338867, -1.4478453397750854, -1.3813732862472534, -1.3370084762573242, -0.9020832777023315, -0.9835419058799744, -1.5046236515045166, -2.0724198818206787, -1.5608760118484497, -0.9990922212600708, -1.8351671695709229, -1.0805710554122925, -1.2256847620010376, -1.8235026597976685, -2.082206964492798, -1.5037062168121338, -1.6477534770965576, -0.7231109738349915, -0.9840202927589417, -1.3123277425765991]}, "acc_test": 0.5916666666666667, "precision_test": 0.6067415730337079, "recall_test": 0.7941176470588235, "f1_test": 0.6878980891719746, "auc_test": 0.6049208144796381}
{"name": "entropy_threshold", "predictions": {"test": [3.2260196208953857, 2.8461930751800537, 3.0987257957458496, 3.1445577144622803, 3.2898764610290527, 3.4184420108795166, 3.2652251720428467, 2.935614824295044, 3.906017780303955, 2.7671473026275635, 2.5553884506225586, 3.6349592208862305, 4.026821136474609, 3.367924451828003, 3.143174409866333, 3.7266347408294678, 2.923715114593506, 2.9085659980773926, 3.7018911838531494, 2.573479652404785, 3.4781744480133057, 3.2315480709075928, 2.993842840194702, 3.2057509422302246, 3.5610511302948, 3.952629327774048, 2.900822877883911, 2.5064194202423096, 2.500544309616089, 3.7794249057769775, 3.3930485248565674, 2.6540002822875977, 3.716883897781372, 3.6305243968963623, 3.566498041152954, 3.3507678508758545, 3.296013593673706, 2.5523533821105957, 2.7924866676330566, 3.5017313957214355, 3.4733989238739014, 3.120577335357666, 3.224362850189209, 3.3882358074188232, 3.5485665798187256, 2.5844743251800537, 2.9514801502227783, 3.7665867805480957, 3.0774993896484375, 2.180030584335327, 3.412379264831543, 2.834228515625, 2.2245635986328125, 3.030712842941284, 2.9780054092407227, 3.4452688694000244, 2.4221861362457275, 2.2245635986328125, 3.919837236404419, 3.408109426498413, 2.677971124649048, 3.804666519165039, 2.949282646179199, 3.64509654045105, 3.419430732727051, 3.6618053913116455, 3.009783983230591, 3.7975969314575195, 3.126859426498413, 2.395709753036499, 3.02919602394104, 4.099626064300537, 2.2335152626037598, 3.005831480026245, 3.6179163455963135, 2.531667709350586, 3.262727975845337, 3.9352166652679443, 2.033032178878784, 3.5914456844329834, 3.783348798751831, 3.520603895187378, 3.7620177268981934, 3.674867630004883, 3.296881675720215, 3.505908966064453, 3.900184154510498, 3.2837159633636475, 3.835766077041626, 3.0850830078125, 3.286043882369995, 2.1954185962677, 3.706566333770752, 3.462455987930298, 2.789924383163452, 3.5855493545532227, 3.199099540710449, 3.284102439880371, 3.1246912479400635, 3.224362850189209, 2.7710273265838623, 3.302049160003662, 3.3275387287139893, 3.546083450317383, 2.5714917182922363, 3.351316452026367, 3.190506935119629, 3.920661687850952, 3.430191993713379, 3.6987695693969727, 3.4014244079589844, 3.1443960666656494, 2.7614662647247314, 3.6897103786468506, 4.226161479949951, 3.3050968647003174, 3.0847246646881104, 2.9603896141052246, 3.2323148250579834, 3.2814536094665527]}, "acc_test": 0.55, "precision_test": 0.5833333333333334, "recall_test": 0.7205882352941176, "f1_test": 0.6447368421052632, "auc_test": 0.5692873303167421}
{"name": "rank_GLTR_threshold", "predictions": {"test": [[0.8099173553719008, 0.14049586776859505, 0.03305785123966942, 0.01652892561983471], [0.8881118881118881, 0.08391608391608392, 0.02097902097902098, 0.006993006993006993], [0.8260869565217391, 0.13768115942028986, 0.036231884057971016, 0.0], [0.7640449438202247, 0.12359550561797752, 0.07865168539325842, 0.033707865168539325], [0.8275862068965517, 0.13793103448275862, 0.034482758620689655, 0.0], [0.6766917293233082, 0.21804511278195488, 0.09774436090225563, 0.007518796992481203], [0.7456140350877193, 0.16666666666666666, 0.07894736842105263, 0.008771929824561403], [0.7771739130434783, 0.15760869565217392, 0.06521739130434782, 0.0], [0.6834532374100719, 0.17266187050359713, 0.1079136690647482, 0.03597122302158273], [0.9080459770114943, 0.07471264367816093, 0.017241379310344827, 0.0], [0.8842975206611571, 0.09090909090909091, 0.024793388429752067, 0.0], [0.8582677165354331, 0.07086614173228346, 0.05511811023622047, 0.015748031496062992], [0.5538461538461539, 0.2230769230769231, 0.16153846153846155, 0.06153846153846154], [0.9196428571428571, 0.026785714285714284, 0.044642857142857144, 0.008928571428571428], [0.7, 0.15, 0.10833333333333334, 0.041666666666666664], [0.6612903225806451, 0.1774193548387097, 0.11290322580645161, 0.04838709677419355], [0.8838709677419355, 0.10967741935483871, 0.0, 0.0064516129032258064], [0.8072289156626506, 0.13855421686746988, 0.04216867469879518, 0.012048192771084338], [0.6842105263157895, 0.17293233082706766, 0.08270676691729323, 0.06015037593984962], [0.9352941176470588, 0.041176470588235294, 0.01764705882352941, 0.0058823529411764705], [0.7619047619047619, 0.1619047619047619, 0.01904761904761905, 0.05714285714285714], [0.7899159663865546, 0.13445378151260504, 0.05042016806722689, 0.025210084033613446], [0.8256880733944955, 0.11009174311926606, 0.06422018348623854, 0.0], [0.8571428571428571, 0.09243697478991597, 0.05042016806722689, 0.0], [0.7117117117117117, 0.15315315315315314, 0.08108108108108109, 0.05405405405405406], [0.6842105263157895, 0.19298245614035087, 0.08771929824561403, 0.03508771929824561], [0.7454545454545455, 0.18181818181818182, 0.06363636363636363, 0.00909090909090909], [0.9285714285714286, 0.05194805194805195, 0.01948051948051948, 0.0], [0.8114285714285714, 0.15428571428571428, 0.022857142857142857, 0.011428571428571429], [0.7835820895522388, 0.13432835820895522, 0.06716417910447761, 0.014925373134328358], [0.7121212121212122, 0.1893939393939394, 0.08333333333333333, 0.015151515151515152], [0.8571428571428571, 0.10476190476190476, 0.02857142857142857, 0.009523809523809525], [0.6645569620253164, 0.14556962025316456, 0.13924050632911392, 0.05063291139240506], [0.8582677165354331, 0.07874015748031496, 0.05511811023622047, 0.007874015748031496], [0.7777777777777778, 0.12698412698412698, 0.07936507936507936, 0.015873015873015872], [0.7555555555555555, 0.1111111111111111, 0.06666666666666667, 0.06666666666666667], [0.8761904761904762, 0.09523809523809523, 0.009523809523809525, 0.01904761904761905], [0.8657718120805369, 0.087248322147651, 0.03355704697986577, 0.013422818791946308], [0.8125, 0.1388888888888889, 0.041666666666666664, 0.006944444444444444], [0.8359375, 0.109375, 0.03125, 0.0234375], [0.7540983606557377, 0.18032786885245902, 0.06557377049180328, 0.0], [0.873015873015873, 0.1111111111111111, 0.007936507936507936, 0.007936507936507936], [0.825, 0.125, 0.041666666666666664, 0.008333333333333333], [0.7404580152671756, 0.12213740458015267, 0.12213740458015267, 0.015267175572519083], [0.704, 0.152, 0.128, 0.016], [0.85, 0.10833333333333334, 0.03333333333333333, 0.008333333333333333], [0.8585858585858586, 0.13131313131313133, 0.010101010101010102, 0.0], [0.84, 0.08, 0.064, 0.016], [0.8482758620689655, 0.12413793103448276, 0.027586206896551724, 0.0], [0.92, 0.048, 0.032, 0.0], [0.6948051948051948, 0.14935064935064934, 0.11688311688311688, 0.03896103896103896], [0.794392523364486, 0.18691588785046728, 0.018691588785046728, 0.0], [0.8333333333333334, 0.1111111111111111, 0.05555555555555555, 0.0], [0.87, 0.1, 0.03, 0.0], [0.8048780487804879, 0.13821138211382114, 0.032520325203252036, 0.024390243902439025], [0.859375, 0.1015625, 0.0078125, 0.03125], [0.9337748344370861, 0.06622516556291391, 0.0, 0.0], [0.8333333333333334, 0.1111111111111111, 0.05555555555555555, 0.0], [0.7044025157232704, 0.16352201257861634, 0.09433962264150944, 0.03773584905660377], [0.7032967032967034, 0.14285714285714285, 0.11538461538461539, 0.038461538461538464], [0.8910256410256411, 0.10256410256410256, 0.00641025641025641, 0.0], [0.7027027027027027, 0.17117117117117117, 0.08108108108108109, 0.04504504504504504], [0.8301886792452831, 0.11949685534591195, 0.0440251572327044, 0.006289308176100629], [0.6582278481012658, 0.15822784810126583, 0.13924050632911392, 0.04430379746835443], [0.676923076923077, 0.2230769230769231, 0.09230769230769231, 0.007692307692307693], [0.7421875, 0.1328125, 0.1015625, 0.0234375], [0.8369565217391305, 0.13043478260869565, 0.03260869565217391, 0.0], [0.7835820895522388, 0.13432835820895522, 0.06716417910447761, 0.014925373134328358], [0.84375, 0.11458333333333333, 0.041666666666666664, 0.0], [0.8722222222222222, 0.09444444444444444, 0.027777777777777776, 0.005555555555555556], [0.7987804878048781, 0.15853658536585366, 0.042682926829268296, 0.0], [0.648854961832061, 0.17557251908396945, 0.10687022900763359, 0.06870229007633588], [0.8362068965517241, 0.10344827586206896, 0.02586206896551724, 0.034482758620689655], [0.8128654970760234, 0.1286549707602339, 0.04678362573099415, 0.011695906432748537], [0.7100591715976331, 0.1834319526627219, 0.07692307692307693, 0.029585798816568046], [0.8928571428571429, 0.06547619047619048, 0.023809523809523808, 0.017857142857142856], [0.8092105263157895, 0.1513157894736842, 0.013157894736842105, 0.02631578947368421], [0.6111111111111112, 0.2222222222222222, 0.09523809523809523, 0.07142857142857142], [0.837037037037037, 0.0962962962962963, 0.06666666666666667, 0.0], [0.823076923076923, 0.1076923076923077, 0.046153846153846156, 0.023076923076923078], [0.6829268292682927, 0.18902439024390244, 0.09146341463414634, 0.036585365853658534], [0.7851239669421488, 0.1487603305785124, 0.04132231404958678, 0.024793388429752067], [0.7551020408163265, 0.09523809523809523, 0.09523809523809523, 0.05442176870748299], [0.6896551724137931, 0.23275862068965517, 0.06896551724137931, 0.008620689655172414], [0.696, 0.208, 0.08, 0.016], [0.7851239669421488, 0.09090909090909091, 0.08264462809917356, 0.04132231404958678], [0.7088607594936709, 0.13924050632911392, 0.10759493670886076, 0.04430379746835443], [0.736, 0.144, 0.072, 0.048], [0.6726190476190477, 0.20238095238095238, 0.07738095238095238, 0.047619047619047616], [0.7785714285714286, 0.15714285714285714, 0.05, 0.014285714285714285], [0.8512396694214877, 0.10743801652892562, 0.03305785123966942, 0.008264462809917356], [0.8524590163934426, 0.11475409836065574, 0.02459016393442623, 0.00819672131147541], [0.7088607594936709, 0.16455696202531644, 0.08860759493670886, 0.0379746835443038], [0.7419354838709677, 0.1693548387096774, 0.06451612903225806, 0.024193548387096774], [0.8297872340425532, 0.1276595744680851, 0.031914893617021274, 0.010638297872340425], [0.7058823529411765, 0.16176470588235295, 0.08823529411764706, 0.04411764705882353], [0.859504132231405, 0.09090909090909091, 0.04132231404958678, 0.008264462809917356], [0.860655737704918, 0.09836065573770492, 0.03278688524590164, 0.00819672131147541], [0.7580645161290323, 0.1532258064516129, 0.07258064516129033, 0.016129032258064516], [0.825, 0.125, 0.041666666666666664, 0.008333333333333333], [0.7833333333333333, 0.15, 0.06666666666666667, 0.0], [0.7329545454545454, 0.19886363636363635, 0.0625, 0.005681818181818182], [0.7567567567567568, 0.18018018018018017, 0.05405405405405406, 0.009009009009009009], [0.7482014388489209, 0.16546762589928057, 0.07194244604316546, 0.014388489208633094], [0.8698630136986302, 0.08904109589041095, 0.03424657534246575, 0.00684931506849315], [0.856, 0.112, 0.016, 0.016], [0.7684210526315789, 0.15263157894736842, 0.04736842105263158, 0.031578947368421054], [0.6793893129770993, 0.1297709923664122, 0.12213740458015267, 0.06870229007633588], [0.75177304964539, 0.1773049645390071, 0.04964539007092199, 0.02127659574468085], [0.8492063492063492, 0.09523809523809523, 0.03968253968253968, 0.015873015873015872], [0.6612903225806451, 0.23387096774193547, 0.06451612903225806, 0.04032258064516129], [0.8583333333333333, 0.09166666666666666, 0.03333333333333333, 0.016666666666666666], [0.7767857142857143, 0.17857142857142858, 0.044642857142857144, 0.0], [0.6716417910447762, 0.22388059701492538, 0.05970149253731343, 0.04477611940298507], [0.6503496503496503, 0.1888111888111888, 0.0979020979020979, 0.06293706293706294], [0.7740112994350282, 0.10734463276836158, 0.07344632768361582, 0.04519774011299435], [0.7083333333333334, 0.14166666666666666, 0.10833333333333334, 0.041666666666666664], [0.8984375, 0.0859375, 0.015625, 0.0], [0.8348623853211009, 0.13761467889908258, 0.027522935779816515, 0.0], [0.7906976744186046, 0.13178294573643412, 0.05426356589147287, 0.023255813953488372]]}, "acc_test": 0.5666666666666667, "precision_test": 0.5909090909090909, "recall_test": 0.7647058823529411, "f1_test": 0.6666666666666667, "auc_test": 0.5968608597285068}
{"name": "perturbation_10_z", "predictions": {"test": [0.08462621188267544, 0.8798607590957543, 1.485896857365817, 0.3729178265831548, 0.43869920685178443, -0.45738065362463387, 0.43678328044988723, 0.3469899269395022, 0.5274015014564656, 1.3638991811040848, 0.7535436606774105, 0.5724516986984022, -0.5876043874346663, 1.0487123008408663, 0.6412623458555465, -0.09400009426568907, 1.4422791042246401, 2.2065675304998065, 0.2665588095244089, 0.6146032784939505, 0.9464274302768041, 0.15217437695539246, 1.0269457263632118, 1.0774722598554383, 0.48373167165775083, 0.032915843358492104, 1.1330509231140997, 1.4316349413614284, 1.1865671912090798, 1.3378315031477974, 0.8064015387319065, 0.7546067380374611, -0.1502073155240462, 0.6769395003080083, 0.8483638428013451, 0.7693265355257717, 1.8662954855339475, 1.3738095154983763, -0.5179357073768089, 0.36966534372031506, 0.06202672923961524, 0.3119135033834439, 0.14972435749525395, 0.27985327423894335, 0.22134524918845602, 0.8849460134319249, 1.8207863783151048, 0.8207349332329776, 1.2388000125153047, 1.1035779758170965, 0.12785168742959938, 0.2583146800485644, 0.06676526843750046, 1.16963292440876, 0.4058480458750955, 0.8929012499989597, 1.2770722055370094, 0.47311601653743623, -0.29229086904235696, 0.5546169839409539, 1.0990736180686205, -0.24237124111250086, 0.6850641048478665, -0.9508373607076801, -0.498145433632972, 0.48606949438837715, 0.9240806716323391, 0.9059249127233021, 0.5456147450339698, 0.182738473527885, 0.7076892445387046, 0.24383100391995102, 0.6187808803716798, 1.0988671548558848, 0.3636793141347141, -0.39545983496665915, 0.564708539374602, -0.1827170027805647, 1.6778794093672813, 0.8184339445166262, 0.22109825276218464, 0.2974497659899819, -0.5453979655960534, 0.5048759685124697, 0.1975861033234327, -0.20415742356275232, 0.689472473040814, 0.38791276658049545, 0.03671213152012905, 0.4642027624148622, 1.61504780616258, 0.9169259410995796, 0.545142764323317, 0.771586074978386, 1.3382918702770756, 0.13647034570154168, 0.9463697805506553, 0.5975494829223299, 0.885041581448551, 0.18057459322309904, -0.9805817281810008, 0.8613879664476342, -0.563771950737823, 0.5498118854933126, 0.5268712813185811, 0.8138817340885792, 0.6381272507267794, 0.4692727780038768, 0.6515921875771431, 1.1440917149299779, -0.1777294343835557, 0.6211402181062143, 0.9318396466766339, 0.4077706207136658, 0.32141094138045223, 0.8231798947284134, 0.44547674412429283, 1.9170839292090966, 1.2386877730502606, 0.7451583388407944]}, "info": {"pct_words_masked": 0.3, "span_length": 2, "n_perturbations": 10}, "general": {"acc_test": 0.5833333333333334, "precision_test": 0.6097560975609756, "recall_test": 0.7352941176470589, "f1_test": 0.6666666666666666, "auc_test": 0.6193438914027148}}
{"name": "GPT-sentinel", "acc": 0.5166666666666667}
{"name": "roberta-base-openai-detector", "predictions": {"test": [0.9963498115539551, 0.9715744853019714, 0.1889559030532837, 0.003448928240686655, 0.9242518544197083, 0.027798498049378395, 0.0006796368397772312, 0.9701144695281982, 0.006903403904289007, 0.7774069309234619, 0.9998170733451843, 0.9998284578323364, 0.00018074677791446447, 0.9998146891593933, 0.00023802326177246869, 0.0008024066919460893, 0.9998177886009216, 0.02129109762609005, 0.00018436164828017354, 0.9997946619987488, 0.000311264768242836, 0.9455517530441284, 0.5399395823478699, 0.436382532119751, 0.0013645360013470054, 0.9755018949508667, 0.00040258426452055573, 0.9997990727424622, 0.9939170479774475, 0.0033079455606639385, 0.29870709776878357, 0.980420708656311, 0.00026095533394254744, 0.9998282194137573, 0.0025385257322341204, 0.005101444665342569, 0.9998250603675842, 0.9995461106300354, 0.008138345554471016, 0.9980193376541138, 0.9768970608711243, 0.9997702240943909, 0.9998144507408142, 0.33188396692276, 0.00020927420700900257, 0.9998175501823425, 0.9985308647155762, 0.9998216032981873, 0.9956282377243042, 0.9962970614433289, 0.5690717101097107, 0.9997963309288025, 0.9234826564788818, 0.9998061060905457, 0.03540248051285744, 0.9954507946968079, 0.9997946619987488, 0.9234826564788818, 0.017305858433246613, 0.0001705649629002437, 0.9998262524604797, 0.02213982120156288, 0.999825656414032, 0.0004575662314891815, 0.011593224480748177, 0.25974297523498535, 0.9783830046653748, 0.005056578665971756, 0.9888755083084106, 0.999672532081604, 0.3489128053188324, 0.0001721603621263057, 0.0008377578342333436, 0.002122204750776291, 0.00017100348486565053, 0.9998230338096619, 0.00020044131088070571, 0.0001987401774385944, 0.7952728271484375, 0.9998045563697815, 0.0005428289878182113, 0.9997430443763733, 0.17957569658756256, 0.9895534515380859, 0.0019625104032456875, 0.5541616082191467, 0.0001981819368666038, 0.007259732577949762, 0.0005689626559615135, 0.22190020978450775, 0.64879310131073, 0.9995254278182983, 0.9997579455375671, 0.9240919351577759, 0.2226777821779251, 0.0005567549960687757, 0.9582008719444275, 0.4877220690250397, 0.005334564950317144, 0.9998144507408142, 0.003354294691234827, 0.5790711641311646, 0.10584162920713425, 0.6848610639572144, 0.9997720122337341, 0.9997987151145935, 0.21648141741752625, 0.0001827988598961383, 0.00017335642769467086, 0.9998083710670471, 0.00304413097910583, 0.9977850914001465, 0.9953756332397461, 0.00017562528955750167, 0.00016720556595828384, 0.7689018249511719, 0.00023087096633389592, 0.9998267292976379, 0.9998219609260559, 0.9887056946754456]}, "logits": {"test": [2.9231157302856445, 1.7735767364501953, -0.8262444138526917, -3.035311698913574, 1.2192511558532715, -1.9082040786743164, -3.9349000453948975, 1.75895094871521, -2.6672616004943848, 0.5846924781799316, 4.682875633239746, 4.707303524017334, -4.676647663116455, 4.67368745803833, -4.52372932434082, -3.8253347873687744, 4.680624008178711, -2.071345329284668, -4.660511016845703, 4.6256585121154785, -4.372299671173096, 1.42256760597229, -0.007845435291528702, -0.21576571464538574, -3.551970958709717, 1.8580646514892578, -4.226903438568115, 4.635009288787842, 2.6370856761932373, -3.0603761672973633, -0.5063364505767822, 1.9816701412200928, -4.460756301879883, 4.709439754486084, -3.2192368507385254, -2.8222384452819824, 4.6923370361328125, 4.125380516052246, -2.5873477458953857, 3.2683281898498535, 1.898208498954773, 4.5258402824401855, 4.654996395111084, -0.4110333025455475, -4.598975658416748, 4.666256904602051, 3.4446732997894287, 4.686237335205078, 2.832716464996338, 2.913273334503174, 0.10053972899913788, 4.600653648376465, 1.2328894138336182, 4.627936840057373, -1.7842307090759277, 2.8064613342285156, 4.628896236419678, 1.2328894138336182, -2.1519129276275635, -4.710190296173096, 4.6983418464660645, -2.0511488914489746, 4.694971084594727, -4.147751808166504, -2.390347480773926, -0.5859623551368713, 1.9218223094940186, -2.8300364017486572, 2.2927873134613037, 4.312620639801025, -0.38994696736335754, -4.693454265594482, -3.828299045562744, -3.3135838508605957, -4.706620216369629, 4.695342063903809, -4.611639976501465, -4.618386268615723, 0.6197205185890198, 4.621914863586426, -4.06099796295166, 4.4579949378967285, -0.8418468832969666, 2.3417677879333496, -3.353675127029419, 0.032516881823539734, -4.620542049407959, -2.6608736515045166, -4.030796051025391, -0.7059118151664734, 0.24038206040859222, 4.1051716804504395, 4.498065948486328, 1.229504942893982, -0.7312368154525757, -4.054513931274414, 1.5604493618011475, -0.10010316222906113, -2.804429769515991, 4.654996395111084, -3.057117462158203, 0.1039130836725235, -1.1757838726043701, 0.3308139145374298, 4.528984069824219, 4.6033735275268555, -0.7346173524856567, -4.657269477844238, -4.693411350250244, 4.656050205230713, -3.1230931282043457, 3.2009642124176025, 2.7881698608398438, -4.693889617919922, -4.717746734619141, 0.5609374642372131, -4.5415802001953125, 4.704310894012451, 4.679162979125977, 2.2956018447875977]}, "acc_test": 0.5416666666666666, "precision_test": 0.6031746031746031, "recall_test": 0.5588235294117647, "f1_test": 0.5801526717557252, "auc_test": 0.5175339366515838, "preds": [0.9963498115539551, 0.9715744853019714, 0.7774069309234619, 0.9998170733451843, 0.00018074677791446447, 0.0008024066919460893, 0.9998177886009216, 0.02129109762609005, 0.00018436164828017354, 0.9997946619987488, 0.000311264768242836, 0.9455517530441284, 0.436382532119751, 0.0013645360013470054, 0.00040258426452055573, 0.9997990727424622, 0.9939170479774475, 0.29870709776878357, 0.00026095533394254744, 0.9998282194137573, 0.9995461106300354, 0.9980193376541138, 0.9768970608711243, 0.9997702240943909, 0.9998175501823425, 0.9985308647155762, 0.9956282377243042, 0.9962970614433289, 0.9234826564788818, 0.03540248051285744, 0.9954507946968079, 0.9997946619987488, 0.9234826564788818, 0.9998262524604797, 0.25974297523498535, 0.005056578665971756, 0.9888755083084106, 0.999672532081604, 0.3489128053188324, 0.0001721603621263057, 0.0008377578342333436, 0.9998230338096619, 0.0001987401774385944, 0.0005428289878182113, 0.9997430443763733, 0.0019625104032456875, 0.0001981819368666038, 0.22190020978450775, 0.64879310131073, 0.2226777821779251, 0.0005567549960687757, 0.9582008719444275, 0.005334564950317144, 0.5790711641311646, 0.6848610639572144, 0.9997987151145935, 0.21648141741752625, 0.0001827988598961383, 0.00017335642769467086, 0.9998083710670471, 0.9977850914001465, 0.00017562528955750167, 0.00016720556595828384, 0.7689018249511719, 0.00023087096633389592, 0.9998267292976379, 0.9998219609260559, 0.9887056946754456]}
{"name": "Hello-SimpleAI/chatgpt-detector-roberta", "predictions": {"test": [0.999029278755188, 0.9992424249649048, 0.9989897608757019, 0.963720977306366, 0.9984097480773926, 0.041921116411685944, 0.9953371286392212, 0.04187477007508278, 0.9840697646141052, 0.9992339611053467, 0.9992430210113525, 0.9992284774780273, 0.01967581734061241, 0.9992408752441406, 0.013063134625554085, 0.04697398096323013, 0.9992311000823975, 0.9992363452911377, 0.16662555932998657, 0.9992486834526062, 0.9926930665969849, 0.9982692003250122, 0.9992498755455017, 0.992321789264679, 0.004750075284391642, 0.9978055357933044, 0.03556704521179199, 0.9992326498031616, 0.8506856560707092, 0.9992228746414185, 0.9130503535270691, 0.9992270469665527, 0.9759089350700378, 0.9992293119430542, 0.9975160360336304, 0.0010616574436426163, 0.9991249442100525, 0.9992392063140869, 0.9990580677986145, 0.9979743361473083, 0.9924902319908142, 0.9990092515945435, 0.9986361861228943, 0.9955706000328064, 0.28938740491867065, 0.9945353269577026, 0.9989637136459351, 0.9992415904998779, 0.999198853969574, 0.9992413520812988, 0.9965428709983826, 0.9992349147796631, 0.9991926550865173, 0.9992331266403198, 0.9992238283157349, 0.9991381168365479, 0.9992374181747437, 0.9991926550865173, 0.035815294831991196, 0.024861697107553482, 0.9992461204528809, 0.07146095484495163, 0.9992344379425049, 0.9512324333190918, 0.009159199893474579, 0.971122682094574, 0.9972104430198669, 0.9992129802703857, 0.9978908896446228, 0.9992328882217407, 0.9916031956672668, 0.013457718305289745, 0.997073769569397, 0.9992334842681885, 0.9165669083595276, 0.9992408752441406, 0.9992398023605347, 0.0005104006850160658, 0.9954114556312561, 0.9702609181404114, 0.05356617271900177, 0.9710864424705505, 0.09767735749483109, 0.9858527183532715, 0.139565572142601, 0.9992378950119019, 0.05705464258790016, 0.9238390326499939, 0.08609407395124435, 0.9992000460624695, 0.8773021697998047, 0.999208390712738, 0.9828680753707886, 0.004195482470095158, 0.9992268085479736, 0.9943550825119019, 0.999237060546875, 0.8781360387802124, 0.2976721525192261, 0.9986361861228943, 0.9981920123100281, 0.007985498756170273, 0.9134246706962585, 0.9827944040298462, 0.9992365837097168, 0.7182355523109436, 0.995937705039978, 0.008385539054870605, 0.02541772648692131, 0.9992392063140869, 0.23605695366859436, 0.9992420673370361, 0.9990179538726807, 0.0005640136660076678, 0.01919385977089405, 0.0267479345202446, 0.020067183300852776, 0.999241828918457, 0.9992462396621704, 0.9992245435714722]}, "logits": {"test": [3.053210973739624, 3.1243391036987305, 3.0389626026153564, 1.5497548580169678, 2.8672523498535156, -1.5948318243026733, 2.431796073913574, -1.595347285270691, 1.9109611511230469, 3.1239171028137207, 3.124429941177368, 3.1234731674194336, -1.938961148262024, 3.1242082118988037, -2.1210825443267822, -1.5419669151306152, 3.123755693435669, 3.1239266395568848, -0.9143490791320801, 3.1250951290130615, 2.2437896728515625, 2.834015369415283, 3.1248579025268555, 2.222869634628296, -2.559676170349121, 2.739680528640747, -1.6706175804138184, 3.1238677501678467, 0.8830470442771912, 3.122486114501953, 1.148603916168213, 3.123270034790039, 1.7308552265167236, 3.1235764026641846, 2.6898412704467773, -3.17254376411438, 3.088829278945923, 3.124018430709839, 3.063786268234253, 2.7716684341430664, 2.2322349548339844, 3.0459625720977783, 2.9268009662628174, 2.4530911445617676, -0.586054265499115, 2.365724802017212, 3.0297837257385254, 3.1241672039031982, 3.1156327724456787, 3.1241984367370605, 2.555281400680542, 3.1239242553710938, 3.1135823726654053, 3.1238903999328613, 3.122684955596924, 3.093780517578125, 3.1239659786224365, 3.1135823726654053, -1.6674319505691528, -1.833702802658081, 3.124737024307251, -1.3435674905776978, 3.1239280700683594, 1.4166589975357056, -2.276853084564209, 1.6510828733444214, 2.642850637435913, 3.1199910640716553, 2.755537509918213, 3.123875379562378, 2.185025453567505, -2.107952356338501, 2.623408317565918, 3.123906373977661, 1.1682549715042114, 3.12410569190979, 3.123965263366699, -3.4482622146606445, 2.4384634494781494, 1.6380773782730103, -1.480483055114746, 1.6505330801010132, -1.1910282373428345, 1.9621704816818237, -1.0092443227767944, 3.123903751373291, -1.4507734775543213, 1.2112051248550415, -1.2532377243041992, 3.116034984588623, 0.9817973971366882, 3.1186635494232178, 1.879473328590393, -2.612330913543701, 3.12322735786438, 2.352161407470703, 3.1239073276519775, 0.9851804375648499, -0.5676499009132385, 2.9268009662628174, 2.816807746887207, -2.336501121520996, 1.150628685951233, 1.8776137828826904, 3.12394380569458, 0.5251570343971252, 2.4888856410980225, -2.3152871131896973, -1.8237043619155884, 3.123948574066162, -0.7139537930488586, 3.1242282390594482, 3.0491180419921875, -3.4120543003082275, -1.9500762224197388, -1.8006097078323364, -1.9301289319992065, 3.124328851699829, 3.1248793601989746, 3.1228184700012207]}, "acc_test": 0.525, "precision_test": 0.5617977528089888, "recall_test": 0.7352941176470589, "f1_test": 0.6369426751592357, "auc_test": 0.5287047511312217, "preds": [0.999029278755188, 0.9992424249649048, 0.9992339611053467, 0.9992430210113525, 0.01967581734061241, 0.04697398096323013, 0.9992311000823975, 0.9992363452911377, 0.16662555932998657, 0.9992486834526062, 0.9926930665969849, 0.9982692003250122, 0.992321789264679, 0.004750075284391642, 0.03556704521179199, 0.9992326498031616, 0.8506856560707092, 0.9130503535270691, 0.9759089350700378, 0.9992293119430542, 0.9992392063140869, 0.9979743361473083, 0.9924902319908142, 0.9990092515945435, 0.9945353269577026, 0.9989637136459351, 0.999198853969574, 0.9992413520812988, 0.9991926550865173, 0.9992238283157349, 0.9991381168365479, 0.9992374181747437, 0.9991926550865173, 0.9992461204528809, 0.971122682094574, 0.9992129802703857, 0.9978908896446228, 0.9992328882217407, 0.9916031956672668, 0.013457718305289745, 0.997073769569397, 0.9992408752441406, 0.0005104006850160658, 0.05356617271900177, 0.9710864424705505, 0.139565572142601, 0.05705464258790016, 0.9992000460624695, 0.8773021697998047, 0.9992268085479736, 0.9943550825119019, 0.999237060546875, 0.2976721525192261, 0.007985498756170273, 0.9827944040298462, 0.7182355523109436, 0.995937705039978, 0.008385539054870605, 0.02541772648692131, 0.9992392063140869, 0.9992420673370361, 0.0005640136660076678, 0.01919385977089405, 0.0267479345202446, 0.020067183300852776, 0.999241828918457, 0.9992462396621704, 0.9992245435714722]}
