{"name": "likelihood_threshold", "predictions": {"test": [-2.706991195678711, -3.4134342670440674, -3.317063331604004, -3.8471269607543945, -3.7291524410247803, -2.851383924484253, -3.057276487350464, -3.8047640323638916, -3.928959846496582, -2.797044038772583, -3.15449857711792, -4.059943199157715, -2.8080103397369385, -3.566673755645752, -3.197319507598877, -2.5183088779449463, -2.332797050476074, -2.8919427394866943, -2.606520652770996, -2.77297306060791, -2.9918107986450195, -3.0285816192626953, -2.865732192993164, -3.028651714324951, -2.8414485454559326, -3.8061656951904297, -2.3866467475891113, -2.3082499504089355, -2.1407229900360107, -4.115074634552002, -2.702868700027466, -3.236172676086426, -2.349086046218872, -2.2009496688842773, -3.209721326828003, -3.9547371864318848, -3.7974188327789307, -2.835045576095581, -3.784775495529175, -2.4224016666412354, -4.359789848327637, -2.1273574829101562, -3.759638547897339, -3.0061707496643066, -3.29359769821167, -2.61035418510437, -2.575437545776367, -3.7467780113220215, -2.694875717163086, -2.3630118370056152, -4.317185878753662, -3.72566556930542, -2.3938210010528564, -2.9755966663360596, -2.324655294418335, -3.0246503353118896, -2.7399322986602783, -3.403932809829712, -4.408134460449219, -3.867565870285034, -2.8726181983947754, -4.207999229431152, -3.3290045261383057, -3.1848037242889404, -3.022451877593994, -2.634718418121338, -2.4685521125793457, -3.531167984008789, -2.5813279151916504, -2.618757724761963, -3.346862554550171, -3.2552332878112793, -2.6360890865325928, -2.5303955078125, -3.4147229194641113, -3.5452213287353516, -3.801077365875244, -2.657979726791382, -2.7279934883117676, -3.9999914169311523, -3.1761207580566406, -2.0330660343170166, -3.961944580078125, -4.260087966918945, -2.7316997051239014, -3.6710853576660156, -4.139561176300049, -3.324493885040283, -4.247433662414551, -2.656454563140869, -2.8132331371307373, -2.92744517326355, -3.797938346862793, -3.064150333404541, -2.613980531692505, -2.1088757514953613, -2.314157247543335, -3.67740797996521, -2.487245798110962, -3.86555552482605, -3.1256484985351562, -2.2408294677734375, -2.8097174167633057, -2.9053916931152344, -2.890608310699463, -2.6708290576934814, -3.3797667026519775, -3.038654088973999, -3.0217833518981934, -3.361088752746582, -3.8537118434906006, -2.501908302307129, -3.143124580383301, -2.563795566558838, -2.405716896057129, -3.033052444458008, -2.7873892784118652, -2.3573508262634277, -2.545604705810547, -2.2625255584716797]}, "acc_test": 0.7833333333333333, "precision_test": 0.7916666666666666, "recall_test": 0.8382352941176471, "f1_test": 0.8142857142857143, "auc_test": 0.8673642533936652}
{"name": "rank_threshold", "predictions": {"test": [-91.47682189941406, -214.32774353027344, -251.40110778808594, -388.8266906738281, -279.24853515625, -107.79267883300781, -59.858062744140625, -163.87661743164062, -353.2802734375, -89.5886459350586, -313.63916015625, -266.6257019042969, -35.084747314453125, -274.2742919921875, -344.90740966796875, -59.97761154174805, -65.55757141113281, -462.88037109375, -87.72916412353516, -146.8938751220703, -231.0859375, -184.70338439941406, -205.20730590820312, -135.4013214111328, -66.7315444946289, -462.5137023925781, -11.484662055969238, -38.61928939819336, -17.782894134521484, -160.43016052246094, -50.025001525878906, -169.356689453125, -56.09090805053711, -12.675556182861328, -152.77456665039062, -217.015869140625, -281.04791259765625, -79.00836944580078, -181.67251586914062, -176.86705017089844, -452.9805908203125, -16.86111068725586, -208.06040954589844, -97.33547973632812, -309.1190490722656, -152.47418212890625, -128.0, -241.0598907470703, -81.32866668701172, -58.216217041015625, -753.546630859375, -243.5426788330078, -66.06046295166016, -71.43225860595703, -121.72244262695312, -101.35503387451172, -40.860137939453125, -310.9263610839844, -317.5505676269531, -400.6145935058594, -95.87610626220703, -349.4171142578125, -227.49765014648438, -127.00609588623047, -84.07142639160156, -53.41481399536133, -148.44927978515625, -115.27027130126953, -21.72269058227539, -61.40837860107422, -127.33333587646484, -241.39622497558594, -278.489501953125, -589.423095703125, -168.1901397705078, -320.9827575683594, -402.23809814453125, -82.1388931274414, -157.32386779785156, -663.8579711914062, -131.73077392578125, -26.873685836791992, -272.55487060546875, -445.34423828125, -40.64883041381836, -232.49069213867188, -529.4503784179688, -147.56082153320312, -312.0457458496094, -112.66667175292969, -72.57376861572266, -167.76087951660156, -268.9140930175781, -62.050724029541016, -92.22596740722656, -8.353741645812988, -16.60869598388672, -268.05657958984375, -182.09039306640625, -83.9000015258789, -94.96470642089844, -95.12645721435547, -254.44586181640625, -161.68841552734375, -62.38587188720703, -99.2789535522461, -316.6929016113281, -77.67033386230469, -119.7848129272461, -269.0430908203125, -265.11932373046875, -75.7822265625, -126.49090576171875, -67.80838775634766, -56.34000015258789, -83.47760772705078, -117.21854400634766, -19.340425491333008, -21.256879806518555, -11.79230785369873]}, "acc_test": 0.7333333333333333, "precision_test": 0.7647058823529411, "recall_test": 0.7647058823529411, "f1_test": 0.7647058823529412, "auc_test": 0.791289592760181}
{"name": "log_rank_threshold", "predictions": {"test": [-1.3610258102416992, -1.8023097515106201, -1.7337061166763306, -2.1172306537628174, -2.1435046195983887, -1.4064280986785889, -1.6435478925704956, -2.2551426887512207, -2.186129570007324, -1.4264328479766846, -1.7349772453308105, -2.358292579650879, -1.405598759651184, -2.0169270038604736, -1.6615945100784302, -1.2312474250793457, -1.0908515453338623, -1.5519477128982544, -1.2710344791412354, -1.3635687828063965, -1.4250478744506836, -1.6461180448532104, -1.462693691253662, -1.6125140190124512, -1.4491517543792725, -2.1805126667022705, -1.087524175643921, -1.1414159536361694, -0.9924137592315674, -2.2886440753936768, -1.3447482585906982, -1.7340331077575684, -1.1410315036773682, -1.011222004890442, -1.700439453125, -2.1597657203674316, -2.132718801498413, -1.5080502033233643, -2.1297366619110107, -1.2688112258911133, -2.5069336891174316, -0.9806545972824097, -2.0301003456115723, -1.5571589469909668, -1.7925723791122437, -1.3527170419692993, -1.260308027267456, -2.053913116455078, -1.3468647003173828, -1.102663278579712, -2.620326042175293, -2.027073383331299, -1.120474934577942, -1.5030066967010498, -1.1114330291748047, -1.568987488746643, -1.3071931600570679, -1.878016710281372, -2.5655202865600586, -2.157388210296631, -1.4363089799880981, -2.4259605407714844, -1.8093308210372925, -1.6749334335327148, -1.5107784271240234, -1.2769001722335815, -1.137257695198059, -1.9531607627868652, -1.2287471294403076, -1.3372935056686401, -1.7317636013031006, -1.7941765785217285, -1.3310633897781372, -1.4992146492004395, -1.7774159908294678, -2.0362298488616943, -2.0992112159729004, -1.3336361646652222, -1.400146484375, -2.281623125076294, -1.64503014087677, -0.8747499585151672, -2.288986921310425, -2.4273831844329834, -1.3657697439193726, -2.0020861625671387, -2.3941922187805176, -1.7917579412460327, -2.3329415321350098, -1.2541065216064453, -1.459396243095398, -1.4486064910888672, -2.083876371383667, -1.5216152667999268, -1.243074655532837, -0.9044458270072937, -1.0624589920043945, -1.9726663827896118, -1.2707217931747437, -2.1244494915008545, -1.6404814720153809, -1.1518861055374146, -1.4103633165359497, -1.440651297569275, -1.55376136302948, -1.3675953149795532, -1.8646048307418823, -1.5196609497070312, -1.5012203454971313, -1.7449064254760742, -2.1275479793548584, -1.1884193420410156, -1.585797667503357, -1.2220815420150757, -1.036216378211975, -1.5552743673324585, -1.400275468826294, -1.0975724458694458, -1.2181355953216553, -1.0651756525039673]}, "acc_test": 0.7833333333333333, "precision_test": 0.7916666666666666, "recall_test": 0.8382352941176471, "f1_test": 0.8142857142857143, "auc_test": 0.8701923076923077}
{"name": "entropy_threshold", "predictions": {"test": [3.0033881664276123, 3.8410375118255615, 3.3772542476654053, 4.101503372192383, 3.6185171604156494, 3.30265212059021, 3.35093092918396, 3.85227108001709, 4.077671527862549, 3.367403745651245, 3.6101090908050537, 4.180115699768066, 3.316429615020752, 3.497032642364502, 3.946267604827881, 2.973745584487915, 2.659558057785034, 3.402583599090576, 3.232680559158325, 3.290820598602295, 3.872662305831909, 3.478792667388916, 3.1708760261535645, 3.283881664276123, 3.126941680908203, 3.853274345397949, 3.1637399196624756, 2.984477996826172, 2.4756593704223633, 3.999070405960083, 3.432018756866455, 3.461763381958008, 2.9047651290893555, 2.69853138923645, 3.626797914505005, 4.156911849975586, 3.911165475845337, 3.4062626361846924, 3.9464471340179443, 3.0086677074432373, 4.184126377105713, 2.825174570083618, 4.138619422912598, 3.3875226974487305, 3.5750014781951904, 2.964383125305176, 2.72456693649292, 4.173164367675781, 3.321079730987549, 3.1624655723571777, 4.270984172821045, 3.691171169281006, 3.0287539958953857, 3.2560622692108154, 2.797469139099121, 3.3838844299316406, 3.2647035121917725, 3.7646989822387695, 4.252992153167725, 4.2100396156311035, 3.182680130004883, 4.232248783111572, 3.447226047515869, 3.5271694660186768, 3.3963258266448975, 3.3468072414398193, 2.7599544525146484, 3.5442888736724854, 3.2918953895568848, 3.292740821838379, 3.841500759124756, 3.6377670764923096, 3.000330686569214, 2.5864062309265137, 3.67704176902771, 3.6009912490844727, 4.078829288482666, 3.4303083419799805, 3.3206851482391357, 3.90620493888855, 3.6425161361694336, 2.6524837017059326, 4.087619304656982, 4.307387828826904, 3.459338665008545, 3.9421005249023438, 4.334620952606201, 3.5578505992889404, 4.392469882965088, 3.3182687759399414, 3.2224631309509277, 3.2134454250335693, 3.8075103759765625, 3.2250869274139404, 2.926363468170166, 2.8191277980804443, 3.109609603881836, 3.7598085403442383, 2.9331789016723633, 3.8774688243865967, 3.3182661533355713, 2.6906588077545166, 3.178894281387329, 3.144850492477417, 3.109375476837158, 3.181633949279785, 3.779690980911255, 3.6929683685302734, 3.8194243907928467, 4.21042013168335, 4.029226303100586, 3.3233418464660645, 3.421308994293213, 3.158665657043457, 3.216160774230957, 3.8861770629882812, 3.658751964569092, 3.031409978866577, 2.916593551635742, 2.8775475025177]}, "acc_test": 0.7, "precision_test": 0.7285714285714285, "recall_test": 0.75, "f1_test": 0.7391304347826085, "auc_test": 0.7729072398190046}
{"name": "rank_GLTR_threshold", "predictions": {"test": [[0.7615894039735099, 0.16556291390728478, 0.046357615894039736, 0.026490066225165563], [0.680672268907563, 0.21008403361344538, 0.06722689075630252, 0.04201680672268908], [0.7252747252747253, 0.14285714285714285, 0.0989010989010989, 0.03296703296703297], [0.6533333333333333, 0.19333333333333333, 0.08666666666666667, 0.06666666666666667], [0.6416184971098265, 0.1676300578034682, 0.14450867052023122, 0.046242774566473986], [0.7560975609756098, 0.15853658536585366, 0.06707317073170732, 0.018292682926829267], [0.7096774193548387, 0.2, 0.07741935483870968, 0.012903225806451613], [0.6103896103896104, 0.19480519480519481, 0.15584415584415584, 0.03896103896103896], [0.6242038216560509, 0.17834394904458598, 0.10828025477707007, 0.08917197452229299], [0.7659574468085106, 0.1702127659574468, 0.03546099290780142, 0.028368794326241134], [0.711340206185567, 0.17525773195876287, 0.08247422680412371, 0.030927835051546393], [0.5921787709497207, 0.20670391061452514, 0.11173184357541899, 0.0893854748603352], [0.7711864406779662, 0.16101694915254236, 0.06779661016949153, 0.0], [0.64, 0.21714285714285714, 0.09142857142857143, 0.05142857142857143], [0.7222222222222222, 0.14814814814814814, 0.08641975308641975, 0.043209876543209874], [0.7985074626865671, 0.12686567164179105, 0.05223880597014925, 0.022388059701492536], [0.8121212121212121, 0.15151515151515152, 0.030303030303030304, 0.006060606060606061], [0.7511961722488039, 0.1339712918660287, 0.06220095693779904, 0.05263157894736842], [0.7847222222222222, 0.1388888888888889, 0.05555555555555555, 0.020833333333333332], [0.7714285714285715, 0.15918367346938775, 0.04897959183673469, 0.02040816326530612], [0.7890625, 0.125, 0.0546875, 0.03125], [0.7457627118644068, 0.1271186440677966, 0.0847457627118644, 0.0423728813559322], [0.7378048780487805, 0.1951219512195122, 0.036585365853658534, 0.03048780487804878], [0.743421052631579, 0.13157894736842105, 0.07894736842105263, 0.046052631578947366], [0.738255033557047, 0.21476510067114093, 0.03355704697986577, 0.013422818791946308], [0.5958904109589042, 0.22602739726027396, 0.0958904109589041, 0.0821917808219178], [0.7975460122699386, 0.18404907975460122, 0.018404907975460124, 0.0], [0.8223350253807107, 0.116751269035533, 0.050761421319796954, 0.01015228426395939], [0.8355263157894737, 0.13815789473684212, 0.019736842105263157, 0.006578947368421052], [0.5642458100558659, 0.2737430167597765, 0.11173184357541899, 0.05027932960893855], [0.7666666666666667, 0.16666666666666666, 0.058333333333333334, 0.008333333333333333], [0.7261146496815286, 0.1337579617834395, 0.10828025477707007, 0.03184713375796178], [0.8138528138528138, 0.16883116883116883, 0.008658008658008658, 0.008658008658008658], [0.8533333333333334, 0.1288888888888889, 0.017777777777777778, 0.0], [0.7283236994219653, 0.16184971098265896, 0.06358381502890173, 0.046242774566473986], [0.6031746031746031, 0.2328042328042328, 0.12169312169312169, 0.042328042328042326], [0.6706586826347305, 0.1497005988023952, 0.10778443113772455, 0.0718562874251497], [0.7447698744769874, 0.1506276150627615, 0.08786610878661087, 0.016736401673640166], [0.631578947368421, 0.1871345029239766, 0.13450292397660818, 0.04678362573099415], [0.791907514450867, 0.1329479768786127, 0.03468208092485549, 0.04046242774566474], [0.6019417475728155, 0.18446601941747573, 0.08737864077669903, 0.1262135922330097], [0.8518518518518519, 0.09876543209876543, 0.04938271604938271, 0.0], [0.6040268456375839, 0.26174496644295303, 0.08053691275167785, 0.053691275167785234], [0.7096774193548387, 0.18064516129032257, 0.08387096774193549, 0.025806451612903226], [0.7321428571428571, 0.13095238095238096, 0.08928571428571429, 0.047619047619047616], [0.784037558685446, 0.11737089201877934, 0.056338028169014086, 0.04225352112676056], [0.7807017543859649, 0.14912280701754385, 0.05263157894736842, 0.017543859649122806], [0.6467065868263473, 0.19760479041916168, 0.10778443113772455, 0.04790419161676647], [0.8251748251748252, 0.1048951048951049, 0.055944055944055944, 0.013986013986013986], [0.8243243243243243, 0.12837837837837837, 0.033783783783783786, 0.013513513513513514], [0.5508474576271186, 0.1906779661016949, 0.15677966101694915, 0.1016949152542373], [0.676829268292683, 0.18902439024390244, 0.07926829268292683, 0.054878048780487805], [0.8558139534883721, 0.08372093023255814, 0.05116279069767442, 0.009302325581395349], [0.7161290322580646, 0.2, 0.07741935483870968, 0.0064516129032258064], [0.8163265306122449, 0.1346938775510204, 0.044897959183673466, 0.004081632653061225], [0.7218934911242604, 0.17751479289940827, 0.07692307692307693, 0.023668639053254437], [0.7832167832167832, 0.1258741258741259, 0.08391608391608392, 0.006993006993006993], [0.6748466257668712, 0.1901840490797546, 0.09815950920245399, 0.03680981595092025], [0.5168539325842697, 0.25280898876404495, 0.16292134831460675, 0.06741573033707865], [0.6302083333333334, 0.19270833333333334, 0.09895833333333333, 0.078125], [0.7743362831858407, 0.13716814159292035, 0.07079646017699115, 0.017699115044247787], [0.5775401069518716, 0.2192513368983957, 0.13368983957219252, 0.06951871657754011], [0.676056338028169, 0.2112676056338028, 0.0892018779342723, 0.023474178403755867], [0.7195121951219512, 0.15853658536585366, 0.0975609756097561, 0.024390243902439025], [0.7272727272727273, 0.17532467532467533, 0.08441558441558442, 0.012987012987012988], [0.7925925925925926, 0.1259259259259259, 0.07407407407407407, 0.007407407407407408], [0.8260869565217391, 0.12318840579710146, 0.043478260869565216, 0.007246376811594203], [0.6351351351351351, 0.22972972972972974, 0.0945945945945946, 0.04054054054054054], [0.7815126050420168, 0.15126050420168066, 0.06722689075630252, 0.0], [0.7696335078534031, 0.1518324607329843, 0.06282722513089005, 0.015706806282722512], [0.72, 0.14666666666666667, 0.09333333333333334, 0.04], [0.7264150943396226, 0.10377358490566038, 0.1320754716981132, 0.03773584905660377], [0.7972027972027972, 0.11888111888111888, 0.06993006993006994, 0.013986013986013986], [0.7637362637362637, 0.09340659340659341, 0.06593406593406594, 0.07692307692307693], [0.6901408450704225, 0.20422535211267606, 0.08450704225352113, 0.02112676056338028], [0.6637931034482759, 0.1896551724137931, 0.09482758620689655, 0.05172413793103448], [0.6428571428571429, 0.20238095238095238, 0.13095238095238096, 0.023809523809523808], [0.7847222222222222, 0.1527777777777778, 0.034722222222222224, 0.027777777777777776], [0.7613636363636364, 0.14204545454545456, 0.07954545454545454, 0.017045454545454544], [0.6306818181818182, 0.1590909090909091, 0.13636363636363635, 0.07386363636363637], [0.7307692307692307, 0.16346153846153846, 0.08653846153846154, 0.019230769230769232], [0.8842105263157894, 0.07894736842105263, 0.031578947368421054, 0.005263157894736842], [0.6097560975609756, 0.18292682926829268, 0.12804878048780488, 0.07926829268292683], [0.5956284153005464, 0.18579234972677597, 0.12568306010928962, 0.09289617486338798], [0.7658862876254181, 0.16722408026755853, 0.056856187290969896, 0.010033444816053512], [0.6708074534161491, 0.19254658385093168, 0.08074534161490683, 0.055900621118012424], [0.5954198473282443, 0.183206106870229, 0.16793893129770993, 0.05343511450381679], [0.6891891891891891, 0.20945945945945946, 0.06756756756756757, 0.033783783783783786], [0.6209150326797386, 0.16993464052287582, 0.1503267973856209, 0.058823529411764705], [0.8174603174603174, 0.10317460317460317, 0.047619047619047616, 0.031746031746031744], [0.6967213114754098, 0.23770491803278687, 0.040983606557377046, 0.02459016393442623], [0.782608695652174, 0.13768115942028986, 0.057971014492753624, 0.021739130434782608], [0.6257668711656442, 0.2147239263803681, 0.10429447852760736, 0.05521472392638037], [0.782608695652174, 0.13768115942028986, 0.06521739130434782, 0.014492753623188406], [0.7932692307692307, 0.15384615384615385, 0.04326923076923077, 0.009615384615384616], [0.8299319727891157, 0.1564625850340136, 0.013605442176870748, 0.0], [0.8379446640316206, 0.1225296442687747, 0.039525691699604744, 0.0], [0.6477987421383647, 0.23270440251572327, 0.07547169811320754, 0.0440251572327044], [0.807909604519774, 0.10734463276836158, 0.062146892655367235, 0.022598870056497175], [0.63125, 0.20625, 0.14375, 0.01875], [0.7352941176470589, 0.18823529411764706, 0.058823529411764705, 0.01764705882352941], [0.8220140515222483, 0.07259953161592506, 0.07728337236533958, 0.02810304449648712], [0.7770700636942676, 0.1337579617834395, 0.07643312101910828, 0.012738853503184714], [0.7681159420289855, 0.12318840579710146, 0.07246376811594203, 0.036231884057971016], [0.7065217391304348, 0.17391304347826086, 0.10869565217391304, 0.010869565217391304], [0.7789473684210526, 0.15263157894736842, 0.04736842105263158, 0.021052631578947368], [0.7086614173228346, 0.15748031496062992, 0.07874015748031496, 0.05511811023622047], [0.7582417582417582, 0.14285714285714285, 0.08791208791208792, 0.01098901098901099], [0.759493670886076, 0.13924050632911392, 0.05063291139240506, 0.05063291139240506], [0.7241379310344828, 0.15517241379310345, 0.07758620689655173, 0.04310344827586207], [0.625, 0.23863636363636365, 0.08522727272727272, 0.05113636363636364], [0.8266666666666667, 0.1288888888888889, 0.02666666666666667, 0.017777777777777778], [0.7515151515151515, 0.13333333333333333, 0.07878787878787878, 0.03636363636363636], [0.7724550898203593, 0.17365269461077845, 0.041916167664670656, 0.011976047904191617], [0.83, 0.15, 0.01, 0.01], [0.746268656716418, 0.17164179104477612, 0.05970149253731343, 0.022388059701492536], [0.7682119205298014, 0.1456953642384106, 0.052980132450331126, 0.033112582781456956], [0.8351063829787234, 0.11702127659574468, 0.047872340425531915, 0.0], [0.8073394495412844, 0.1651376146788991, 0.027522935779816515, 0.0], [0.8307692307692308, 0.14615384615384616, 0.023076923076923078, 0.0]]}, "acc_test": 0.7833333333333333, "precision_test": 0.7837837837837838, "recall_test": 0.8529411764705882, "f1_test": 0.8169014084507041, "auc_test": 0.8642533936651584}
{"name": "perturbation_10_z", "predictions": {"test": [0.18784175195603722, 0.7748494630674088, -1.0491791051753234, -0.6076854798096532, 0.6551401155404296, 0.70290870166573, 0.41530263689730706, 0.5319169272231086, -1.6736658065714252, -0.6848277919029433, -0.6349073297391584, 0.2696160832776043, 0.050022172562258306, -0.6994573366280037, 0.30361235574738155, 0.5297748363891839, 0.904640954470494, 0.952687907496104, 0.6872353063398258, 1.0572070892792367, 0.6042325352792868, 0.9844725486827809, 0.8142294661167022, -0.06542186562067404, 0.3153717296838315, -0.4604281429175022, 0.6643398992714685, 1.4707913627037732, 1.0363919497289225, -0.5016262224225257, 0.5864796355546436, 0.32067424682031453, 2.261567457796193, 0.9247715089644539, -0.04631785169393035, -0.24762974112672737, 0.10653661978824218, 0.5462974891420973, 0.008553343687602778, 0.39350395562169227, -0.11062684665470446, 1.8755808496951603, 0.27886233383504655, 0.236960477921946, 0.273357805834268, 1.693466139258961, 0.06251044116319968, -0.020917791775292068, 0.5468607691550121, 1.2162640384511467, 0.4826237555599195, -0.24303455858338693, 1.470816678245372, 0.5775832746431424, 1.6390059669294141, 0.5454730127678326, 0.6283934908377059, -0.7523307506287925, -0.22015649360606968, 0.6604753045649979, 0.2665971410814815, 0.2870647480841552, 0.4268847933802173, 0.82587784459967, 0.08516304961121458, 1.5329388192503957, 0.9619304511069474, -0.7099257339509512, 1.8866478347693212, -0.5463793546734379, 0.6530891960808376, 0.8401466086150275, 0.7294106626876429, -0.795199390475094, 0.7774591797114612, 0.5943038556842622, 0.32899640396379626, 1.2507219194702845, 0.3136429076439701, -0.3771137081442473, 0.6901616525551771, 1.267280061845446, -0.08049463507520589, 0.0444675959764224, 1.1844480904137886, -1.2744340536135539, -0.8959134364262451, 1.0649622757388366, -0.788050439535752, 0.7791857326297505, 1.299862008625887, 0.21705093403334713, 0.3099385132611256, 0.8347078169118207, 1.0779497808181604, 1.0096453291589529, 1.1792769228965023, 0.9205676134925267, 0.9000480080165896, 0.8563902625801045, 0.24282401577789858, 1.5416914082865127, -0.07621327358655339, 1.0470288549567361, 1.040271897000647, 1.4293049545827852, -0.15266530338484158, 0.2890045626247059, 0.7321391880958622, 0.2927017970020722, -0.02771376569656628, 1.034671967720191, -0.2014213472265267, 1.0848255034329892, 0.6303280276744831, 1.112828225966524, 1.8918778017510338, 1.1222790653095458, 1.013998350105197, 0.6397296076725819]}, "info": {"pct_words_masked": 0.3, "span_length": 2, "n_perturbations": 10}, "general": {"acc_test": 0.725, "precision_test": 0.7536231884057971, "recall_test": 0.7647058823529411, "f1_test": 0.759124087591241, "auc_test": 0.7675339366515836}}
{"name": "GPT-sentinel", "acc": 0.7166666666666667}
{"name": "roberta-base-openai-detector", "predictions": {"test": [0.0809040442109108, 0.0005919746472500265, 0.0001767855865182355, 0.0001718888815958053, 0.00016814148693811148, 0.0007248105248436332, 0.6032084226608276, 0.005238086450845003, 0.00017041977844201028, 0.9913467764854431, 0.6007452011108398, 0.0020122958812862635, 0.00030438078101724386, 0.00046371418284252286, 0.001285659265704453, 0.00048578449059277773, 0.008751281537115574, 0.0010387685615569353, 0.9995964169502258, 0.0010916640749201179, 0.9996259212493896, 0.00018373268540017307, 0.0004839498142246157, 0.00016971082368399948, 0.126647487282753, 0.00026786408852785826, 0.9979311227798462, 0.9973618388175964, 0.7025356888771057, 0.032806623727083206, 0.9777922630310059, 0.0005339074996300042, 0.0002597672864794731, 0.9998189806938171, 0.00018052013183478266, 0.0008115565869957209, 0.03577699139714241, 0.005640720948576927, 0.0002283997309859842, 0.00020008250430691987, 0.0489555299282074, 0.007530811242759228, 0.0005269472603686154, 0.00017626195040065795, 0.00017054268391802907, 0.0001696944673312828, 0.0014449231093749404, 0.0009025722392834723, 0.8002064824104309, 0.9829722046852112, 0.0002827785210683942, 0.00017217856657225639, 0.7718263864517212, 0.0004397599259391427, 0.2715461850166321, 0.040874041616916656, 0.4561637043952942, 0.00017232162645086646, 0.0039002278354018927, 0.00020904585835523903, 0.00024651287822052836, 0.00047853850992396474, 0.00033685757080093026, 0.00018483794701751322, 0.0026887180283665657, 0.9998107552528381, 0.021354006603360176, 0.0019256201339885592, 0.6520963907241821, 0.9995794892311096, 0.0886547788977623, 0.8485038876533508, 0.24360530078411102, 0.998920202255249, 0.0001969655422726646, 0.9626742005348206, 0.00022260496916715056, 0.00310049531981349, 0.11015334725379944, 0.0002145043108612299, 0.0009227822301909328, 0.999721348285675, 0.0001681660214671865, 0.0002931438502855599, 0.9487808346748352, 0.06507014483213425, 0.0039679729379713535, 0.0022272923961281776, 0.00028029890381731093, 0.15394531190395355, 0.033590033650398254, 0.0006019168067723513, 0.0070493887178599834, 0.3960561156272888, 0.002910383278504014, 0.00741818081587553, 0.9154708981513977, 0.00017047162691596895, 0.66752690076828, 0.0007740001892670989, 0.00018256128532812, 0.003514868440106511, 0.0007172603509388864, 0.5643777847290039, 0.00016779698489699513, 0.00019149099534843117, 0.03907431662082672, 0.04475020244717598, 0.19549685716629028, 0.00019937599427066743, 0.00019914761651307344, 0.9998101592063904, 0.17016436159610748, 0.00017137026588898152, 0.9430872201919556, 0.9988443851470947, 0.0015407050959765911, 0.0008733760332688689, 0.0005501869600266218, 0.16608278453350067]}, "logits": {"test": [-1.3437966108322144, -4.00148868560791, -4.683246612548828, -4.703149795532227, -4.7123847007751465, -3.900494337081909, 0.15272575616836548, -2.8039026260375977, -4.7114949226379395, 2.4364194869995117, 0.12311173975467682, -3.3195860385894775, -4.386842727661133, -4.141548156738281, -3.5890989303588867, -4.132630348205566, -2.546915292739868, -3.684020757675171, 4.190057277679443, -3.664949417114258, 4.236900329589844, -4.666389465332031, -4.1210174560546875, -4.7072343826293945, -1.0585623979568481, -4.438109397888184, 3.2519731521606445, 3.1252150535583496, 0.3592141270637512, -1.8018198013305664, 1.9101626873016357, -4.062135219573975, -4.477997779846191, 4.672667503356934, -4.674032211303711, -3.8292160034179688, -1.7650225162506104, -2.772357702255249, -4.537393093109131, -4.625351905822754, -1.605621337890625, -2.630781412124634, -4.065086841583252, -4.687906265258789, -4.71060848236084, -4.711396217346191, -3.502610921859741, -3.759458065032959, 0.6609528064727783, 2.0636866092681885, -4.419027328491211, -4.703658103942871, 0.6172979474067688, -4.182377815246582, -0.5785316228866577, -1.7060763835906982, -0.16273820400238037, -4.698418140411377, -2.9630126953125, -4.590072154998779, -4.50313138961792, -4.114232063293457, -4.316952705383301, -4.6623854637146, -3.186537981033325, 4.648122310638428, -2.052730083465576, -3.3522069454193115, 0.2552403211593628, 4.186764240264893, -1.252953290939331, 0.8038603663444519, -0.6488444209098816, 3.6230309009552, -4.625263690948486, 1.6152100563049316, -4.548731327056885, -3.1022579669952393, -1.137615442276001, -4.5754194259643555, -3.77575945854187, 4.412484169006348, -4.716272830963135, -4.3862104415893555, 1.5247591733932495, -1.4391796588897705, -2.962636947631836, -3.291489839553833, -4.421962261199951, -0.9508768320083618, -1.8131226301193237, -4.008164405822754, -2.639056921005249, -0.2771100699901581, -3.142009973526001, -2.638293981552124, 1.201256513595581, -4.700935363769531, 0.301504909992218, -3.8558242321014404, -4.670619010925293, -3.025399923324585, -3.9080305099487305, 0.06193748861551285, -4.718014717102051, -4.63916540145874, -1.7272433042526245, -1.6507824659347534, -0.7916991114616394, -4.61154317855835, -4.618622779846191, 4.641853332519531, -0.8630478382110596, -4.70725679397583, 1.4002811908721924, 3.595229148864746, -3.4970881938934326, -3.783555269241333, -4.058938026428223, -0.9113122820854187]}, "acc_test": 0.625, "precision_test": 0.9259259259259259, "recall_test": 0.36764705882352944, "f1_test": 0.5263157894736842, "auc_test": 0.7788461538461539, "preds": [0.0809040442109108, 0.0005919746472500265, 0.9913467764854431, 0.6007452011108398, 0.00030438078101724386, 0.00048578449059277773, 0.008751281537115574, 0.0010387685615569353, 0.9995964169502258, 0.0010916640749201179, 0.9996259212493896, 0.00018373268540017307, 0.00016971082368399948, 0.126647487282753, 0.9979311227798462, 0.9973618388175964, 0.7025356888771057, 0.9777922630310059, 0.0002597672864794731, 0.9998189806938171, 0.005640720948576927, 0.00020008250430691987, 0.0489555299282074, 0.007530811242759228, 0.0001696944673312828, 0.0014449231093749404, 0.8002064824104309, 0.9829722046852112, 0.7718263864517212, 0.2715461850166321, 0.040874041616916656, 0.4561637043952942, 0.00017232162645086646, 0.00024651287822052836, 0.9998107552528381, 0.0019256201339885592, 0.6520963907241821, 0.9995794892311096, 0.0886547788977623, 0.8485038876533508, 0.24360530078411102, 0.9626742005348206, 0.00310049531981349, 0.0009227822301909328, 0.999721348285675, 0.9487808346748352, 0.0039679729379713535, 0.15394531190395355, 0.033590033650398254, 0.002910383278504014, 0.00741818081587553, 0.9154708981513977, 0.66752690076828, 0.003514868440106511, 0.5643777847290039, 0.00019149099534843117, 0.03907431662082672, 0.04475020244717598, 0.19549685716629028, 0.00019937599427066743, 0.9998101592063904, 0.00017137026588898152, 0.9430872201919556, 0.9988443851470947, 0.0015407050959765911, 0.0008733760332688689, 0.0005501869600266218, 0.16608278453350067]}
{"name": "Hello-SimpleAI/chatgpt-detector-roberta", "predictions": {"test": [0.9988694787025452, 0.02408730797469616, 0.021993324160575867, 0.2395825982093811, 0.007208201102912426, 0.05645149573683739, 0.0019801349844783545, 0.0003942338516935706, 0.0003354607615619898, 0.9990566372871399, 0.3919782340526581, 0.00046352631761692464, 0.7194848656654358, 0.0011175982654094696, 0.2961009442806244, 0.9988190531730652, 0.997283935546875, 0.9991490840911865, 0.9968869090080261, 0.9677315950393677, 0.18052777647972107, 0.8705174326896667, 0.968285322189331, 0.13709942996501923, 0.20568504929542542, 0.0005094681400805712, 0.9992101192474365, 0.9656134843826294, 0.9936376214027405, 0.00029576587257906795, 0.3684439957141876, 0.0011864021653309464, 0.9986294507980347, 0.999038815498352, 0.06379298120737076, 0.0007950959843583405, 0.11377701163291931, 0.9774006009101868, 0.00038015429163351655, 0.9991651773452759, 0.0009490230586379766, 0.031156228855252266, 0.0006462147575803101, 0.006634547840803862, 0.00033105697366409004, 0.04692857339978218, 0.002807225566357374, 0.00028792431112378836, 0.9978875517845154, 0.9981130361557007, 0.00036344019463285804, 0.00040937215089797974, 0.9989381432533264, 0.9841984510421753, 0.9991581439971924, 0.283591628074646, 0.9981924891471863, 0.9059919118881226, 0.000297663442324847, 0.0005905330763198435, 0.9992132186889648, 0.0013102215016260743, 0.01652657985687256, 0.04525655508041382, 0.9930712580680847, 0.17254167795181274, 0.0010770880617201328, 0.9900220036506653, 0.9745509624481201, 0.2726839482784271, 0.2159540206193924, 0.018557192757725716, 0.9971803426742554, 0.006279616616666317, 0.002468280028551817, 0.0004721230361610651, 0.00027888023760169744, 0.29961681365966797, 0.06694262474775314, 0.030432527884840965, 0.010351319797337055, 0.9983354210853577, 0.00044428781257010996, 0.00032042013481259346, 0.01951197162270546, 0.1388479322195053, 0.005058486945927143, 0.048426553606987, 0.00033807448926381767, 0.9977025389671326, 0.11208278685808182, 0.2961522042751312, 0.0010523735545575619, 0.29011279344558716, 0.9990273714065552, 0.9981573224067688, 0.9962169528007507, 0.0005411433521658182, 0.3680048882961273, 0.0003773467615246773, 0.020718734711408615, 0.8934186697006226, 0.05228783190250397, 0.18976525962352753, 0.05593297630548477, 0.9966287016868591, 0.8725957870483398, 0.003277658950537443, 0.009591162204742432, 0.02134023979306221, 0.0014153711963444948, 0.3593549430370331, 0.10418201982975006, 0.9697220921516418, 0.9033467769622803, 0.9792916178703308, 0.9793381690979004, 0.011030481196939945, 0.005245991051197052, 0.2614959478378296]}, "logits": {"test": [2.997781991958618, -1.8479896783828735, -1.8889689445495605, -0.7051045894622803, -2.380847215652466, -1.4557760953903198, -2.924082040786743, -3.5385782718658447, -3.592193365097046, 3.0632553100585938, -0.37702420353889465, -3.4825642108917236, 0.5293514728546143, -3.152482748031616, -0.5712088942527771, 2.9814817905426025, 2.65371036529541, 3.0978496074676514, 2.598184108734131, 1.60191011428833, -0.8701815605163574, 0.9551568031311035, 1.6095895767211914, -1.018591284751892, -0.7958638668060303, -3.4489238262176514, 3.119194746017456, 1.5736292600631714, 2.3020360469818115, -3.631918430328369, -0.422105610370636, -3.129056215286255, 2.924865484237671, 3.056680202484131, -1.3978499174118042, -3.283867120742798, -1.1145334243774414, 1.7588521242141724, -3.550861358642578, 3.1037957668304443, -3.216054677963257, -1.731231451034546, -3.361868143081665, -2.4166388511657715, -3.596468925476074, -1.5424035787582397, -2.7806923389434814, -3.63999080657959, 2.754915714263916, 2.799865961074829, -3.5658836364746094, -3.525731086730957, 3.0208921432495117, 1.9144551753997803, 3.1012251377105713, -0.5992482900619507, 2.8169045448303223, 1.11150062084198, -3.6299655437469482, -3.395209550857544, 3.1200711727142334, -3.0898921489715576, -2.016829490661621, -1.5593063831329346, 2.26619291305542, -0.8952283263206482, -3.166914939880371, 2.11173677444458, 1.7067469358444214, -0.6243574619293213, -0.7673474550247192, -1.9651557207107544, 2.638502836227417, -2.4403252601623535, -2.8338675498962402, -3.476073980331421, -3.6492912769317627, -0.5633427500724792, -1.3748626708984375, -1.741939663887024, -2.223407506942749, 2.8493363857269287, -3.497431516647339, -3.6069440841674805, -1.9427014589309692, -1.0119497776031494, -2.5329082012176514, -1.5277471542358398, -3.5896761417388916, 2.7212719917297363, -0.8325595259666443, -0.5711267590522766, -3.175966262817383, -0.5846733450889587, 3.0525243282318115, 2.809278726577759, 2.518251657485962, -3.4271318912506104, -0.42258867621421814, -3.553354501724243, -1.9158076047897339, 1.050547480583191, -1.4918440580368042, -0.8422586917877197, -1.4601281881332397, 2.565595865249634, 0.9631900787353516, -2.716146230697632, -2.256741762161255, -1.9025613069534302, -3.0592424869537354, -0.4392218291759491, -1.1532062292099, 1.6301251649856567, 1.0981930494308472, 1.7970305681228638, 1.7980165481567383, -2.195528507232666, -2.517383337020874, -0.6513813734054565]}, "acc_test": 0.725, "precision_test": 0.926829268292683, "recall_test": 0.5588235294117647, "f1_test": 0.6972477064220183, "auc_test": 0.870475113122172, "preds": [0.9988694787025452, 0.02408730797469616, 0.9990566372871399, 0.3919782340526581, 0.7194848656654358, 0.9988190531730652, 0.997283935546875, 0.9991490840911865, 0.9968869090080261, 0.9677315950393677, 0.18052777647972107, 0.8705174326896667, 0.13709942996501923, 0.20568504929542542, 0.9992101192474365, 0.9656134843826294, 0.9936376214027405, 0.3684439957141876, 0.9986294507980347, 0.999038815498352, 0.9774006009101868, 0.9991651773452759, 0.0009490230586379766, 0.031156228855252266, 0.04692857339978218, 0.002807225566357374, 0.9978875517845154, 0.9981130361557007, 0.9989381432533264, 0.9991581439971924, 0.283591628074646, 0.9981924891471863, 0.9059919118881226, 0.9992132186889648, 0.17254167795181274, 0.9900220036506653, 0.9745509624481201, 0.2726839482784271, 0.2159540206193924, 0.018557192757725716, 0.9971803426742554, 0.0004721230361610651, 0.29961681365966797, 0.010351319797337055, 0.9983354210853577, 0.01951197162270546, 0.005058486945927143, 0.9977025389671326, 0.11208278685808182, 0.9990273714065552, 0.9981573224067688, 0.9962169528007507, 0.3680048882961273, 0.8934186697006226, 0.18976525962352753, 0.9966287016868591, 0.8725957870483398, 0.003277658950537443, 0.009591162204742432, 0.02134023979306221, 0.3593549430370331, 0.9697220921516418, 0.9033467769622803, 0.9792916178703308, 0.9793381690979004, 0.011030481196939945, 0.005245991051197052, 0.2614959478378296]}
