{"name": "likelihood_threshold", "predictions": {"test": [-3.061314821243286, -2.92744517326355, -3.797938346862793, -3.064150333404541, -3.0286121368408203, -3.240927219390869, -2.85699462890625, -3.67740797996521, -3.1028358936309814, -3.86555552482605, -3.1256484985351562, -3.615949869155884, -2.8097174167633057, -3.245018720626831, -2.890608310699463, -3.1500165462493896, -3.3228695392608643, -2.7538702487945557, -3.4429354667663574, -3.7153215408325195, -3.8537118434906006, -2.8931593894958496, -3.143124580383301, -2.6894891262054443, -2.808774709701538, -3.6924214363098145, -3.322065830230713, -2.9236226081848145, -3.5713632106781006, -2.8431572914123535]}, "acc_test": 0.5, "precision_test": 0.6470588235294118, "recall_test": 0.55, "f1_test": 0.5945945945945946, "auc_test": 0.61}
{"name": "rank_threshold", "predictions": {"test": [-70.3812484741211, -167.76087951660156, -268.9140930175781, -62.050724029541016, -36.63005828857422, -138.85116577148438, -36.218448638916016, -268.05657958984375, -167.3511199951172, -83.9000015258789, -94.96470642089844, -277.56134033203125, -254.44586181640625, -190.19749450683594, -62.38587188720703, -100.08866882324219, -156.7801055908203, -53.9134635925293, -130.14974975585938, -270.64849853515625, -265.11932373046875, -52.696136474609375, -126.49090576171875, -68.2248764038086, -28.643564224243164, -228.88571166992188, -131.76470947265625, -54.471309661865234, -218.1525421142578, -32.64655303955078]}, "acc_test": 0.6333333333333333, "precision_test": 0.7368421052631579, "recall_test": 0.7, "f1_test": 0.717948717948718, "auc_test": 0.645}
{"name": "log_rank_threshold", "predictions": {"test": [-1.5351403951644897, -1.4486064910888672, -2.083876371383667, -1.5216152667999268, -1.5548099279403687, -1.6659784317016602, -1.4405473470687866, -1.9726663827896118, -1.696202278137207, -2.1244494915008545, -1.6404814720153809, -2.070729970932007, -1.4103633165359497, -1.698844313621521, -1.55376136302948, -1.6991870403289795, -1.7928283214569092, -1.344565510749817, -1.8222655057907104, -2.056333541870117, -2.1275479793548584, -1.503469467163086, -1.585797667503357, -1.308925986289978, -1.3782366514205933, -2.044041395187378, -1.8320798873901367, -1.4694926738739014, -1.9591493606567383, -1.4213241338729858]}, "acc_test": 0.43333333333333335, "precision_test": 0.6, "recall_test": 0.45, "f1_test": 0.5142857142857143, "auc_test": 0.59}
{"name": "entropy_threshold", "predictions": {"test": [3.5017898082733154, 3.2134454250335693, 3.8075103759765625, 3.2250869274139404, 3.2755959033966064, 3.3422482013702393, 3.292618751525879, 3.7598085403442383, 3.3550431728363037, 3.8774688243865967, 3.3182661533355713, 3.5889344215393066, 3.178894281387329, 3.5795629024505615, 3.109375476837158, 3.5847249031066895, 3.545555353164673, 3.314732074737549, 3.996861696243286, 4.037908554077148, 4.029226303100586, 3.1505231857299805, 3.421308994293213, 3.235651969909668, 3.436122179031372, 3.8157334327697754, 3.8455002307891846, 3.403770923614502, 3.7441492080688477, 3.1138768196105957]}, "acc_test": 0.5, "precision_test": 0.6470588235294118, "recall_test": 0.55, "f1_test": 0.5945945945945946, "auc_test": 0.44999999999999996}
{"name": "rank_GLTR_threshold", "predictions": {"test": [[0.74375, 0.16875, 0.06875, 0.01875], [0.782608695652174, 0.13768115942028986, 0.057971014492753624, 0.021739130434782608], [0.6257668711656442, 0.2147239263803681, 0.10429447852760736, 0.05521472392638037], [0.782608695652174, 0.13768115942028986, 0.06521739130434782, 0.014492753623188406], [0.7167630057803468, 0.21965317919075145, 0.06358381502890173, 0.0], [0.6976744186046512, 0.21395348837209302, 0.06976744186046512, 0.018604651162790697], [0.7378640776699029, 0.19902912621359223, 0.05825242718446602, 0.0048543689320388345], [0.6477987421383647, 0.23270440251572327, 0.07547169811320754, 0.0440251572327044], [0.72, 0.16, 0.09777777777777778, 0.022222222222222223], [0.63125, 0.20625, 0.14375, 0.01875], [0.7352941176470589, 0.18823529411764706, 0.058823529411764705, 0.01764705882352941], [0.6617100371747212, 0.15613382899628253, 0.11152416356877323, 0.07063197026022305], [0.7770700636942676, 0.1337579617834395, 0.07643312101910828, 0.012738853503184714], [0.7184873949579832, 0.1638655462184874, 0.07983193277310924, 0.037815126050420166], [0.7065217391304348, 0.17391304347826086, 0.10869565217391304, 0.010869565217391304], [0.7093596059113301, 0.1724137931034483, 0.09359605911330049, 0.024630541871921183], [0.675392670157068, 0.193717277486911, 0.10471204188481675, 0.02617801047120419], [0.7788461538461539, 0.14423076923076922, 0.0625, 0.014423076923076924], [0.6956521739130435, 0.17391304347826086, 0.09178743961352658, 0.03864734299516908], [0.6683168316831684, 0.16831683168316833, 0.11386138613861387, 0.04950495049504951], [0.625, 0.23863636363636365, 0.08522727272727272, 0.05113636363636364], [0.7569060773480663, 0.18232044198895028, 0.049723756906077346, 0.011049723756906077], [0.7515151515151515, 0.13333333333333333, 0.07878787878787878, 0.03636363636363636], [0.7655502392344498, 0.17703349282296652, 0.03827751196172249, 0.019138755980861243], [0.7524752475247525, 0.18811881188118812, 0.0594059405940594, 0.0], [0.64, 0.2057142857142857, 0.12571428571428572, 0.02857142857142857], [0.6951871657754011, 0.13368983957219252, 0.1443850267379679, 0.026737967914438502], [0.7540983606557377, 0.15163934426229508, 0.0778688524590164, 0.01639344262295082], [0.6652542372881356, 0.2033898305084746, 0.08050847457627118, 0.05084745762711865], [0.7543103448275862, 0.1853448275862069, 0.05603448275862069, 0.004310344827586207]]}, "acc_test": 0.4666666666666667, "precision_test": 0.6428571428571429, "recall_test": 0.45, "f1_test": 0.5294117647058824, "auc_test": 0.515}
{"name": "perturbation_10_z", "predictions": {"test": [0.6714425060031178, 0.7801501541179665, -0.27730023617350275, 0.2158844454343578, 0.3832166959038962, -0.2090401839183386, 0.2572870061089036, 0.30027380465040987, 0.8860284697032804, 1.0009708531059398, 0.06244607164021375, 0.14622267900892186, 0.2723621776202388, 0.5632073072774959, 1.016363954569056, 0.5155126271031022, 0.00995550184455416, 0.34104737300132953, 0.312085673730886, -0.31739075757548324, -0.07287589978582747, 0.2576912356889441, 0.6567830759938534, 0.627052734540103, 0.44553857735883334, -0.5939291347508311, 0.43964931197884016, 2.0915884308183665, -0.10128644513786286, 0.11869284172587942]}, "info": {"pct_words_masked": 0.3, "span_length": 2, "n_perturbations": 10}, "general": {"acc_test": 0.5, "precision_test": 0.6923076923076923, "recall_test": 0.45, "f1_test": 0.5454545454545455, "auc_test": 0.45499999999999996}}
{"name": "GPT-sentinel", "acc": 0.8}
{"name": "roberta-base-openai-detector", "predictions": {"test": [0.00036538479616865516, 0.0006019168067723513, 0.0070493887178599834, 0.3960561156272888, 0.0015214940067380667, 0.00025106777320615947, 0.0003038099384866655, 0.00017047162691596895, 0.00019019775209017098, 0.0007740046130493283, 0.00018256111070513725, 0.00017324950022157282, 0.0007172563346102834, 0.00019212525512557477, 0.00016779698489699513, 0.00017349483096040785, 0.000204496958758682, 0.07753292471170425, 0.0001799554011086002, 0.00021719479991588742, 0.00019914741278626025, 0.01094910129904747, 0.17016372084617615, 0.00017344158550258726, 0.00042777881026268005, 0.00022685165458824486, 0.00017415084585081786, 0.0002515496453270316, 0.00029375150916166604, 0.005808474030345678]}, "logits": {"test": [-4.2828192710876465, -4.008164405822754, -2.639056921005249, -0.2771100699901581, -3.4995646476745605, -4.488699913024902, -4.376410961151123, -4.700935363769531, -4.6412763595581055, -3.855821132659912, -4.670619487762451, -4.690854549407959, -3.9080333709716797, -4.639037609100342, -4.718014717102051, -4.695876598358154, -4.6057448387146, -1.3304933309555054, -4.672908782958984, -4.566007137298584, -4.618623733520508, -2.4255259037017822, -0.8630501627922058, -4.701700210571289, -4.199494361877441, -4.549034595489502, -4.698614597320557, -4.488131999969482, -4.401134014129639, -2.740957021713257]}, "acc_test": 0.3333333333333333, "precision_test": 0.0, "recall_test": 0.0, "f1_test": 0.0, "auc_test": 0.41000000000000003, "preds": [0.00036538479616865516, 0.0015214940067380667, 0.00025106777320615947, 0.0003038099384866655, 0.00019019775209017098, 0.00017324950022157282, 0.00019212525512557477, 0.00017349483096040785, 0.000204496958758682, 0.07753292471170425, 0.0001799554011086002, 0.00021719479991588742, 0.01094910129904747, 0.00017344158550258726, 0.00042777881026268005, 0.00022685165458824486, 0.00017415084585081786, 0.0002515496453270316, 0.00029375150916166604, 0.005808474030345678]}
{"name": "Hello-SimpleAI/chatgpt-detector-roberta", "predictions": {"test": [0.9602715969085693, 0.2961522042751312, 0.0010523735545575619, 0.29011279344558716, 0.9917281866073608, 0.0015553797129541636, 0.9904239773750305, 0.0005411423044279218, 0.0343228355050087, 0.0003773464122787118, 0.020718751475214958, 0.006798902526497841, 0.05228780582547188, 0.24861624836921692, 0.055933061987161636, 0.20332790911197662, 0.000340228492859751, 0.09952472895383835, 0.0008697001030668616, 0.00048402001266367733, 0.0014153671218082309, 0.9847715497016907, 0.10417580604553223, 0.9755304455757141, 0.25902605056762695, 0.005987681448459625, 0.004649501293897629, 0.0028739571571350098, 0.002895218087360263, 0.04094619303941727]}, "logits": {"test": [1.509124517440796, -0.5711267590522766, -3.175966262817383, -0.5846733450889587, 2.191377639770508, -3.021580696105957, 2.129237413406372, -3.4271328449249268, -1.6869603395462036, -3.553354501724243, -1.9158072471618652, -2.406092405319214, -1.4918442964553833, -0.6824854612350464, -1.4601277112960815, -0.8027140498161316, -3.5876100063323975, -1.1817238330841064, -3.2496347427368164, -3.467242956161499, -3.059243679046631, 1.9304178953170776, -1.1532363891601562, 1.7240229845046997, -0.6567947864532471, -2.4607577323913574, -2.5687787532806396, -2.7709200382232666, -2.7678635120391846, -1.6057294607162476]}, "acc_test": 0.5, "precision_test": 1.0, "recall_test": 0.25, "f1_test": 0.4, "auc_test": 0.59, "preds": [0.9602715969085693, 0.9917281866073608, 0.0015553797129541636, 0.9904239773750305, 0.0343228355050087, 0.006798902526497841, 0.24861624836921692, 0.20332790911197662, 0.000340228492859751, 0.09952472895383835, 0.0008697001030668616, 0.00048402001266367733, 0.9847715497016907, 0.9755304455757141, 0.25902605056762695, 0.005987681448459625, 0.004649501293897629, 0.0028739571571350098, 0.002895218087360263, 0.04094619303941727]}
{"name": "distilbert-base-uncased", "predictions": {"test": [0.9944625496864319, 0.01670544035732746, 0.0006637359037995338, 0.0031397854909300804, 0.9958876967430115, 0.9957857728004456, 0.996390163898468, 0.4122515618801117, 0.9945105314254761, 0.0008632923127152026, 0.5146441459655762, 0.9977155923843384, 0.17095205187797546, 0.99604332447052, 0.9952656030654907, 0.9971466660499573, 0.9972944855690002, 0.9971330165863037, 0.37155449390411377, 0.003037533489987254, 0.00033667648676782846, 0.9978551268577576, 0.019998254254460335, 0.9777596592903137, 0.9976907968521118, 0.9501922726631165, 0.9959432482719421, 0.995712399482727, 0.9920542240142822, 0.9972889423370361]}, "logits": {"test": [2.8678042888641357, -2.142063617706299, -3.7657382488250732, -2.9556920528411865, 3.021301507949829, 3.0254507064819336, 3.0907413959503174, -0.1183740496635437, 2.9174108505249023, -3.644803047180176, 0.13553526997566223, 3.3556151390075684, -0.7811700701713562, 3.0845513343811035, 2.849266767501831, 3.2390334606170654, 3.2595248222351074, 3.191406726837158, -0.230338916182518, -2.970731735229492, -4.141087532043457, 3.3583216667175293, -1.9784985780715942, 2.0945470333099365, 3.3384549617767334, 1.689289927482605, 3.0587995052337646, 3.0442094802856445, 2.6731319427490234, 3.249882698059082]}, "acc_test": 0.8666666666666667, "precision_test": 0.9, "recall_test": 0.9, "f1_test": 0.9, "auc_test": 0.925, "preds": [0.9944625496864319, 0.9958876967430115, 0.9957857728004456, 0.996390163898468, 0.9945105314254761, 0.9977155923843384, 0.99604332447052, 0.9971466660499573, 0.9972944855690002, 0.9971330165863037, 0.37155449390411377, 0.003037533489987254, 0.9978551268577576, 0.9777596592903137, 0.9976907968521118, 0.9501922726631165, 0.9959432482719421, 0.995712399482727, 0.9920542240142822, 0.9972889423370361]}
{"name": "Radar", "total_logits": [[[2.481694459915161, -2.447411298751831]], [[-0.6718929409980774, 0.36069440841674805]], [[-1.9705919027328491, 1.67371666431427]], [[-0.7835404276847839, 0.17914941906929016]], [[1.579037070274353, -1.9534296989440918]], [[-0.14553965628147125, -0.256149560213089]], [[0.9049831628799438, -1.5900516510009766]], [[-2.3523497581481934, 2.227031707763672]], [[-2.2771921157836914, 1.961469054222107]], [[-2.7197611331939697, 2.5483388900756836]], [[0.2624127268791199, -0.7091326713562012]], [[-1.9219173192977905, 1.665266990661621]], [[0.3692941665649414, -0.5989988446235657]], [[-0.19663748145103455, -0.3536837697029114]], [[-2.3632447719573975, 2.206724166870117]], [[0.5442740321159363, -1.0050053596496582]], [[0.8518081307411194, -1.1376103162765503]], [[3.106065273284912, -3.10959529876709]], [[-0.051030080765485764, -0.3538818955421448]], [[0.2748997211456299, -0.9364334940910339]], [[-2.877396821975708, 2.5877387523651123]], [[2.023202419281006, -2.065854072570801]], [[-0.37211108207702637, 0.013708221726119518]], [[0.8804879188537598, -1.1960042715072632]], [[0.06487070024013519, -0.3176063597202301]], [[0.6911203265190125, -1.092760682106018]], [[-0.5506236553192139, -0.07607360929250717]], [[-0.46575307846069336, -0.009271354414522648]], [[1.1567617654800415, -1.570109486579895]], [[0.692200243473053, -1.0349442958831787]]], "acc": 0.8, "Notice": "LABEL_0 stands for MGT and LABEL_1 stands for HWT."}
