{"name": "likelihood_threshold", "predictions": {"test": [-2.224348783493042, -3.9512698650360107, -3.7008910179138184, -3.713371992111206, -2.3158507347106934, -3.3145384788513184, -2.3539912700653076, -3.447888135910034, -2.469748020172119, -3.5218703746795654, -3.9339778423309326, -2.918565511703491, -2.9934275150299072, -2.7532944679260254, -3.1500580310821533, -2.432509660720825, -3.0105226039886475, -3.6571483612060547, -3.039008617401123, -2.377828359603882, -3.553410768508911, -2.3163464069366455, -3.4970498085021973, -3.499328851699829, -3.6540067195892334, -2.817586898803711, -2.88389253616333, -1.8404045104980469, -2.25759220123291, -2.6797103881835938]}, "acc_test": 0.8, "precision_test": 0.8888888888888888, "recall_test": 0.8, "f1_test": 0.8421052631578948, "auc_test": 0.9}
{"name": "rank_threshold", "predictions": {"test": [-62.78512191772461, -199.039306640625, -212.19183349609375, -200.49020385742188, -41.585105895996094, -456.3235168457031, -25.59503936767578, -157.09361267089844, -68.09677124023438, -154.4160614013672, -206.4923858642578, -40.215911865234375, -73.66431427001953, -117.82014465332031, -134.265380859375, -88.0157470703125, -99.67195129394531, -472.7404479980469, -211.3333282470703, -75.9920654296875, -128.3069610595703, -58.2833366394043, -168.75, -187.76864624023438, -471.1748046875, -316.6327819824219, -87.36666870117188, -7.3828125, -9.871559143066406, -88.06977081298828]}, "acc_test": 0.6333333333333333, "precision_test": 0.7368421052631579, "recall_test": 0.7, "f1_test": 0.717948717948718, "auc_test": 0.695}
{"name": "log_rank_threshold", "predictions": {"test": [-0.9467494487762451, -2.0914995670318604, -2.0201432704925537, -2.043466329574585, -1.0923961400985718, -1.7979295253753662, -1.056881070137024, -1.856918215751648, -1.233963966369629, -1.869011640548706, -2.1683452129364014, -1.4478453397750854, -1.5416611433029175, -1.3370084762573242, -1.6469868421554565, -1.1147634983062744, -1.5875579118728638, -2.0724198818206787, -1.5608760118484497, -0.9990922212600708, -1.943818211555481, -1.0805710554122925, -1.8808226585388184, -1.8235026597976685, -2.082206964492798, -1.5037062168121338, -1.4823721647262573, -0.7231109738349915, -0.9840202927589417, -1.3123277425765991]}, "acc_test": 0.8, "precision_test": 0.8888888888888888, "recall_test": 0.8, "f1_test": 0.8421052631578948, "auc_test": 0.89}
{"name": "entropy_threshold", "predictions": {"test": [3.286043882369995, 4.008157253265381, 3.841536045074463, 3.791271924972534, 2.789924383163452, 3.5855493545532227, 3.199099540710449, 3.7115938663482666, 3.1246912479400635, 3.7713141441345215, 4.013477325439453, 3.302049160003662, 3.6880767345428467, 3.546083450317383, 3.302044630050659, 3.4566495418548584, 3.124307155609131, 3.920661687850952, 3.430191993713379, 3.6987695693969727, 3.617408275604248, 3.1443960666656494, 3.5434958934783936, 3.6897103786468506, 4.226161479949951, 3.3050968647003174, 2.992021322250366, 2.9603896141052246, 3.2323148250579834, 3.2814536094665527]}, "acc_test": 0.7666666666666667, "precision_test": 0.9333333333333333, "recall_test": 0.7, "f1_test": 0.8, "auc_test": 0.8300000000000001}
{"name": "rank_GLTR_threshold", "predictions": {"test": [[0.8512396694214877, 0.10743801652892562, 0.03305785123966942, 0.008264462809917356], [0.6157205240174672, 0.2445414847161572, 0.09606986899563319, 0.043668122270742356], [0.6408163265306123, 0.23673469387755103, 0.06938775510204082, 0.053061224489795916], [0.6392156862745098, 0.21176470588235294, 0.11764705882352941, 0.03137254901960784], [0.8297872340425532, 0.1276595744680851, 0.031914893617021274, 0.010638297872340425], [0.7058823529411765, 0.16176470588235295, 0.08823529411764706, 0.04411764705882353], [0.859504132231405, 0.09090909090909091, 0.04132231404958678, 0.008264462809917356], [0.6936170212765957, 0.17872340425531916, 0.0851063829787234, 0.0425531914893617], [0.7580645161290323, 0.1532258064516129, 0.07258064516129033, 0.016129032258064516], [0.6970802919708029, 0.16058394160583941, 0.10583941605839416, 0.0364963503649635], [0.6142131979695431, 0.2131979695431472, 0.1319796954314721, 0.04060913705583756], [0.7329545454545454, 0.19886363636363635, 0.0625, 0.005681818181818182], [0.7173144876325088, 0.19081272084805653, 0.07420494699646643, 0.0176678445229682], [0.7482014388489209, 0.16546762589928057, 0.07194244604316546, 0.014388489208633094], [0.7115384615384616, 0.16923076923076924, 0.1, 0.019230769230769232], [0.8346456692913385, 0.11023622047244094, 0.031496062992125984, 0.023622047244094488], [0.708994708994709, 0.2222222222222222, 0.047619047619047616, 0.021164021164021163], [0.6793893129770993, 0.1297709923664122, 0.12213740458015267, 0.06870229007633588], [0.75177304964539, 0.1773049645390071, 0.04964539007092199, 0.02127659574468085], [0.8492063492063492, 0.09523809523809523, 0.03968253968253968, 0.015873015873015872], [0.6677215189873418, 0.18670886075949367, 0.11708860759493671, 0.028481012658227847], [0.8583333333333333, 0.09166666666666666, 0.03333333333333333, 0.016666666666666666], [0.6693548387096774, 0.1935483870967742, 0.10887096774193548, 0.028225806451612902], [0.6716417910447762, 0.22388059701492538, 0.05970149253731343, 0.04477611940298507], [0.6503496503496503, 0.1888111888111888, 0.0979020979020979, 0.06293706293706294], [0.7740112994350282, 0.10734463276836158, 0.07344632768361582, 0.04519774011299435], [0.75, 0.14166666666666666, 0.08333333333333333, 0.025], [0.8984375, 0.0859375, 0.015625, 0.0], [0.8348623853211009, 0.13761467889908258, 0.027522935779816515, 0.0], [0.7906976744186046, 0.13178294573643412, 0.05426356589147287, 0.023255813953488372]]}, "acc_test": 0.8333333333333334, "precision_test": 1.0, "recall_test": 0.75, "f1_test": 0.8571428571428571, "auc_test": 0.895}
{"name": "perturbation_10_z", "predictions": {"test": [2.976197901198261, 0.1626821129521602, 0.10870784121800123, 1.1768093233133257, 0.8875465750216754, 0.7958488755821261, 0.9147422520423282, 0.7336329128554941, 0.08725415618567729, -1.121734813934665, -0.023398489222778145, -0.3091239852207248, 1.8343616716427005, 0.9655610778518787, 0.71842763169465, 0.9272345165092116, 0.9802496572666081, 0.9275644172420027, 1.219475085602699, 1.647869265271701, 0.5510701118816483, 0.677210803347136, -0.032333008919818655, 1.0483936737165047, -0.039487050542105454, 0.490751513154267, -0.3135904922440775, 1.4640967884589051, 1.4432882751637464, 0.16095843837738102]}, "info": {"pct_words_masked": 0.3, "span_length": 2, "n_perturbations": 10}, "general": {"acc_test": 0.6666666666666666, "precision_test": 0.75, "recall_test": 0.75, "f1_test": 0.75, "auc_test": 0.6549999999999999}}
{"name": "GPT-sentinel", "acc": 0.8666666666666667}
{"name": "roberta-base-openai-detector", "predictions": {"test": [0.6487926840782166, 0.0002568842319305986, 0.9734352231025696, 0.00039614466368220747, 0.22267703711986542, 0.0005567613989114761, 0.9582013487815857, 0.0003239311627112329, 0.005334550514817238, 0.0001782568433554843, 0.0001767658832250163, 0.5790706276893616, 0.00044601745321415365, 0.6848611831665039, 0.00017364892119076103, 0.9991481304168701, 0.00022718282707501203, 0.00018279904907103628, 0.00017335626762360334, 0.9998083710670471, 0.0004382232727948576, 0.9977850914001465, 0.0002069103647954762, 0.00017562544962856919, 0.00016720556595828384, 0.7689022421836853, 0.006536650471389294, 0.9998267292976379, 0.9998219609260559, 0.9887056946754456]}, "logits": {"test": [0.2403813749551773, -4.473326206207275, 1.8892104625701904, -4.22281551361084, -0.7312391996383667, -4.054507732391357, 1.5604557991027832, -4.340463161468506, -2.804431676864624, -4.678540229797363, -4.671727180480957, 0.10391168296337128, -4.158276557922363, 0.3308142125606537, -4.691444396972656, 3.749152898788452, -4.551866054534912, -4.657269477844238, -4.693411350250244, 4.656050205230713, -4.1685261726379395, 3.2009716033935547, -4.596930503845215, -4.693889141082764, -4.717746734619141, 0.5609387755393982, -2.701228618621826, 4.704310894012451, 4.679162979125977, 2.295599937438965]}, "acc_test": 0.6666666666666666, "precision_test": 0.9166666666666666, "recall_test": 0.55, "f1_test": 0.6874999999999999, "auc_test": 0.745, "preds": [0.6487926840782166, 0.22267703711986542, 0.0005567613989114761, 0.9582013487815857, 0.005334550514817238, 0.5790706276893616, 0.6848611831665039, 0.9991481304168701, 0.00022718282707501203, 0.00018279904907103628, 0.00017335626762360334, 0.9998083710670471, 0.9977850914001465, 0.00017562544962856919, 0.00016720556595828384, 0.7689022421836853, 0.006536650471389294, 0.9998267292976379, 0.9998219609260559, 0.9887056946754456]}
{"name": "Hello-SimpleAI/chatgpt-detector-roberta", "predictions": {"test": [0.8773019909858704, 0.002418839605525136, 0.0011798447230830789, 0.0009446879848837852, 0.9992268085479736, 0.9943550825119019, 0.999237060546875, 0.1826602965593338, 0.29767364263534546, 0.0004979149671271443, 0.24575850367546082, 0.007985475473105907, 0.9966118931770325, 0.9827942848205566, 0.2886775732040405, 0.10135356336832047, 0.34688320755958557, 0.008385579101741314, 0.025417832657694817, 0.9992392063140869, 0.01212166529148817, 0.9992420673370361, 0.016832375898957253, 0.0005640131421387196, 0.01919391192495823, 0.026747899129986763, 0.0009962606709450483, 0.999241828918457, 0.9992462396621704, 0.9992245435714722]}, "logits": {"test": [0.9817967414855957, -2.8422000408172607, -3.131237268447876, -3.2178189754486084, 3.12322735786438, 2.3521621227264404, 3.1239078044891357, -0.8635990619659424, -0.5676467418670654, -3.4571456909179688, -0.6895767450332642, -2.3365025520324707, 2.5635826587677, 1.8776122331619263, -0.587764322757721, -1.172655463218689, -0.4639366567134857, -2.3152852058410645, -1.8237022161483765, 3.123948574066162, -2.154064893722534, 3.1242287158966064, -2.0086772441864014, -3.4120547771453857, -1.9500752687454224, -1.8006103038787842, -3.197255849838257, 3.124329090118408, 3.1248795986175537, 3.1228182315826416]}, "acc_test": 0.6333333333333333, "precision_test": 0.9090909090909091, "recall_test": 0.5, "f1_test": 0.6451612903225806, "auc_test": 0.75, "preds": [0.8773019909858704, 0.9992268085479736, 0.9943550825119019, 0.999237060546875, 0.29767364263534546, 0.007985475473105907, 0.9827942848205566, 0.10135356336832047, 0.34688320755958557, 0.008385579101741314, 0.025417832657694817, 0.9992392063140869, 0.9992420673370361, 0.0005640131421387196, 0.01919391192495823, 0.026747899129986763, 0.0009962606709450483, 0.999241828918457, 0.9992462396621704, 0.9992245435714722]}
{"name": "distilbert-base-uncased", "predictions": {"test": [0.9667180776596069, 0.0004200188850518316, 0.0004320602456573397, 0.0004342745232861489, 0.9909780025482178, 0.7334791421890259, 0.7949917316436768, 0.0005283401696942747, 0.9320226311683655, 0.0004023084184154868, 0.0003618229820858687, 0.7516724467277527, 0.0004806233337149024, 0.8928816318511963, 0.000508739787619561, 0.7366011142730713, 0.9813073873519897, 0.9105432033538818, 0.014571359381079674, 0.9744502902030945, 0.00037906787474639714, 0.8696215748786926, 0.0004633354546967894, 0.3523150682449341, 0.9608101844787598, 0.6723634600639343, 0.8937077522277832, 0.9738057255744934, 0.8101757168769836, 0.40823429822921753]}, "logits": {"test": [1.8579611778259277, -4.026759624481201, -3.9813053607940674, -3.9900853633880615, 2.507843255996704, 0.6052907109260559, 0.6638920307159424, -3.876981735229492, 1.4183070659637451, -4.0188398361206055, -4.082870960235596, 0.6027607321739197, -3.9114909172058105, 1.1215925216674805, -3.895134687423706, 0.49529165029525757, 2.1288492679595947, 1.215246558189392, -2.111668109893799, 1.971754550933838, -4.058708190917969, 0.9617674946784973, -3.9445388317108154, -0.3082593083381653, 1.6924805641174316, 0.32440024614334106, 1.1626057624816895, 1.8761777877807617, 0.7130194902420044, -0.19309848546981812]}, "acc_test": 0.9, "precision_test": 1.0, "recall_test": 0.85, "f1_test": 0.9189189189189189, "auc_test": 1.0, "preds": [0.9667180776596069, 0.9909780025482178, 0.7334791421890259, 0.7949917316436768, 0.9320226311683655, 0.7516724467277527, 0.8928816318511963, 0.7366011142730713, 0.9813073873519897, 0.9105432033538818, 0.014571359381079674, 0.9744502902030945, 0.8696215748786926, 0.3523150682449341, 0.9608101844787598, 0.6723634600639343, 0.8937077522277832, 0.9738057255744934, 0.8101757168769836, 0.40823429822921753]}
{"name": "Radar", "total_logits": [[[3.259753465652466, -3.3984575271606445]], [[-2.5531818866729736, 2.36850905418396]], [[-1.0063273906707764, 0.41275107860565186]], [[-1.8536770343780518, 1.4049183130264282]], [[3.2158501148223877, -3.642397403717041]], [[2.676307439804077, -2.8428761959075928]], [[0.948173999786377, -1.3957879543304443]], [[-2.544130563735962, 2.3693909645080566]], [[2.5478076934814453, -3.013141393661499]], [[-1.3146765232086182, 1.0626448392868042]], [[-2.39363431930542, 2.108981132507324]], [[-1.821939468383789, 1.4125760793685913]], [[-1.5092662572860718, 1.1558347940444946]], [[2.336468458175659, -2.666538953781128]], [[-2.79282283782959, 2.4654970169067383]], [[2.020875930786133, -2.671786069869995]], [[-1.0910937786102295, 0.832000732421875]], [[2.7610185146331787, -2.8150644302368164]], [[2.336618661880493, -2.4660894870758057]], [[3.6376428604125977, -3.7854597568511963]], [[-2.260784387588501, 1.7640856504440308]], [[3.541378974914551, -3.8283638954162598]], [[-1.8957880735397339, 1.5424555540084839]], [[1.1461366415023804, -1.7760955095291138]], [[1.7913867235183716, -2.3973872661590576]], [[2.2032382488250732, -2.9072999954223633]], [[1.7240431308746338, -2.2458672523498535]], [[3.0276355743408203, -3.352102756500244]], [[3.171144723892212, -3.3706352710723877]], [[1.787644863128662, -2.0032577514648438]]], "acc": 0.9333333333333333, "Notice": "LABEL_0 stands for MGT and LABEL_1 stands for HWT."}
