{"name": "likelihood_threshold", "predictions": {"test": [-3.312079668045044, -2.92744517326355, -3.797938346862793, -3.064150333404541, -3.4135780334472656, -3.58821177482605, -3.939885139465332, -3.67740797996521, -3.1066339015960693, -3.86555552482605, -3.1256484985351562, -3.4184086322784424, -2.8097174167633057, -3.594822645187378, -2.890608310699463, -3.486048698425293, -3.799470901489258, -3.858944892883301, -3.104623794555664, -4.267052173614502, -3.8537118434906006, -2.9926259517669678, -3.143124580383301, -2.8798165321350098, -3.2657299041748047, -3.8716683387756348, -3.663397789001465, -3.880352735519409, -3.8187601566314697, -3.456827163696289]}, "acc_test": 0.26666666666666666, "precision_test": 0.4, "recall_test": 0.2, "f1_test": 0.26666666666666666, "auc_test": 0.345}
{"name": "rank_threshold", "predictions": {"test": [-160.56756591796875, -167.76087951660156, -268.9140930175781, -62.050724029541016, -107.60150909423828, -62.62416076660156, -186.00794982910156, -268.05657958984375, -141.38497924804688, -83.9000015258789, -94.96470642089844, -289.1564025878906, -254.44586181640625, -140.0127410888672, -62.38587188720703, -153.95211791992188, -260.2648620605469, -231.55479431152344, -251.77369689941406, -599.606689453125, -265.11932373046875, -86.67484283447266, -126.49090576171875, -48.491329193115234, -74.70689392089844, -159.4729766845703, -229.3832550048828, -235.83193969726562, -206.159423828125, -65.00775146484375]}, "acc_test": 0.5333333333333333, "precision_test": 0.6875, "recall_test": 0.55, "f1_test": 0.6111111111111112, "auc_test": 0.49500000000000005}
{"name": "log_rank_threshold", "predictions": {"test": [-1.7783929109573364, -1.4486064910888672, -2.083876371383667, -1.5216152667999268, -1.8461198806762695, -1.9518190622329712, -2.2868669033050537, -1.9726663827896118, -1.6292673349380493, -2.1244494915008545, -1.6404814720153809, -1.9341192245483398, -1.4103633165359497, -1.9849047660827637, -1.55376136302948, -1.94295072555542, -2.1171140670776367, -2.1877145767211914, -1.6346153020858765, -2.478893756866455, -2.1275479793548584, -1.4868544340133667, -1.585797667503357, -1.4923990964889526, -1.7601970434188843, -2.1351802349090576, -2.0811305046081543, -2.169881582260132, -2.1018049716949463, -1.851664423942566]}, "acc_test": 0.26666666666666666, "precision_test": 0.4, "recall_test": 0.2, "f1_test": 0.26666666666666666, "auc_test": 0.32}
{"name": "entropy_threshold", "predictions": {"test": [3.3785629272460938, 3.2134454250335693, 3.8075103759765625, 3.2250869274139404, 3.2505345344543457, 3.4537856578826904, 3.824138641357422, 3.7598085403442383, 3.0934066772460938, 3.8774688243865967, 3.3182661533355713, 3.5526134967803955, 3.178894281387329, 3.6400885581970215, 3.109375476837158, 3.5975921154022217, 4.158962249755859, 3.9088528156280518, 3.2470285892486572, 4.342184543609619, 4.029226303100586, 3.2953972816467285, 3.421308994293213, 3.3110156059265137, 3.663365125656128, 3.8734965324401855, 3.975806951522827, 3.6068758964538574, 3.6838839054107666, 3.523791551589966]}, "acc_test": 0.36666666666666664, "precision_test": 0.5384615384615384, "recall_test": 0.35, "f1_test": 0.4242424242424242, "auc_test": 0.385}
{"name": "rank_GLTR_threshold", "predictions": {"test": [[0.6891891891891891, 0.14864864864864866, 0.13513513513513514, 0.02702702702702703], [0.782608695652174, 0.13768115942028986, 0.057971014492753624, 0.021739130434782608], [0.6257668711656442, 0.2147239263803681, 0.10429447852760736, 0.05521472392638037], [0.782608695652174, 0.13768115942028986, 0.06521739130434782, 0.014492753623188406], [0.6917293233082706, 0.18045112781954886, 0.10526315789473684, 0.022556390977443608], [0.6308724832214765, 0.21476510067114093, 0.1476510067114094, 0.006711409395973154], [0.5873015873015873, 0.18253968253968253, 0.15873015873015872, 0.07142857142857142], [0.6477987421383647, 0.23270440251572327, 0.07547169811320754, 0.0440251572327044], [0.6948356807511737, 0.19718309859154928, 0.07981220657276995, 0.028169014084507043], [0.63125, 0.20625, 0.14375, 0.01875], [0.7352941176470589, 0.18823529411764706, 0.058823529411764705, 0.01764705882352941], [0.6635071090047393, 0.16113744075829384, 0.11848341232227488, 0.05687203791469194], [0.7770700636942676, 0.1337579617834395, 0.07643312101910828, 0.012738853503184714], [0.6687898089171974, 0.16560509554140126, 0.12738853503184713, 0.03821656050955414], [0.7065217391304348, 0.17391304347826086, 0.10869565217391304, 0.010869565217391304], [0.6223404255319149, 0.22872340425531915, 0.1276595744680851, 0.02127659574468085], [0.6432432432432432, 0.15675675675675677, 0.11351351351351352, 0.08648648648648649], [0.6301369863013698, 0.17123287671232876, 0.13013698630136986, 0.0684931506849315], [0.7421052631578947, 0.14210526315789473, 0.07368421052631578, 0.042105263157894736], [0.5466666666666666, 0.24, 0.13333333333333333, 0.08], [0.625, 0.23863636363636365, 0.08522727272727272, 0.05113636363636364], [0.7484662576687117, 0.17791411042944785, 0.049079754601226995, 0.024539877300613498], [0.7515151515151515, 0.13333333333333333, 0.07878787878787878, 0.03636363636363636], [0.7514450867052023, 0.17341040462427745, 0.06358381502890173, 0.011560693641618497], [0.6724137931034483, 0.23275862068965517, 0.07758620689655173, 0.017241379310344827], [0.5945945945945946, 0.27702702702702703, 0.0945945945945946, 0.033783783783783786], [0.6299559471365639, 0.22466960352422907, 0.09251101321585903, 0.05286343612334802], [0.6470588235294118, 0.18487394957983194, 0.14285714285714285, 0.025210084033613446], [0.6521739130434783, 0.18840579710144928, 0.09420289855072464, 0.06521739130434782], [0.6434108527131783, 0.23255813953488372, 0.10852713178294573, 0.015503875968992248]]}, "acc_test": 0.26666666666666666, "precision_test": 0.375, "recall_test": 0.15, "f1_test": 0.21428571428571425, "auc_test": 0.325}
{"name": "perturbation_10_z", "predictions": {"test": [0.5571397151695102, 0.8343156458503999, -0.0317619968541899, 0.25005526784765914, 0.910626422656738, 0.04095494195074471, 0.1975089960342269, 0.16335341419568483, 0.8188857627912016, 0.6514481424104314, 0.6255695890726853, -0.6889738201626346, 0.3059827484741459, -0.13784466428019587, 2.110430559028558, 0.3860889886975937, -0.35885021615803303, 0.6245576343040539, -0.03392648326763832, 0.1587204693997681, 0.5333403115484182, -0.3825982237941618, 0.617657399295388, 0.6299268503297988, 0.8080228301982347, -0.1926154885728324, 0.1990422738985662, -0.21496490044353178, -0.21093754117855767, 0.06615868120352471]}, "info": {"pct_words_masked": 0.3, "span_length": 2, "n_perturbations": 10}, "general": {"acc_test": 0.36666666666666664, "precision_test": 0.5384615384615384, "recall_test": 0.35, "f1_test": 0.4242424242424242, "auc_test": 0.27}}
{"name": "GPT-sentinel", "acc": 0.9666666666666667}
{"name": "roberta-base-openai-detector", "predictions": {"test": [0.00018745876150205731, 0.0006019133725203574, 0.00704935472458601, 0.39605432748794556, 0.00018304619879927486, 0.00026458801585249603, 0.0022735039237886667, 0.00017047162691596895, 0.0009684519027359784, 0.0007740001892670989, 0.00018256128532812, 0.00017677817959338427, 0.0007172590121626854, 0.00017631828086450696, 0.00016779698489699513, 0.0001853988942457363, 0.00021091884991619736, 0.0001691836368991062, 0.00019794511899817735, 0.5512685179710388, 0.00019914741278626025, 0.8475365042686462, 0.17016460001468658, 0.00017538451356813312, 0.0001763853506417945, 0.00016869780665729195, 0.00019316509133204818, 0.0035327356308698654, 0.00024733072496019304, 0.12942494451999664]}, "logits": {"test": [-4.656191349029541, -4.0081682205200195, -2.63905930519104, -0.2771139442920685, -4.668061256408691, -4.4619245529174805, -3.2553350925445557, -4.700935363769531, -3.715806722640991, -3.8558242321014404, -4.670618534088135, -4.68535041809082, -3.908031702041626, -4.691993236541748, -4.718014717102051, -4.6574931144714355, -4.583419322967529, -4.713337421417236, -4.619444370269775, 0.04733680933713913, -4.618623733520508, 0.8303861618041992, -0.8630470037460327, -4.693536281585693, -4.691915035247803, -4.713874816894531, -4.635303020477295, -3.0370049476623535, -4.500588893890381, -1.0569977760314941]}, "acc_test": 0.4, "precision_test": 1.0, "recall_test": 0.1, "f1_test": 0.18181818181818182, "auc_test": 0.43, "preds": [0.00018745876150205731, 0.00018304619879927486, 0.00026458801585249603, 0.0022735039237886667, 0.0009684519027359784, 0.00017677817959338427, 0.00017631828086450696, 0.0001853988942457363, 0.00021091884991619736, 0.0001691836368991062, 0.00019794511899817735, 0.5512685179710388, 0.8475365042686462, 0.00017538451356813312, 0.0001763853506417945, 0.00016869780665729195, 0.00019316509133204818, 0.0035327356308698654, 0.00024733072496019304, 0.12942494451999664]}
{"name": "Hello-SimpleAI/chatgpt-detector-roberta", "predictions": {"test": [0.00209422898478806, 0.2961519956588745, 0.0010523765813559294, 0.29011258482933044, 0.8781440258026123, 0.0005781807121820748, 0.0004930818104185164, 0.0005411433521658182, 0.9386172294616699, 0.0003773464122787118, 0.02071869932115078, 0.2546848654747009, 0.05228765681385994, 0.12886902689933777, 0.05593307316303253, 0.019694464281201363, 0.003837983589619398, 0.001416215905919671, 0.022982915863394737, 0.00046290020691230893, 0.0014153671218082309, 0.9735038876533508, 0.10417945683002472, 0.8586435317993164, 0.0008583785383962095, 0.03149138018488884, 0.0012815576046705246, 0.00035450729774311185, 0.000498807814437896, 0.0005717640742659569]}, "logits": {"test": [-2.9012563228607178, -0.5711274147033691, -3.1759653091430664, -0.5846738219261169, 0.9853180646896362, -3.4029719829559326, -3.4606313705444336, -3.4271323680877686, 1.3114420175552368, -3.5533549785614014, -1.9158084392547607, -0.66749107837677, -1.491845726966858, -1.050789713859558, -1.460127592086792, -1.9385324716567993, -2.649914026260376, -3.0590057373046875, -1.8691619634628296, -3.483039617538452, -3.059243679046631, 1.689024567604065, -1.1532186269760132, 0.9110018014907837, -3.254652500152588, -1.7263418436050415, -3.098642110824585, -3.574127197265625, -3.456510305404663, -3.4070627689361572]}, "acc_test": 0.4666666666666667, "precision_test": 1.0, "recall_test": 0.2, "f1_test": 0.33333333333333337, "auc_test": 0.47, "preds": [0.00209422898478806, 0.8781440258026123, 0.0005781807121820748, 0.0004930818104185164, 0.9386172294616699, 0.2546848654747009, 0.12886902689933777, 0.019694464281201363, 0.003837983589619398, 0.001416215905919671, 0.022982915863394737, 0.00046290020691230893, 0.9735038876533508, 0.8586435317993164, 0.0008583785383962095, 0.03149138018488884, 0.0012815576046705246, 0.00035450729774311185, 0.000498807814437896, 0.0005717640742659569]}
{"name": "distilbert-base-uncased", "predictions": {"test": [0.9971805810928345, 0.01670541614294052, 0.0006637359037995338, 0.0031397854909300804, 0.9969632029533386, 0.9884981513023376, 0.9924196600914001, 0.4122520089149475, 0.9906833171844482, 0.0008632923127152026, 0.5146455764770508, 0.9929907321929932, 0.17095157504081726, 0.9933128952980042, 0.9952656030654907, 0.06485521793365479, 0.9964807629585266, 0.9937419295310974, 0.996239185333252, 0.9766349792480469, 0.00033667648676782846, 0.9976643323898315, 0.019998254254460335, 0.996911346912384, 0.9979172348976135, 0.04429180547595024, 0.9948585033416748, 0.9969149827957153, 0.6800794005393982, 0.997061550617218]}, "logits": {"test": [3.1519975662231445, -2.142064332962036, -3.765738010406494, -2.9556922912597656, 3.0788700580596924, 2.4682962894439697, 2.6280674934387207, -0.11837293207645416, 2.5882067680358887, -3.644803285598755, 0.13553836941719055, 2.6560616493225098, -0.7811716794967651, 2.782414674758911, 2.8492679595947266, -1.2251708507537842, 3.131227731704712, 2.759901762008667, 3.0891268253326416, 2.060586452484131, -4.141087532043457, 3.2893311977386475, -1.9784985780715942, 3.192810535430908, 3.3995933532714844, -1.4858397245407104, 2.8912248611450195, 3.1781997680664062, 0.4940441846847534, 3.2174572944641113]}, "acc_test": 0.8666666666666667, "precision_test": 0.9, "recall_test": 0.9, "f1_test": 0.9, "auc_test": 0.915, "preds": [0.9971805810928345, 0.9969632029533386, 0.9884981513023376, 0.9924196600914001, 0.9906833171844482, 0.9929907321929932, 0.9933128952980042, 0.06485521793365479, 0.9964807629585266, 0.9937419295310974, 0.996239185333252, 0.9766349792480469, 0.9976643323898315, 0.996911346912384, 0.9979172348976135, 0.04429180547595024, 0.9948585033416748, 0.9969149827957153, 0.6800794005393982, 0.997061550617218]}
{"name": "Radar", "total_logits": [[[-1.4900591373443604, 1.2873121500015259]], [[-0.6718929409980774, 0.36069440841674805]], [[-1.9705919027328491, 1.67371666431427]], [[-0.7835404276847839, 0.17914941906929016]], [[1.5551389455795288, -1.7692760229110718]], [[-1.1926391124725342, 0.8650727868080139]], [[-0.31032511591911316, -0.06832379102706909]], [[-2.3523497581481934, 2.227031707763672]], [[-2.1801981925964355, 1.9673922061920166]], [[-2.7197611331939697, 2.5483388900756836]], [[0.2624127268791199, -0.7091326713562012]], [[-2.0858988761901855, 1.9292725324630737]], [[0.3692941665649414, -0.5989988446235657]], [[0.8530439734458923, -1.2316619157791138]], [[-2.3632447719573975, 2.206724166870117]], [[-2.15280818939209, 2.106886863708496]], [[0.18826349079608917, -0.6752073168754578]], [[0.33717080950737, -0.2022397816181183]], [[1.9573012590408325, -2.133885383605957]], [[2.0365724563598633, -2.4185867309570312]], [[-2.877396821975708, 2.5877387523651123]], [[-0.2944108843803406, 0.033755507320165634]], [[-0.37211108207702637, 0.013708221726119518]], [[0.605621337890625, -0.8009151816368103]], [[2.0157666206359863, -1.9332871437072754]], [[-2.242901086807251, 2.2235264778137207]], [[-0.5340704321861267, 0.15895994007587433]], [[0.1472989022731781, -0.35706716775894165]], [[0.5197201371192932, -0.7806872725486755]], [[1.6538227796554565, -1.7873281240463257]]], "acc": 0.6333333333333333, "Notice": "LABEL_0 stands for MGT and LABEL_1 stands for HWT."}
