{"name": "likelihood_threshold", "predictions": {"test": [-2.898073196411133, -2.92744517326355, -3.797938346862793, -3.064150333404541, -3.7315564155578613, -3.270768165588379, -3.3766932487487793, -3.67740797996521, -3.5355587005615234, -3.86555552482605, -3.1256484985351562, -3.2061755657196045, -2.8097174167633057, -3.3198916912078857, -2.890608310699463, -3.752838611602783, -3.746946096420288, -3.9376375675201416, -3.6428651809692383, -3.5304958820343018, -3.8537118434906006, -3.5560407638549805, -3.143124580383301, -3.00453519821167, -2.8449795246124268, -3.797097682952881, -3.4187581539154053, -3.356994152069092, -3.473106622695923, -2.853945016860962]}, "acc_test": 0.26666666666666666, "precision_test": 0.4, "recall_test": 0.2, "f1_test": 0.26666666666666666, "auc_test": 0.445}
{"name": "rank_threshold", "predictions": {"test": [-46.30573272705078, -167.76087951660156, -268.9140930175781, -62.050724029541016, -142.0749969482422, -185.20713806152344, -143.0, -268.05657958984375, -258.0119934082031, -83.9000015258789, -94.96470642089844, -224.4466094970703, -254.44586181640625, -141.8128662109375, -62.38587188720703, -270.91802978515625, -212.7176513671875, -220.91358947753906, -214.8838653564453, -149.11842346191406, -265.11932373046875, -226.5192413330078, -126.49090576171875, -76.2967758178711, -90.8299331665039, -226.55882263183594, -159.61111450195312, -196.69281005859375, -83.73648834228516, -29.093334197998047]}, "acc_test": 0.5, "precision_test": 0.6666666666666666, "recall_test": 0.5, "f1_test": 0.5714285714285715, "auc_test": 0.515}
{"name": "log_rank_threshold", "predictions": {"test": [-1.4733537435531616, -1.4486064910888672, -2.083876371383667, -1.5216152667999268, -2.0118987560272217, -1.7355774641036987, -1.8323711156845093, -1.9726663827896118, -1.96196711063385, -2.1244494915008545, -1.6404814720153809, -1.7953535318374634, -1.4103633165359497, -1.7388523817062378, -1.55376136302948, -2.111161947250366, -2.134636878967285, -2.135902166366577, -2.0138139724731445, -1.8713680505752563, -2.1275479793548584, -1.9712599515914917, -1.585797667503357, -1.5239886045455933, -1.382354736328125, -2.1737828254699707, -1.907055139541626, -1.8717657327651978, -1.8994953632354736, -1.4415853023529053]}, "acc_test": 0.26666666666666666, "precision_test": 0.4, "recall_test": 0.2, "f1_test": 0.26666666666666666, "auc_test": 0.41000000000000003}
{"name": "entropy_threshold", "predictions": {"test": [3.271549701690674, 3.2134454250335693, 3.8075103759765625, 3.2250869274139404, 3.221287488937378, 3.396275520324707, 3.4109692573547363, 3.7598085403442383, 3.331963062286377, 3.8774688243865967, 3.3182661533355713, 3.5602362155914307, 3.178894281387329, 3.4995267391204834, 3.109375476837158, 3.6186609268188477, 4.051818370819092, 3.8948214054107666, 3.7808995246887207, 3.7278354167938232, 4.029226303100586, 3.6854615211486816, 3.421308994293213, 3.4050474166870117, 3.281886339187622, 3.7888901233673096, 3.8865575790405273, 3.583449363708496, 3.5826539993286133, 3.2851505279541016]}, "acc_test": 0.43333333333333335, "precision_test": 0.6, "recall_test": 0.45, "f1_test": 0.5142857142857143, "auc_test": 0.40499999999999997}
{"name": "rank_GLTR_threshold", "predictions": {"test": [[0.7452229299363057, 0.17834394904458598, 0.06369426751592357, 0.012738853503184714], [0.782608695652174, 0.13768115942028986, 0.057971014492753624, 0.021739130434782608], [0.6257668711656442, 0.2147239263803681, 0.10429447852760736, 0.05521472392638037], [0.782608695652174, 0.13768115942028986, 0.06521739130434782, 0.014492753623188406], [0.66875, 0.14375, 0.1375, 0.05], [0.7142857142857143, 0.16428571428571428, 0.09285714285714286, 0.02857142857142857], [0.65, 0.21428571428571427, 0.12142857142857143, 0.014285714285714285], [0.6477987421383647, 0.23270440251572327, 0.07547169811320754, 0.0440251572327044], [0.6826347305389222, 0.1497005988023952, 0.12574850299401197, 0.041916167664670656], [0.63125, 0.20625, 0.14375, 0.01875], [0.7352941176470589, 0.18823529411764706, 0.058823529411764705, 0.01764705882352941], [0.6893203883495146, 0.16019417475728157, 0.10194174757281553, 0.04854368932038835], [0.7770700636942676, 0.1337579617834395, 0.07643312101910828, 0.012738853503184714], [0.6900584795321637, 0.16374269005847952, 0.1111111111111111, 0.03508771929824561], [0.7065217391304348, 0.17391304347826086, 0.10869565217391304, 0.010869565217391304], [0.6284153005464481, 0.22404371584699453, 0.09836065573770492, 0.04918032786885246], [0.6470588235294118, 0.14705882352941177, 0.15294117647058825, 0.052941176470588235], [0.6419753086419753, 0.18518518518518517, 0.10493827160493827, 0.06790123456790123], [0.6774193548387096, 0.17419354838709677, 0.09032258064516129, 0.05806451612903226], [0.6710526315789473, 0.18421052631578946, 0.10526315789473684, 0.039473684210526314], [0.625, 0.23863636363636365, 0.08522727272727272, 0.05113636363636364], [0.6794871794871795, 0.14743589743589744, 0.10256410256410256, 0.07051282051282051], [0.7515151515151515, 0.13333333333333333, 0.07878787878787878, 0.03636363636363636], [0.7354838709677419, 0.18064516129032257, 0.07741935483870968, 0.0064516129032258064], [0.7687074829931972, 0.14285714285714285, 0.06802721088435375, 0.02040816326530612], [0.6235294117647059, 0.21176470588235294, 0.1, 0.06470588235294118], [0.6728395061728395, 0.17901234567901234, 0.08641975308641975, 0.06172839506172839], [0.6993464052287581, 0.1568627450980392, 0.0784313725490196, 0.06535947712418301], [0.6283783783783784, 0.21621621621621623, 0.13513513513513514, 0.02027027027027027], [0.7533333333333333, 0.19333333333333333, 0.04666666666666667, 0.006666666666666667]]}, "acc_test": 0.3, "precision_test": 0.4444444444444444, "recall_test": 0.2, "f1_test": 0.2758620689655173, "auc_test": 0.415}
{"name": "perturbation_10_z", "predictions": {"test": [0.39920852835037807, 1.3041265539753697, -0.10979987581671995, -0.14544129943866796, -0.18275517469609404, 0.19295374501392054, -0.021902593684386143, 0.1230432172160446, 0.3421522902023178, 0.4859644318858474, 0.6730370362712462, 0.46526781195035055, -0.09855089663208537, -0.11900437264899034, 1.460132593673476, 0.030136558840004348, -1.0887229596114938, -0.5846193129761837, -0.32565834549611283, 0.31496228736438814, 0.8239517414487308, -0.75845595119675, -0.4092804539430024, 0.5781548558643699, 1.7629016300859404, 0.07890813464859761, -0.041669579842559736, 0.8102186226433001, -0.10357500779952326, 1.0386907679528816]}, "info": {"pct_words_masked": 0.3, "span_length": 2, "n_perturbations": 10}, "general": {"acc_test": 0.36666666666666664, "precision_test": 0.5454545454545454, "recall_test": 0.3, "f1_test": 0.3870967741935483, "auc_test": 0.395}}
{"name": "GPT-sentinel", "acc": 0.5666666666666667}
{"name": "roberta-base-openai-detector", "predictions": {"test": [0.0001815404393710196, 0.0006019151187501848, 0.007049310952425003, 0.3960545063018799, 0.00016808827058412135, 0.00017126115562859923, 0.00017401573131792247, 0.0001704718015389517, 0.0006121566402725875, 0.0007740009459666908, 0.00018256128532812, 0.0001846766099333763, 0.0007172587211243808, 0.00021246231335680932, 0.00016779698489699513, 0.00019634228374343365, 0.0001957422646228224, 0.00035016893525607884, 0.003570572007447481, 0.1204637661576271, 0.00019914741278626025, 0.011121191084384918, 0.17016460001468658, 0.0002632189716678113, 0.0007951534353196621, 0.00018354307394474745, 0.00018679270579013973, 0.00020129012409597635, 0.00016859550669323653, 0.3647342622280121]}, "logits": {"test": [-4.6766510009765625, -4.008166313171387, -2.6390626430511475, -0.27711355686187744, -4.7186713218688965, -4.706768035888672, -4.69671630859375, -4.700935363769531, -3.9821724891662598, -3.8558237552642822, -4.670619010925293, -4.655303478240967, -3.908032178878784, -4.583241939544678, -4.718014717102051, -4.622964382171631, -4.6209716796875, -4.291272163391113, -2.995950937271118, -1.0657081604003906, -4.618623733520508, -2.4094011783599854, -0.8630470037460327, -4.4657440185546875, -3.8486335277557373, -4.661693096160889, -4.65282678604126, -4.614588260650635, -4.715210437774658, -0.3540528118610382]}, "acc_test": 0.3333333333333333, "precision_test": 0.0, "recall_test": 0.0, "f1_test": 0.0, "auc_test": 0.41500000000000004, "preds": [0.0001815404393710196, 0.00016808827058412135, 0.00017126115562859923, 0.00017401573131792247, 0.0006121566402725875, 0.0001846766099333763, 0.00021246231335680932, 0.00019634228374343365, 0.0001957422646228224, 0.00035016893525607884, 0.003570572007447481, 0.1204637661576271, 0.011121191084384918, 0.0002632189716678113, 0.0007951534353196621, 0.00018354307394474745, 0.00018679270579013973, 0.00020129012409597635, 0.00016859550669323653, 0.3647342622280121]}
{"name": "Hello-SimpleAI/chatgpt-detector-roberta", "predictions": {"test": [0.05910081788897514, 0.2961519956588745, 0.0010523770470172167, 0.29011255502700806, 0.889880895614624, 0.05191326141357422, 0.003305405378341675, 0.0005411435849964619, 0.0005645176279358566, 0.0003773467615246773, 0.02071872353553772, 0.033549293875694275, 0.05228765681385994, 0.3294796645641327, 0.055932916700839996, 0.001310424180701375, 0.0032510864548385143, 0.00043978466419503093, 0.08197157829999924, 0.0005846270942129195, 0.0014153671218082309, 0.17301826179027557, 0.10417945683002472, 0.026638470590114594, 0.2882455289363861, 0.006306925788521767, 0.012615050189197063, 0.0007860752521082759, 0.0011409004218876362, 0.1016683354973793]}, "logits": {"test": [-1.4341096878051758, -0.5711274147033691, -3.1759650707244873, -0.5846738815307617, 1.035048246383667, -1.4951977729797363, -2.7126221656799316, -3.4271321296691895, -3.411726713180542, -3.553354501724243, -1.915807843208313, -1.6973949670791626, -1.491845726966858, -0.4997222125530243, -1.4601287841796875, -3.0898306369781494, -2.7195470333099365, -3.5009868144989014, -1.277185082435608, -3.3989012241363525, -3.059243679046631, -0.8937691450119019, -1.1532186269760132, -1.8024616241455078, -0.5886362195014954, -2.438438892364502, -2.1364848613739014, -3.288203001022339, -3.144411325454712, -1.1711088418960571]}, "acc_test": 0.36666666666666664, "precision_test": 1.0, "recall_test": 0.05, "f1_test": 0.09523809523809523, "auc_test": 0.5049999999999999, "preds": [0.05910081788897514, 0.889880895614624, 0.05191326141357422, 0.003305405378341675, 0.0005645176279358566, 0.033549293875694275, 0.3294796645641327, 0.001310424180701375, 0.0032510864548385143, 0.00043978466419503093, 0.08197157829999924, 0.0005846270942129195, 0.17301826179027557, 0.026638470590114594, 0.2882455289363861, 0.006306925788521767, 0.012615050189197063, 0.0007860752521082759, 0.0011409004218876362, 0.1016683354973793]}
{"name": "distilbert-base-uncased", "predictions": {"test": [0.9661127328872681, 0.016705447807908058, 0.0006637359037995338, 0.003139782464131713, 0.9649456143379211, 0.9804425835609436, 0.582614541053772, 0.4122534990310669, 0.47735676169395447, 0.000863292720168829, 0.5146451592445374, 0.9598233103752136, 0.17095157504081726, 0.901783287525177, 0.9952656030654907, 0.02230173349380493, 0.03419461101293564, 0.09316535294055939, 0.9930056929588318, 0.8840533494949341, 0.0003366766613908112, 0.14796771109104156, 0.01999826729297638, 0.9267119765281677, 0.9945524334907532, 0.007496362552046776, 0.03003307618200779, 0.9874154925346375, 0.0161428339779377, 0.009494544006884098]}, "logits": {"test": [1.8057770729064941, -2.1420631408691406, -3.7657382488250732, -2.9556922912597656, 1.7573235034942627, 2.0944907665252686, 0.276729017496109, -0.1183697059750557, -0.011847286485135555, -3.6448028087615967, 0.13553740084171295, 1.7570494413375854, -0.7811717987060547, 1.286025881767273, 2.8492679595947266, -1.7929693460464478, -1.6647894382476807, -1.119490623474121, 2.704395055770874, 1.153632640838623, -4.141087055206299, -0.8447338938713074, -1.9784983396530151, 1.4915319681167603, 2.872343063354492, -2.428027391433716, -1.7130646705627441, 2.4332194328308105, -2.085171937942505, -2.341749668121338]}, "acc_test": 0.6333333333333333, "precision_test": 0.8461538461538461, "recall_test": 0.55, "f1_test": 0.6666666666666667, "auc_test": 0.7449999999999999, "preds": [0.9661127328872681, 0.9649456143379211, 0.9804425835609436, 0.582614541053772, 0.47735676169395447, 0.9598233103752136, 0.901783287525177, 0.02230173349380493, 0.03419461101293564, 0.09316535294055939, 0.9930056929588318, 0.8840533494949341, 0.14796771109104156, 0.9267119765281677, 0.9945524334907532, 0.007496362552046776, 0.03003307618200779, 0.9874154925346375, 0.0161428339779377, 0.009494544006884098]}
{"name": "Radar", "total_logits": [[[-2.2357683181762695, 2.271713972091675]], [[-0.6718929409980774, 0.36069440841674805]], [[-1.9705919027328491, 1.67371666431427]], [[-0.7835404276847839, 0.17914941906929016]], [[-0.47056204080581665, 0.1164734810590744]], [[-0.8957081437110901, 0.6300959587097168]], [[-1.0154660940170288, 0.6421183943748474]], [[-2.3523497581481934, 2.227031707763672]], [[-2.4665117263793945, 2.227454662322998]], [[-2.7197611331939697, 2.5483388900756836]], [[0.2624127268791199, -0.7091326713562012]], [[-2.058704137802124, 1.8550714254379272]], [[0.3692941665649414, -0.5989988446235657]], [[-0.24286173284053802, -0.12422114610671997]], [[-2.3632447719573975, 2.206724166870117]], [[-2.432770252227783, 2.374828338623047]], [[-0.9913501739501953, 0.8279656767845154]], [[3.1113109588623047, -3.1411972045898438]], [[1.8949579000473022, -2.146833658218384]], [[2.5745999813079834, -3.043346643447876]], [[-2.877396821975708, 2.5877387523651123]], [[2.615910291671753, -2.8000922203063965]], [[-0.37211108207702637, 0.013708221726119518]], [[-0.5365234017372131, 0.3626221716403961]], [[-0.6319715976715088, 0.40310245752334595]], [[-2.2378621101379395, 2.18646240234375]], [[-0.665569543838501, 0.1416665017604828]], [[-0.2974775433540344, -0.05847549811005592]], [[2.486815929412842, -2.8525075912475586]], [[0.640689492225647, -0.8984984755516052]]], "acc": 0.4666666666666667, "Notice": "LABEL_0 stands for MGT and LABEL_1 stands for HWT."}
