{"name": "likelihood_threshold", "predictions": {"test": [-2.8003015518188477, -2.92744517326355, -3.797938346862793, -3.064150333404541, -3.831333637237549, -2.9745311737060547, -3.4711482524871826, -3.67740797996521, -3.3985633850097656, -3.86555552482605, -3.1256484985351562, -3.2616147994995117, -2.8097174167633057, -2.988851547241211, -2.890608310699463, -3.6002683639526367, -2.843716859817505, -3.581312894821167, -3.362811326980591, -3.120107412338257, -3.8537118434906006, -3.2436742782592773, -3.143124580383301, -2.382343292236328, -2.9498698711395264, -3.54649019241333, -3.2600409984588623, -2.9267725944519043, -2.9234321117401123, -2.6924631595611572]}, "acc_test": 0.4666666666666667, "precision_test": 0.625, "recall_test": 0.5, "f1_test": 0.5555555555555556, "auc_test": 0.6}
{"name": "rank_threshold", "predictions": {"test": [-76.53892517089844, -167.76087951660156, -268.9140930175781, -62.050724029541016, -115.67825317382812, -52.59503936767578, -158.52032470703125, -268.05657958984375, -310.54547119140625, -83.9000015258789, -94.96470642089844, -259.7430114746094, -254.44586181640625, -216.22653198242188, -62.38587188720703, -194.32237243652344, -78.09150695800781, -117.5797119140625, -267.51531982421875, -63.992366790771484, -265.11932373046875, -91.23188781738281, -126.49090576171875, -131.0895538330078, -44.221309661865234, -124.19200897216797, -183.53378295898438, -60.685482025146484, -35.73410415649414, -37.000003814697266]}, "acc_test": 0.6333333333333333, "precision_test": 0.7368421052631579, "recall_test": 0.7, "f1_test": 0.717948717948718, "auc_test": 0.63}
{"name": "log_rank_threshold", "predictions": {"test": [-1.4104641675949097, -1.4486064910888672, -2.083876371383667, -1.5216152667999268, -1.8934047222137451, -1.5724027156829834, -1.9490416049957275, -1.9726663827896118, -1.8458951711654663, -2.1244494915008545, -1.6404814720153809, -1.8018579483032227, -1.4103633165359497, -1.6498191356658936, -1.55376136302948, -2.024601697921753, -1.445268154144287, -1.9698920249938965, -1.8783513307571411, -1.5904905796051025, -2.1275479793548584, -1.724778175354004, -1.585797667503357, -1.1504799127578735, -1.5110695362091064, -2.0131514072418213, -1.792559266090393, -1.4647260904312134, -1.477608323097229, -1.323432445526123]}, "acc_test": 0.4666666666666667, "precision_test": 0.625, "recall_test": 0.5, "f1_test": 0.5555555555555556, "auc_test": 0.575}
{"name": "entropy_threshold", "predictions": {"test": [3.0972235202789307, 3.2134454250335693, 3.8075103759765625, 3.2250869274139404, 2.9922091960906982, 3.1938798427581787, 3.395104169845581, 3.7598085403442383, 3.2482218742370605, 3.8774688243865967, 3.3182661533355713, 3.490983724594116, 3.178894281387329, 3.1691157817840576, 3.109375476837158, 3.5903232097625732, 3.4597482681274414, 3.8137967586517334, 3.41616153717041, 3.424508810043335, 4.029226303100586, 3.35945725440979, 3.421308994293213, 3.027024984359741, 3.3372609615325928, 3.896665096282959, 3.595227003097534, 3.362584352493286, 3.420578718185425, 3.2231554985046387]}, "acc_test": 0.6666666666666666, "precision_test": 0.7272727272727273, "recall_test": 0.8, "f1_test": 0.761904761904762, "auc_test": 0.565}
{"name": "rank_GLTR_threshold", "predictions": {"test": [[0.7485029940119761, 0.16766467065868262, 0.0718562874251497, 0.011976047904191617], [0.782608695652174, 0.13768115942028986, 0.057971014492753624, 0.021739130434782608], [0.6257668711656442, 0.2147239263803681, 0.10429447852760736, 0.05521472392638037], [0.782608695652174, 0.13768115942028986, 0.06521739130434782, 0.014492753623188406], [0.6608695652173913, 0.19130434782608696, 0.13043478260869565, 0.017391304347826087], [0.7272727272727273, 0.23140495867768596, 0.03305785123966942, 0.008264462809917356], [0.6422764227642277, 0.21951219512195122, 0.08943089430894309, 0.04878048780487805], [0.6477987421383647, 0.23270440251572327, 0.07547169811320754, 0.0440251572327044], [0.7272727272727273, 0.11363636363636363, 0.11363636363636363, 0.045454545454545456], [0.63125, 0.20625, 0.14375, 0.01875], [0.7352941176470589, 0.18823529411764706, 0.058823529411764705, 0.01764705882352941], [0.7039106145251397, 0.13966480446927373, 0.10614525139664804, 0.05027932960893855], [0.7770700636942676, 0.1337579617834395, 0.07643312101910828, 0.012738853503184714], [0.7237569060773481, 0.12154696132596685, 0.09944751381215469, 0.055248618784530384], [0.7065217391304348, 0.17391304347826086, 0.10869565217391304, 0.010869565217391304], [0.631578947368421, 0.19736842105263158, 0.13157894736842105, 0.039473684210526314], [0.7581699346405228, 0.13071895424836602, 0.09803921568627451, 0.013071895424836602], [0.644927536231884, 0.2028985507246377, 0.10869565217391304, 0.043478260869565216], [0.6993865030674846, 0.15950920245398773, 0.09202453987730061, 0.049079754601226995], [0.6641221374045801, 0.2900763358778626, 0.030534351145038167, 0.015267175572519083], [0.625, 0.23863636363636365, 0.08522727272727272, 0.05113636363636364], [0.6956521739130435, 0.1956521739130435, 0.07971014492753623, 0.028985507246376812], [0.7515151515151515, 0.13333333333333333, 0.07878787878787878, 0.03636363636363636], [0.8059701492537313, 0.1417910447761194, 0.03731343283582089, 0.014925373134328358], [0.7868852459016393, 0.13934426229508196, 0.06557377049180328, 0.00819672131147541], [0.648, 0.184, 0.144, 0.024], [0.6959459459459459, 0.1891891891891892, 0.08783783783783784, 0.02702702702702703], [0.75, 0.13709677419354838, 0.0967741935483871, 0.016129032258064516], [0.7514450867052023, 0.1907514450867052, 0.05202312138728324, 0.005780346820809248], [0.7666666666666667, 0.14166666666666666, 0.08333333333333333, 0.008333333333333333]]}, "acc_test": 0.4666666666666667, "precision_test": 0.6428571428571429, "recall_test": 0.45, "f1_test": 0.5294117647058824, "auc_test": 0.53}
{"name": "perturbation_10_z", "predictions": {"test": [0.024068228134322498, 0.473008226448554, -0.21119256606150183, 0.8116581934089226, -1.0877344155578843, 2.1428210493807236, 0.2950299993749893, 0.3586016453171963, 0.6424492142341812, 0.15104174595339742, 1.0520978147379836, -0.20617152399873304, 0.20061648892081022, 0.5205103953128699, 1.2002372917048234, 0.32345882771084733, 1.4654277846326158, 0.36736096026238385, -0.7786729690554621, 0.45365170605080246, 0.3503087586960009, -0.484564313796375, 0.48971482998747506, 0.8329898800120434, 0.3477449643614603, 0.08423742211648892, 0.5941939829218607, 1.0384324579735371, 0.9448532995961904, 1.3302532850875342]}, "info": {"pct_words_masked": 0.3, "span_length": 2, "n_perturbations": 10}, "general": {"acc_test": 0.5, "precision_test": 0.6666666666666666, "recall_test": 0.5, "f1_test": 0.5714285714285715, "auc_test": 0.485}}
{"name": "GPT-sentinel", "acc": 0.8666666666666667}
{"name": "roberta-base-openai-detector", "predictions": {"test": [0.946168065071106, 0.0006019151187501848, 0.007049310952425003, 0.3960545063018799, 0.014833413064479828, 0.0002350524446228519, 0.0004969388828612864, 0.0001704718015389517, 0.00018024510063696653, 0.0007740009459666908, 0.00018256128532812, 0.0003014423418790102, 0.0007172587211243808, 0.0006581073394045234, 0.00016779698489699513, 0.00017137288523372263, 0.8029986619949341, 0.00017005584959406406, 0.0001905021199490875, 0.002987150102853775, 0.00019914741278626025, 0.0007075230241753161, 0.17016460001468658, 0.9997665286064148, 0.0005181142478249967, 0.018146470189094543, 0.00021532067330554128, 0.0002652788534760475, 0.0007770194206386805, 0.21842902898788452]}, "logits": {"test": [1.4617197513580322, -4.008166313171387, -2.6390626430511475, -0.27711355686187744, -2.2426562309265137, -4.529903888702393, -4.1043009757995605, -4.700935363769531, -4.679629802703857, -3.8558237552642822, -4.670619010925293, -4.376939296722412, -3.908032178878784, -3.971616506576538, -4.718014717102051, -4.705526351928711, 0.6659051179885864, -4.710400581359863, -4.634694576263428, -3.1195859909057617, -4.618623733520508, -3.9215874671936035, -0.8630470037460327, 4.5188984870910645, -4.099863052368164, -2.1426870822906494, -4.578746318817139, -4.4632344245910645, -3.871117115020752, -0.7361053228378296]}, "acc_test": 0.43333333333333335, "precision_test": 1.0, "recall_test": 0.15, "f1_test": 0.2608695652173913, "auc_test": 0.555, "preds": [0.946168065071106, 0.014833413064479828, 0.0002350524446228519, 0.0004969388828612864, 0.00018024510063696653, 0.0003014423418790102, 0.0006581073394045234, 0.00017137288523372263, 0.8029986619949341, 0.00017005584959406406, 0.0001905021199490875, 0.002987150102853775, 0.0007075230241753161, 0.9997665286064148, 0.0005181142478249967, 0.018146470189094543, 0.00021532067330554128, 0.0002652788534760475, 0.0007770194206386805, 0.21842902898788452]}
{"name": "Hello-SimpleAI/chatgpt-detector-roberta", "predictions": {"test": [0.9749963283538818, 0.2961519956588745, 0.0010523770470172167, 0.29011255502700806, 0.9989064931869507, 0.0028651852626353502, 0.00043010051012970507, 0.0005411435849964619, 0.006222692783921957, 0.0003773467615246773, 0.02071872353553772, 0.3243820071220398, 0.05228765681385994, 0.31524714827537537, 0.055932916700839996, 0.006206287536770105, 0.968798816204071, 0.0006361791165545583, 0.01092036534100771, 0.047916557639837265, 0.0014153671218082309, 0.09964673966169357, 0.10417945683002472, 0.6375927329063416, 0.02254648692905903, 0.042774748057127, 0.7589488625526428, 0.23127523064613342, 0.8863943815231323, 0.9212720990180969]}, "logits": {"test": [1.7145333290100098, -0.5711274147033691, -3.1759650707244873, -0.5846738815307617, 3.0100977420806885, -2.772186517715454, -3.508723735809326, -3.4271321296691895, -2.4442226886749268, -3.553354501724243, -1.915807843208313, -0.5105352997779846, -1.491845726966858, -0.5295382738113403, -1.4601287841796875, -2.4453585147857666, 1.6168346405029297, -3.3676846027374268, -2.199927568435669, -1.5326870679855347, -3.059243679046631, -1.1811105012893677, -1.1532186269760132, 0.36306649446487427, -1.8777958154678345, -1.5854830741882324, 0.6225311756134033, -0.7265057563781738, 1.0198478698730469, 1.1956459283828735]}, "acc_test": 0.5666666666666667, "precision_test": 1.0, "recall_test": 0.35, "f1_test": 0.5185185185185185, "auc_test": 0.695, "preds": [0.9749963283538818, 0.9989064931869507, 0.0028651852626353502, 0.00043010051012970507, 0.006222692783921957, 0.3243820071220398, 0.31524714827537537, 0.006206287536770105, 0.968798816204071, 0.0006361791165545583, 0.01092036534100771, 0.047916557639837265, 0.09964673966169357, 0.6375927329063416, 0.02254648692905903, 0.042774748057127, 0.7589488625526428, 0.23127523064613342, 0.8863943815231323, 0.9212720990180969]}
{"name": "distilbert-base-uncased", "predictions": {"test": [0.9908258318901062, 0.016705447807908058, 0.0006637359037995338, 0.003139782464131713, 0.9969479441642761, 0.9934749007225037, 0.9524872899055481, 0.4122534990310669, 0.964195966720581, 0.000863292720168829, 0.5146451592445374, 0.9938697814941406, 0.17095157504081726, 0.9970570802688599, 0.9952656030654907, 0.09096750617027283, 0.37791845202445984, 0.25330957770347595, 0.003880023257806897, 0.9891321063041687, 0.0003366766613908112, 0.9978609681129456, 0.01999826729297638, 0.997492790222168, 0.9973625540733337, 0.8080593347549438, 0.19427461922168732, 0.9833738803863525, 0.9672747254371643, 0.9965818524360657]}, "logits": {"test": [2.5150797367095947, -2.1420631408691406, -3.7657382488250732, -2.9556922912597656, 3.104963541030884, 2.674078941345215, 1.7076019048690796, -0.1183697059750557, 1.7419037818908691, -3.6448028087615967, 0.13553740084171295, 2.7770609855651855, -0.7811717987060547, 3.1958210468292236, 2.8492679595947266, -0.9915329813957214, -0.21639642119407654, -0.48264220356941223, -2.8797504901885986, 2.4574575424194336, -4.141087055206299, 3.322153091430664, -1.9784983396530151, 3.303060293197632, 3.2682228088378906, 0.8117519021034241, -0.6898924112319946, 2.220054864883423, 1.9375535249710083, 3.1493842601776123]}, "acc_test": 0.7666666666666667, "precision_test": 0.8823529411764706, "recall_test": 0.75, "f1_test": 0.8108108108108107, "auc_test": 0.86, "preds": [0.9908258318901062, 0.9969479441642761, 0.9934749007225037, 0.9524872899055481, 0.964195966720581, 0.9938697814941406, 0.9970570802688599, 0.09096750617027283, 0.37791845202445984, 0.25330957770347595, 0.003880023257806897, 0.9891321063041687, 0.9978609681129456, 0.997492790222168, 0.9973625540733337, 0.8080593347549438, 0.19427461922168732, 0.9833738803863525, 0.9672747254371643, 0.9965818524360657]}
{"name": "Radar", "total_logits": [[[-1.084242343902588, 0.8873816728591919]], [[-0.6718929409980774, 0.36069440841674805]], [[-1.9705919027328491, 1.67371666431427]], [[-0.7835404276847839, 0.17914941906929016]], [[2.117828607559204, -2.4084725379943848]], [[0.30311858654022217, -0.6713594794273376]], [[0.8698593974113464, -1.1880360841751099]], [[-2.3523497581481934, 2.227031707763672]], [[-1.5578358173370361, 1.2279285192489624]], [[-2.7197611331939697, 2.5483388900756836]], [[0.2624127268791199, -0.7091326713562012]], [[-2.253600835800171, 2.142566680908203]], [[0.3692941665649414, -0.5989988446235657]], [[2.641860246658325, -2.8557770252227783]], [[-2.3632447719573975, 2.206724166870117]], [[-1.900049090385437, 1.8013116121292114]], [[-0.9012824892997742, 0.5650057196617126]], [[0.6943789720535278, -0.5399169921875]], [[0.19501426815986633, -0.6514259576797485]], [[3.0711123943328857, -3.4613866806030273]], [[-2.877396821975708, 2.5877387523651123]], [[1.044549584388733, -1.2410125732421875]], [[-0.37211108207702637, 0.013708221726119518]], [[2.200138807296753, -2.2992467880249023]], [[1.8027068376541138, -1.9035999774932861]], [[-0.9712476134300232, 0.8206811547279358]], [[0.6005443930625916, -1.1273812055587769]], [[2.071784734725952, -2.31081223487854]], [[2.005751371383667, -2.195978879928589]], [[2.8373851776123047, -2.955260992050171]]], "acc": 0.7333333333333333, "Notice": "LABEL_0 stands for MGT and LABEL_1 stands for HWT."}
