{"name": "likelihood_threshold", "predictions": {"test": [-2.8132331371307373, -2.92744517326355, -3.797938346862793, -3.064150333404541, -2.613980531692505, -2.1088757514953613, -2.314157247543335, -3.67740797996521, -2.487245798110962, -3.86555552482605, -3.1256484985351562, -2.2408294677734375, -2.8097174167633057, -2.9053916931152344, -2.890608310699463, -2.6708290576934814, -3.3797667026519775, -3.038654088973999, -3.0217833518981934, -3.361088752746582, -3.8537118434906006, -2.501908302307129, -3.143124580383301, -2.563795566558838, -2.405716896057129, -3.033052444458008, -2.7873892784118652, -2.3573508262634277, -2.545604705810547, -2.2625255584716797]}, "acc_test": 0.7333333333333333, "precision_test": 0.75, "recall_test": 0.9, "f1_test": 0.8181818181818182, "auc_test": 0.88}
{"name": "rank_threshold", "predictions": {"test": [-72.57376861572266, -167.76087951660156, -268.9140930175781, -62.050724029541016, -92.22596740722656, -8.353741645812988, -16.60869598388672, -268.05657958984375, -182.09039306640625, -83.9000015258789, -94.96470642089844, -95.12645721435547, -254.44586181640625, -161.68841552734375, -62.38587188720703, -99.2789535522461, -316.6929016113281, -77.67033386230469, -119.7848129272461, -269.0430908203125, -265.11932373046875, -75.7822265625, -126.49090576171875, -67.80838775634766, -56.34000015258789, -83.47760772705078, -117.21854400634766, -19.340425491333008, -21.256879806518555, -11.79230785369873]}, "acc_test": 0.7333333333333333, "precision_test": 0.7727272727272727, "recall_test": 0.85, "f1_test": 0.8095238095238095, "auc_test": 0.7}
{"name": "log_rank_threshold", "predictions": {"test": [-1.459396243095398, -1.4486064910888672, -2.083876371383667, -1.5216152667999268, -1.243074655532837, -0.9044458270072937, -1.0624589920043945, -1.9726663827896118, -1.2707217931747437, -2.1244494915008545, -1.6404814720153809, -1.1518861055374146, -1.4103633165359497, -1.440651297569275, -1.55376136302948, -1.3675953149795532, -1.8646048307418823, -1.5196609497070312, -1.5012203454971313, -1.7449064254760742, -2.1275479793548584, -1.1884193420410156, -1.585797667503357, -1.2220815420150757, -1.036216378211975, -1.5552743673324585, -1.400275468826294, -1.0975724458694458, -1.2181355953216553, -1.0651756525039673]}, "acc_test": 0.7333333333333333, "precision_test": 0.75, "recall_test": 0.9, "f1_test": 0.8181818181818182, "auc_test": 0.885}
{"name": "entropy_threshold", "predictions": {"test": [3.2224631309509277, 3.2134454250335693, 3.8075103759765625, 3.2250869274139404, 2.926363468170166, 2.8191277980804443, 3.109609603881836, 3.7598085403442383, 2.9331789016723633, 3.8774688243865967, 3.3182661533355713, 2.6906588077545166, 3.178894281387329, 3.144850492477417, 3.109375476837158, 3.181633949279785, 3.779690980911255, 3.6929683685302734, 3.8194243907928467, 4.21042013168335, 4.029226303100586, 3.3233418464660645, 3.421308994293213, 3.158665657043457, 3.216160774230957, 3.8861770629882812, 3.658751964569092, 3.031409978866577, 2.916593551635742, 2.8775475025177]}, "acc_test": 0.6, "precision_test": 0.7, "recall_test": 0.7, "f1_test": 0.7, "auc_test": 0.6900000000000001}
{"name": "rank_GLTR_threshold", "predictions": {"test": [[0.6967213114754098, 0.23770491803278687, 0.040983606557377046, 0.02459016393442623], [0.782608695652174, 0.13768115942028986, 0.057971014492753624, 0.021739130434782608], [0.6257668711656442, 0.2147239263803681, 0.10429447852760736, 0.05521472392638037], [0.782608695652174, 0.13768115942028986, 0.06521739130434782, 0.014492753623188406], [0.7932692307692307, 0.15384615384615385, 0.04326923076923077, 0.009615384615384616], [0.8299319727891157, 0.1564625850340136, 0.013605442176870748, 0.0], [0.8379446640316206, 0.1225296442687747, 0.039525691699604744, 0.0], [0.6477987421383647, 0.23270440251572327, 0.07547169811320754, 0.0440251572327044], [0.807909604519774, 0.10734463276836158, 0.062146892655367235, 0.022598870056497175], [0.63125, 0.20625, 0.14375, 0.01875], [0.7352941176470589, 0.18823529411764706, 0.058823529411764705, 0.01764705882352941], [0.8220140515222483, 0.07259953161592506, 0.07728337236533958, 0.02810304449648712], [0.7770700636942676, 0.1337579617834395, 0.07643312101910828, 0.012738853503184714], [0.7681159420289855, 0.12318840579710146, 0.07246376811594203, 0.036231884057971016], [0.7065217391304348, 0.17391304347826086, 0.10869565217391304, 0.010869565217391304], [0.7789473684210526, 0.15263157894736842, 0.04736842105263158, 0.021052631578947368], [0.7086614173228346, 0.15748031496062992, 0.07874015748031496, 0.05511811023622047], [0.7582417582417582, 0.14285714285714285, 0.08791208791208792, 0.01098901098901099], [0.759493670886076, 0.13924050632911392, 0.05063291139240506, 0.05063291139240506], [0.7241379310344828, 0.15517241379310345, 0.07758620689655173, 0.04310344827586207], [0.625, 0.23863636363636365, 0.08522727272727272, 0.05113636363636364], [0.8266666666666667, 0.1288888888888889, 0.02666666666666667, 0.017777777777777778], [0.7515151515151515, 0.13333333333333333, 0.07878787878787878, 0.03636363636363636], [0.7724550898203593, 0.17365269461077845, 0.041916167664670656, 0.011976047904191617], [0.83, 0.15, 0.01, 0.01], [0.746268656716418, 0.17164179104477612, 0.05970149253731343, 0.022388059701492536], [0.7682119205298014, 0.1456953642384106, 0.052980132450331126, 0.033112582781456956], [0.8351063829787234, 0.11702127659574468, 0.047872340425531915, 0.0], [0.8073394495412844, 0.1651376146788991, 0.027522935779816515, 0.0], [0.8307692307692308, 0.14615384615384616, 0.023076923076923078, 0.0]]}, "acc_test": 0.7666666666666667, "precision_test": 0.782608695652174, "recall_test": 0.9, "f1_test": 0.8372093023255814, "auc_test": 0.8049999999999999}
{"name": "perturbation_10_z", "predictions": {"test": [0.6469464734352406, 1.0754162802401286, 0.08022838498352886, 0.8415957930081299, 0.694569006264403, 1.3012767335053668, 1.3789372807888856, 0.6109549753823303, 1.1964978874170347, 0.39558295451128234, 0.28540816170724986, 0.6526968863977016, 1.0665333982963332, -0.06275354027216462, 1.3380739304430176, 0.9749243114233914, 0.2886376521560042, 0.7857040350186442, 0.14962803257785634, -0.0361151549185353, 0.44434693710305984, 0.8396129374234257, 0.5066060222338633, 1.1610658590769463, 0.7610364568854859, 0.5013252986098206, 1.066445385761762, 0.8250843688989551, 0.20585081853300716, 1.3396521210936791]}, "info": {"pct_words_masked": 0.3, "span_length": 2, "n_perturbations": 10}, "general": {"acc_test": 0.5666666666666667, "precision_test": 0.6521739130434783, "recall_test": 0.75, "f1_test": 0.6976744186046512, "auc_test": 0.555}}
{"name": "GPT-sentinel", "acc": 0.8}
{"name": "roberta-base-openai-detector", "predictions": {"test": [0.033589918166399, 0.000601915642619133, 0.00704937195405364, 0.39605578780174255, 0.0029104382265359163, 0.0074181631207466125, 0.9154708981513977, 0.00017047162691596895, 0.66752690076828, 0.0007740001892670989, 0.00018256128532812, 0.003514868440106511, 0.0007172603509388864, 0.5643777847290039, 0.00016779698489699513, 0.00019149099534843117, 0.03907405957579613, 0.04475022479891777, 0.19549554586410522, 0.00019937579054385424, 0.00019914741278626025, 0.9998101592063904, 0.17016460001468658, 0.000171370105817914, 0.943087100982666, 0.9988443851470947, 0.0015407138271257281, 0.0008733817958272994, 0.0005501851555891335, 0.1660827249288559]}, "logits": {"test": [-1.813124656677246, -4.0081658363342285, -2.6390581130981445, -0.2771107852458954, -3.1419994831085205, -2.6382951736450195, 1.201256513595581, -4.700935363769531, 0.301504909992218, -3.8558242321014404, -4.670619010925293, -3.025399923324585, -3.9080305099487305, 0.06193748861551285, -4.718014717102051, -4.63916540145874, -1.7272467613220215, -1.6507819890975952, -0.791703462600708, -4.611544132232666, -4.618623733520508, 4.641854286193848, -0.8630470037460327, -4.707257270812988, 1.4002792835235596, 3.595224142074585, -3.497084856033325, -3.7835516929626465, -4.0589399337768555, -0.9113125205039978]}, "acc_test": 0.5333333333333333, "precision_test": 1.0, "recall_test": 0.3, "f1_test": 0.4615384615384615, "auc_test": 0.75, "preds": [0.033589918166399, 0.0029104382265359163, 0.0074181631207466125, 0.9154708981513977, 0.66752690076828, 0.003514868440106511, 0.5643777847290039, 0.00019149099534843117, 0.03907405957579613, 0.04475022479891777, 0.19549554586410522, 0.00019937579054385424, 0.9998101592063904, 0.000171370105817914, 0.943087100982666, 0.9988443851470947, 0.0015407138271257281, 0.0008733817958272994, 0.0005501851555891335, 0.1660827249288559]}
{"name": "Hello-SimpleAI/chatgpt-detector-roberta", "predictions": {"test": [0.11208434402942657, 0.29615211486816406, 0.0010523720411583781, 0.2901127338409424, 0.9990273714065552, 0.9981573224067688, 0.9962169528007507, 0.0005411433521658182, 0.3680048882961273, 0.0003773467615246773, 0.020718734711408615, 0.8934186697006226, 0.05228783190250397, 0.18976525962352753, 0.05593297630548477, 0.9966287016868591, 0.8725959062576294, 0.00327765429392457, 0.009591152891516685, 0.02134047821164131, 0.0014153671218082309, 0.35935482382774353, 0.10417945683002472, 0.9697222113609314, 0.9033466577529907, 0.9792916178703308, 0.9793381690979004, 0.011030485853552818, 0.005245985463261604, 0.26149579882621765]}, "logits": {"test": [-0.832551896572113, -0.5711271166801453, -3.17596697807312, -0.5846734046936035, 3.0525248050689697, 2.809278726577759, 2.518251657485962, -3.4271318912506104, -0.42258867621421814, -3.553354501724243, -1.9158076047897339, 1.050547480583191, -1.4918440580368042, -0.8422586917877197, -1.4601281881332397, 2.565595865249634, 0.9631905555725098, -2.716146469116211, -2.256742238998413, -1.902556300163269, -3.059243679046631, -0.4392220675945282, -1.1532186269760132, 1.630125880241394, 1.098192572593689, 1.7970305681228638, 1.798017144203186, -2.195528268814087, -2.517383575439453, -0.65138179063797]}, "acc_test": 0.6666666666666666, "precision_test": 1.0, "recall_test": 0.5, "f1_test": 0.6666666666666666, "auc_test": 0.825, "preds": [0.11208434402942657, 0.9990273714065552, 0.9981573224067688, 0.9962169528007507, 0.3680048882961273, 0.8934186697006226, 0.18976525962352753, 0.9966287016868591, 0.8725959062576294, 0.00327765429392457, 0.009591152891516685, 0.02134047821164131, 0.35935482382774353, 0.9697222113609314, 0.9033466577529907, 0.9792916178703308, 0.9793381690979004, 0.011030485853552818, 0.005245985463261604, 0.26149579882621765]}
{"name": "distilbert-base-uncased", "predictions": {"test": [0.9971773624420166, 0.016705377027392387, 0.0006637352053076029, 0.0031397915445268154, 0.9901536107063293, 0.8435384035110474, 0.9970295429229736, 0.41225147247314453, 0.9940874576568604, 0.000863292720168829, 0.5146442651748657, 0.001590052037499845, 0.17095009982585907, 0.9753177165985107, 0.9952657222747803, 0.9908531308174133, 0.959427535533905, 0.9350073337554932, 0.6049293875694275, 0.010294231586158276, 0.0003366766613908112, 0.981069028377533, 0.01999826729297638, 0.02570284530520439, 0.9968630075454712, 0.9879459142684937, 0.9149382710456848, 0.8779494762420654, 0.6674625277519226, 0.9744092226028442]}, "logits": {"test": [3.1756651401519775, -2.1420655250549316, -3.7657387256622314, -2.95569109916687, 2.466911792755127, 0.8913659453392029, 3.219249725341797, -0.11837397515773773, 2.8362207412719727, -3.6448028087615967, 0.1355355978012085, -3.3071200847625732, -0.7811769843101501, 1.968586802482605, 2.849268674850464, 2.5799849033355713, 1.7625007629394531, 1.4733364582061768, 0.27910715341567993, -2.3728654384613037, -4.141087055206299, 2.1397857666015625, -1.9784983396530151, -1.842442512512207, 3.200536012649536, 2.450058698654175, 1.3115556240081787, 1.202625036239624, 0.4633159637451172, 2.061760425567627]}, "acc_test": 0.8333333333333334, "precision_test": 0.8947368421052632, "recall_test": 0.85, "f1_test": 0.8717948717948718, "auc_test": 0.845, "preds": [0.9971773624420166, 0.9901536107063293, 0.8435384035110474, 0.9970295429229736, 0.9940874576568604, 0.001590052037499845, 0.9753177165985107, 0.9908531308174133, 0.959427535533905, 0.9350073337554932, 0.6049293875694275, 0.010294231586158276, 0.981069028377533, 0.02570284530520439, 0.9968630075454712, 0.9879459142684937, 0.9149382710456848, 0.8779494762420654, 0.6674625277519226, 0.9744092226028442]}
{"name": "Radar", "total_logits": [[[1.8864144086837769, -1.9081294536590576]], [[-0.6718929409980774, 0.36069440841674805]], [[-1.9705919027328491, 1.67371666431427]], [[-0.7835404276847839, 0.17914941906929016]], [[1.0332136154174805, -1.519394040107727]], [[2.5687906742095947, -3.025477886199951]], [[-0.3687739372253418, -0.07369589805603027]], [[-2.3523497581481934, 2.227031707763672]], [[-1.0503506660461426, 0.4986307919025421]], [[-2.7197611331939697, 2.5483388900756836]], [[0.2624127268791199, -0.7091326713562012]], [[-1.498987078666687, 1.131401538848877]], [[0.3692941665649414, -0.5989988446235657]], [[1.7899631261825562, -2.2493512630462646]], [[-2.3632447719573975, 2.206724166870117]], [[-1.0701782703399658, 0.6067065000534058]], [[1.6789371967315674, -2.1993210315704346]], [[3.7974979877471924, -3.6836228370666504]], [[3.8952088356018066, -3.876865863800049]], [[3.171173572540283, -3.4985575675964355]], [[-2.877396821975708, 2.5877387523651123]], [[3.1491339206695557, -3.1880760192871094]], [[-0.37211108207702637, 0.013708221726119518]], [[0.5545229911804199, -0.8159146904945374]], [[1.8037397861480713, -1.876052737236023]], [[1.3918367624282837, -1.8821395635604858]], [[1.9024845361709595, -2.4635419845581055]], [[-0.05236522853374481, -0.2586701512336731]], [[2.646940231323242, -2.8167972564697266]], [[2.732404947280884, -2.631896734237671]]], "acc": 0.8, "Notice": "LABEL_0 stands for MGT and LABEL_1 stands for HWT."}
