{"name": "likelihood_threshold", "predictions": {"test": [-2.224348783493042, -2.282691240310669, -2.7010509967803955, -2.737388849258423, -2.3158507347106934, -3.3145384788513184, -2.3539912700653076, -2.4542236328125, -2.469748020172119, -2.4488048553466797, -2.920642375946045, -2.918565511703491, -2.732883930206299, -2.7532944679260254, -2.6215603351593018, -2.432509660720825, -3.0105226039886475, -3.6571483612060547, -3.039008617401123, -2.377828359603882, -3.4282524585723877, -2.3163464069366455, -4.089223861694336, -3.499328851699829, -3.6540067195892334, -2.817586898803711, -2.88389253616333, -1.8404045104980469, -2.25759220123291, -2.6797103881835938]}, "acc_test": 0.6, "precision_test": 0.6666666666666666, "recall_test": 0.8, "f1_test": 0.7272727272727272, "auc_test": 0.5449999999999999}
{"name": "rank_threshold", "predictions": {"test": [-62.78512191772461, -46.123077392578125, -61.35483932495117, -162.0449981689453, -41.585105895996094, -456.3235168457031, -25.59503936767578, -43.92735290527344, -68.09677124023438, -125.30061340332031, -32.717105865478516, -40.215911865234375, -44.53741455078125, -117.82014465332031, -137.20237731933594, -88.0157470703125, -99.67195129394531, -472.7404479980469, -211.3333282470703, -75.9920654296875, -191.2716064453125, -58.2833366394043, -465.8531799316406, -187.76864624023438, -471.1748046875, -316.6327819824219, -87.36666870117188, -7.3828125, -9.871559143066406, -88.06977081298828]}, "acc_test": 0.5333333333333333, "precision_test": 0.6363636363636364, "recall_test": 0.7, "f1_test": 0.6666666666666666, "auc_test": 0.495}
{"name": "log_rank_threshold", "predictions": {"test": [-0.9467494487762451, -1.0678359270095825, -1.3978185653686523, -1.3605296611785889, -1.0923961400985718, -1.7979295253753662, -1.056881070137024, -1.1326724290847778, -1.233963966369629, -1.1841503381729126, -1.4366642236709595, -1.4478453397750854, -1.4173043966293335, -1.3370084762573242, -1.3563425540924072, -1.1147634983062744, -1.5875579118728638, -2.0724198818206787, -1.5608760118484497, -0.9990922212600708, -1.8567413091659546, -1.0805710554122925, -2.3041694164276123, -1.8235026597976685, -2.082206964492798, -1.5037062168121338, -1.4823721647262573, -0.7231109738349915, -0.9840202927589417, -1.3123277425765991]}, "acc_test": 0.6, "precision_test": 0.6666666666666666, "recall_test": 0.8, "f1_test": 0.7272727272727272, "auc_test": 0.5700000000000001}
{"name": "entropy_threshold", "predictions": {"test": [3.286043882369995, 2.6057610511779785, 3.2786169052124023, 3.37375545501709, 2.789924383163452, 3.5855493545532227, 3.199099540710449, 3.1185224056243896, 3.1246912479400635, 2.924111843109131, 3.2274062633514404, 3.302049160003662, 3.040252923965454, 3.546083450317383, 3.0068743228912354, 3.4566495418548584, 3.124307155609131, 3.920661687850952, 3.430191993713379, 3.6987695693969727, 3.596982717514038, 3.1443960666656494, 4.049739360809326, 3.6897103786468506, 4.226161479949951, 3.3050968647003174, 2.992021322250366, 2.9603896141052246, 3.2323148250579834, 3.2814536094665527]}, "acc_test": 0.5333333333333333, "precision_test": 0.6363636363636364, "recall_test": 0.7, "f1_test": 0.6666666666666666, "auc_test": 0.36}
{"name": "rank_GLTR_threshold", "predictions": {"test": [[0.8512396694214877, 0.10743801652892562, 0.03305785123966942, 0.008264462809917356], [0.8384615384615385, 0.11538461538461539, 0.038461538461538464, 0.007692307692307693], [0.7580645161290323, 0.14516129032258066, 0.08064516129032258, 0.016129032258064516], [0.795, 0.14, 0.045, 0.02], [0.8297872340425532, 0.1276595744680851, 0.031914893617021274, 0.010638297872340425], [0.7058823529411765, 0.16176470588235295, 0.08823529411764706, 0.04411764705882353], [0.859504132231405, 0.09090909090909091, 0.04132231404958678, 0.008264462809917356], [0.8376068376068376, 0.10683760683760683, 0.042735042735042736, 0.01282051282051282], [0.7580645161290323, 0.1532258064516129, 0.07258064516129033, 0.016129032258064516], [0.8282208588957055, 0.12269938650306748, 0.03680981595092025, 0.012269938650306749], [0.7302631578947368, 0.18421052631578946, 0.08552631578947369, 0.0], [0.7329545454545454, 0.19886363636363635, 0.0625, 0.005681818181818182], [0.7551020408163265, 0.16326530612244897, 0.06802721088435375, 0.013605442176870748], [0.7482014388489209, 0.16546762589928057, 0.07194244604316546, 0.014388489208633094], [0.7916666666666666, 0.13690476190476192, 0.06547619047619048, 0.005952380952380952], [0.8346456692913385, 0.11023622047244094, 0.031496062992125984, 0.023622047244094488], [0.708994708994709, 0.2222222222222222, 0.047619047619047616, 0.021164021164021163], [0.6793893129770993, 0.1297709923664122, 0.12213740458015267, 0.06870229007633588], [0.75177304964539, 0.1773049645390071, 0.04964539007092199, 0.02127659574468085], [0.8492063492063492, 0.09523809523809523, 0.03968253968253968, 0.015873015873015872], [0.7098765432098766, 0.16049382716049382, 0.10493827160493827, 0.024691358024691357], [0.8583333333333333, 0.09166666666666666, 0.03333333333333333, 0.016666666666666666], [0.6146788990825688, 0.1834862385321101, 0.12844036697247707, 0.07339449541284404], [0.6716417910447762, 0.22388059701492538, 0.05970149253731343, 0.04477611940298507], [0.6503496503496503, 0.1888111888111888, 0.0979020979020979, 0.06293706293706294], [0.7740112994350282, 0.10734463276836158, 0.07344632768361582, 0.04519774011299435], [0.75, 0.14166666666666666, 0.08333333333333333, 0.025], [0.8984375, 0.0859375, 0.015625, 0.0], [0.8348623853211009, 0.13761467889908258, 0.027522935779816515, 0.0], [0.7906976744186046, 0.13178294573643412, 0.05426356589147287, 0.023255813953488372]]}, "acc_test": 0.5666666666666667, "precision_test": 0.6521739130434783, "recall_test": 0.75, "f1_test": 0.6976744186046512, "auc_test": 0.52}
{"name": "perturbation_10_z", "predictions": {"test": [2.976197901198261, 0.836469712374171, 1.5606568992533887, 2.239818485600796, 1.2014204785715508, 0.45711516359238313, 1.3787021105611628, 1.5839407011934747, 0.5504005728584267, 0.5713116510655565, -0.04546057656563308, 0.8723298536503851, 1.0234851714656776, 1.0538180336280056, 1.534716211453555, 1.9206587614007613, 1.0382574236346456, 0.6309677133855087, 2.198782042799088, 1.1079383613687281, 1.508971302182185, 0.11143345858014135, 0.9739164773287021, 0.48320115891822524, 0.21253644345015282, 0.06517540734009221, 0.310681715990104, 1.4539174036039795, 1.8408490243354205, 0.9967135803773951]}, "info": {"pct_words_masked": 0.3, "span_length": 2, "n_perturbations": 10}, "general": {"acc_test": 0.5666666666666667, "precision_test": 0.64, "recall_test": 0.8, "f1_test": 0.7111111111111111, "auc_test": 0.41500000000000004}}
{"name": "GPT-sentinel", "acc": 0.8666666666666667}
{"name": "roberta-base-openai-detector", "predictions": {"test": [0.64879310131073, 0.00022217493096832186, 0.001781193190254271, 0.0001704807364149019, 0.2226777821779251, 0.0005567549960687757, 0.9582007527351379, 0.00026137864915654063, 0.005334567278623581, 0.18224604427814484, 0.0015491209924221039, 0.5790713429450989, 0.0013291017385199666, 0.6848612427711487, 0.0010897761676460505, 0.9991481304168701, 0.00022718304535374045, 0.0001827988598961383, 0.00017335626762360334, 0.9998083710670471, 0.00032977116643451154, 0.9977850914001465, 0.00018127905786968768, 0.0001756256096996367, 0.00016720571147743613, 0.7689008116722107, 0.006536637898534536, 0.9998267292976379, 0.9998219609260559, 0.9887058734893799]}, "logits": {"test": [0.24038206040859222, -4.565043926239014, -3.414127826690674, -4.710495948791504, -0.7312368154525757, -4.054513931274414, 1.5604474544525146, -4.459290504455566, -2.804429531097412, -0.8438707590103149, -3.471712827682495, 0.10391336679458618, -3.575488328933716, 0.3308144509792328, -3.674522876739502, 3.749154567718506, -4.551865577697754, -4.657269477844238, -4.693411350250244, 4.656049728393555, -4.332464218139648, 3.200962543487549, -4.670734882354736, -4.693889141082764, -4.717746734619141, 0.5609345436096191, -2.7012298107147217, 4.704310894012451, 4.679162979125977, 2.295609951019287]}, "acc_test": 0.7, "precision_test": 1.0, "recall_test": 0.55, "f1_test": 0.7096774193548387, "auc_test": 0.75, "preds": [0.64879310131073, 0.2226777821779251, 0.0005567549960687757, 0.9582007527351379, 0.005334567278623581, 0.5790713429450989, 0.6848612427711487, 0.9991481304168701, 0.00022718304535374045, 0.0001827988598961383, 0.00017335626762360334, 0.9998083710670471, 0.9977850914001465, 0.0001756256096996367, 0.00016720571147743613, 0.7689008116722107, 0.006536637898534536, 0.9998267292976379, 0.9998219609260559, 0.9887058734893799]}
{"name": "Hello-SimpleAI/chatgpt-detector-roberta", "predictions": {"test": [0.8773021697998047, 0.8570425510406494, 0.284237265586853, 0.996884286403656, 0.9992268085479736, 0.9943550825119019, 0.999237060546875, 0.9967250227928162, 0.2976732850074768, 0.11777499318122864, 0.9984122514724731, 0.007985498756170273, 0.9992107152938843, 0.9827944040298462, 0.9973704814910889, 0.10135313868522644, 0.3468838036060333, 0.008385535329580307, 0.025417715311050415, 0.9992392063140869, 0.33631715178489685, 0.9992420673370361, 0.00044567405711859465, 0.0005640142480842769, 0.019193850457668304, 0.026747966185212135, 0.0009962640469893813, 0.999241828918457, 0.9992462396621704, 0.9992245435714722]}, "logits": {"test": [0.9817973971366882, 0.9052327871322632, -0.5977181792259216, 2.597830295562744, 3.12322735786438, 2.352161407470703, 3.1239073276519775, 2.5774571895599365, -0.5676473379135132, -1.0969886779785156, 2.8678553104400635, -2.336501121520996, 3.119361162185669, 1.877615213394165, 2.6668174266815186, -1.1726577281951904, -0.4639354646205902, -2.3152873516082764, -1.823704481124878, 3.123948574066162, -0.4855518639087677, 3.1242282390594482, -3.496344804763794, -3.4120538234710693, -1.9500765800476074, -1.8006092309951782, -3.1972544193267822, 3.124328851699829, 3.1248791217803955, 3.1228182315826416]}, "acc_test": 0.4666666666666667, "precision_test": 0.625, "recall_test": 0.5, "f1_test": 0.5555555555555556, "auc_test": 0.5, "preds": [0.8773021697998047, 0.9992268085479736, 0.9943550825119019, 0.999237060546875, 0.2976732850074768, 0.007985498756170273, 0.9827944040298462, 0.10135313868522644, 0.3468838036060333, 0.008385535329580307, 0.025417715311050415, 0.9992392063140869, 0.9992420673370361, 0.0005640142480842769, 0.019193850457668304, 0.026747966185212135, 0.0009962640469893813, 0.999241828918457, 0.9992462396621704, 0.9992245435714722]}
{"name": "distilbert-base-uncased", "predictions": {"test": [0.9667179584503174, 0.0012285186676308513, 0.0007217508391477168, 0.001504576182924211, 0.9909780025482178, 0.7334790825843811, 0.7949920296669006, 0.0011846184497699142, 0.9320226311683655, 0.0006202067597769201, 0.00048399504157714546, 0.7516725063323975, 0.0014156111283227801, 0.8928818702697754, 0.0004475967725738883, 0.736600935459137, 0.9813075065612793, 0.9105434417724609, 0.014571373350918293, 0.9744501709938049, 0.0005110467318445444, 0.8696215748786926, 0.0010986421257257462, 0.352314829826355, 0.9608101844787598, 0.6723635196685791, 0.8937077522277832, 0.9738057255744934, 0.8101754784584045, 0.4082348644733429]}, "logits": {"test": [1.8579603433609009, -3.48075532913208, -3.693082571029663, -3.278996467590332, 2.5078437328338623, 0.6052906513214111, 0.6638928055763245, -3.451138973236084, 1.4183073043823242, -3.7877912521362305, -3.9174039363861084, 0.6027608513832092, -3.3797223567962646, 1.121593713760376, -3.971562147140503, 0.49529093503952026, 2.128851890563965, 1.2152479887008667, -2.1116678714752197, 1.9717532396316528, -3.906899929046631, 0.9617674350738525, -3.455084800720215, -0.30826008319854736, 1.6924805641174316, 0.32440030574798584, 1.162605881690979, 1.8761781454086304, 0.7130187153816223, -0.19309735298156738]}, "acc_test": 0.9, "precision_test": 1.0, "recall_test": 0.85, "f1_test": 0.9189189189189189, "auc_test": 1.0, "preds": [0.9667179584503174, 0.9909780025482178, 0.7334790825843811, 0.7949920296669006, 0.9320226311683655, 0.7516725063323975, 0.8928818702697754, 0.736600935459137, 0.9813075065612793, 0.9105434417724609, 0.014571373350918293, 0.9744501709938049, 0.8696215748786926, 0.352314829826355, 0.9608101844787598, 0.6723635196685791, 0.8937077522277832, 0.9738057255744934, 0.8101754784584045, 0.4082348644733429]}
{"name": "Radar", "total_logits": [[[3.259753465652466, -3.3984575271606445]], [[-0.6431765556335449, 0.21765907108783722]], [[-0.4340490698814392, 0.006688657216727734]], [[0.12908940017223358, -0.5917374491691589]], [[3.2158501148223877, -3.642397403717041]], [[2.676307439804077, -2.8428761959075928]], [[0.948173999786377, -1.3957879543304443]], [[-1.5071992874145508, 1.260991096496582]], [[2.5478076934814453, -3.013141393661499]], [[0.7791942358016968, -1.1747241020202637]], [[-0.44512999057769775, -0.0930357500910759]], [[-1.821939468383789, 1.4125760793685913]], [[0.21195341646671295, -0.5668613910675049]], [[2.336468458175659, -2.666538953781128]], [[-2.1171483993530273, 1.6478009223937988]], [[2.020875930786133, -2.671786069869995]], [[-1.0910937786102295, 0.832000732421875]], [[2.7610185146331787, -2.8150644302368164]], [[2.336618661880493, -2.4660894870758057]], [[3.6376428604125977, -3.7854597568511963]], [[-1.3279474973678589, 0.9334189891815186]], [[3.541378974914551, -3.8283638954162598]], [[0.19243064522743225, -0.6946834921836853]], [[1.1461366415023804, -1.7760955095291138]], [[1.7913867235183716, -2.3973872661590576]], [[2.2032382488250732, -2.9072999954223633]], [[1.7240431308746338, -2.2458672523498535]], [[3.0276355743408203, -3.352102756500244]], [[3.171144723892212, -3.3706352710723877]], [[1.787644863128662, -2.0032577514648438]]], "acc": 0.8, "Notice": "LABEL_0 stands for MGT and LABEL_1 stands for HWT."}
