{"name": "likelihood_threshold", "predictions": {"test": [-2.8609421253204346, -2.92744517326355, -3.797938346862793, -3.064150333404541, -3.1734535694122314, -2.6626393795013428, -3.266469955444336, -3.67740797996521, -3.2876710891723633, -3.86555552482605, -3.1256484985351562, -2.9221746921539307, -2.8097174167633057, -2.8283309936523438, -2.890608310699463, -3.4716856479644775, -3.4126975536346436, -3.684664726257324, -2.8722667694091797, -3.234175443649292, -3.8537118434906006, -2.988912582397461, -3.143124580383301, -2.532872200012207, -2.69077730178833, -3.545217752456665, -3.6819820404052734, -2.9272420406341553, -2.9121036529541016, -3.1822450160980225]}, "acc_test": 0.5, "precision_test": 0.6470588235294118, "recall_test": 0.55, "f1_test": 0.5945945945945946, "auc_test": 0.63}
{"name": "rank_threshold", "predictions": {"test": [-63.681480407714844, -167.76087951660156, -268.9140930175781, -62.050724029541016, -69.31507110595703, -20.86861228942871, -140.52413940429688, -268.05657958984375, -259.49688720703125, -83.9000015258789, -94.96470642089844, -207.18106079101562, -254.44586181640625, -135.00543212890625, -62.38587188720703, -153.24725341796875, -146.63815307617188, -215.19393920898438, -54.402435302734375, -131.7142791748047, -265.11932373046875, -68.2867660522461, -126.49090576171875, -117.40135955810547, -25.544116973876953, -162.4746856689453, -181.05027770996094, -72.29167175292969, -27.29197120666504, -42.62251663208008]}, "acc_test": 0.7, "precision_test": 0.7619047619047619, "recall_test": 0.8, "f1_test": 0.7804878048780488, "auc_test": 0.665}
{"name": "log_rank_threshold", "predictions": {"test": [-1.5155094861984253, -1.4486064910888672, -2.083876371383667, -1.5216152667999268, -1.581173300743103, -1.320426106452942, -1.8071508407592773, -1.9726663827896118, -1.7800520658493042, -2.1244494915008545, -1.6404814720153809, -1.6024523973464966, -1.4103633165359497, -1.4017410278320312, -1.55376136302948, -1.9792710542678833, -1.8771045207977295, -2.0340182781219482, -1.4846347570419312, -1.6478642225265503, -2.1275479793548584, -1.4985766410827637, -1.585797667503357, -1.2558709383010864, -1.318360686302185, -1.9817308187484741, -2.1273858547210693, -1.492336392402649, -1.4348349571228027, -1.6747982501983643]}, "acc_test": 0.5333333333333333, "precision_test": 0.6666666666666666, "recall_test": 0.6, "f1_test": 0.631578947368421, "auc_test": 0.61}
{"name": "entropy_threshold", "predictions": {"test": [3.250962972640991, 3.2134454250335693, 3.8075103759765625, 3.2250869274139404, 2.887730121612549, 3.077831268310547, 3.2589540481567383, 3.7598085403442383, 3.009692907333374, 3.8774688243865967, 3.3182661533355713, 3.336507558822632, 3.178894281387329, 3.320652961730957, 3.109375476837158, 3.51690673828125, 3.701357364654541, 3.958298444747925, 3.228435516357422, 3.3546547889709473, 4.029226303100586, 3.2552239894866943, 3.421308994293213, 3.194117784500122, 3.3369693756103516, 3.7572436332702637, 3.848971366882324, 2.960934638977051, 3.509767770767212, 3.3561527729034424]}, "acc_test": 0.6, "precision_test": 0.7, "recall_test": 0.7, "f1_test": 0.7, "auc_test": 0.5800000000000001}
{"name": "rank_GLTR_threshold", "predictions": {"test": [[0.7481481481481481, 0.18518518518518517, 0.05185185185185185, 0.014814814814814815], [0.782608695652174, 0.13768115942028986, 0.057971014492753624, 0.021739130434782608], [0.6257668711656442, 0.2147239263803681, 0.10429447852760736, 0.05521472392638037], [0.782608695652174, 0.13768115942028986, 0.06521739130434782, 0.014492753623188406], [0.7123287671232876, 0.19863013698630136, 0.0821917808219178, 0.00684931506849315], [0.781021897810219, 0.15328467153284672, 0.06569343065693431, 0.0], [0.7034482758620689, 0.1724137931034483, 0.08275862068965517, 0.041379310344827586], [0.6477987421383647, 0.23270440251572327, 0.07547169811320754, 0.0440251572327044], [0.6894409937888198, 0.16149068322981366, 0.11180124223602485, 0.037267080745341616], [0.63125, 0.20625, 0.14375, 0.01875], [0.7352941176470589, 0.18823529411764706, 0.058823529411764705, 0.01764705882352941], [0.7407407407407407, 0.11522633744855967, 0.102880658436214, 0.0411522633744856], [0.7770700636942676, 0.1337579617834395, 0.07643312101910828, 0.012738853503184714], [0.7663043478260869, 0.13043478260869565, 0.06521739130434782, 0.03804347826086957], [0.7065217391304348, 0.17391304347826086, 0.10869565217391304, 0.010869565217391304], [0.6428571428571429, 0.2087912087912088, 0.11538461538461539, 0.03296703296703297], [0.6710526315789473, 0.17105263157894737, 0.1118421052631579, 0.046052631578947366], [0.6787878787878788, 0.15757575757575756, 0.12121212121212122, 0.04242424242424243], [0.725609756097561, 0.1951219512195122, 0.054878048780487805, 0.024390243902439025], [0.6928571428571428, 0.22857142857142856, 0.05, 0.02857142857142857], [0.625, 0.23863636363636365, 0.08522727272727272, 0.05113636363636364], [0.7352941176470589, 0.19117647058823528, 0.04411764705882353, 0.029411764705882353], [0.7515151515151515, 0.13333333333333333, 0.07878787878787878, 0.03636363636363636], [0.7687074829931972, 0.17006802721088435, 0.05442176870748299, 0.006802721088435374], [0.7573529411764706, 0.18382352941176472, 0.051470588235294115, 0.007352941176470588], [0.6708860759493671, 0.20253164556962025, 0.08860759493670886, 0.0379746835443038], [0.6368715083798883, 0.16759776536312848, 0.13966480446927373, 0.055865921787709494], [0.7583333333333333, 0.14166666666666666, 0.075, 0.025], [0.7445255474452555, 0.18248175182481752, 0.072992700729927, 0.0], [0.6821192052980133, 0.2185430463576159, 0.09271523178807947, 0.006622516556291391]]}, "acc_test": 0.4666666666666667, "precision_test": 0.6428571428571429, "recall_test": 0.45, "f1_test": 0.5294117647058824, "auc_test": 0.52}
{"name": "perturbation_10_z", "predictions": {"test": [0.8630939825394435, 0.4852075127702166, -1.1150659609274671, 0.6293480271676254, 0.23222399669535712, 1.8860928414102978, 0.5389779895760941, 0.07287916924342551, 0.616833745750483, 0.5102158716207651, 0.5808437770842974, 0.8752352515381748, 1.0574041825410199, 0.08306818566647817, 1.194067402829514, 1.7252607883682747, -0.1411981465154974, 0.4762145656372665, 0.6539705375397363, 0.0758141213762764, 0.12475363587695892, 0.6781418290036072, 0.23748179407171016, 0.8045179642471655, 0.7225493158390617, 0.08730043758728134, 0.7024344508872786, 0.8101597596542174, 0.7163004614637762, 0.6149159815186976]}, "info": {"pct_words_masked": 0.3, "span_length": 2, "n_perturbations": 10}, "general": {"acc_test": 0.6333333333333333, "precision_test": 0.7142857142857143, "recall_test": 0.75, "f1_test": 0.7317073170731706, "auc_test": 0.63}}
{"name": "GPT-sentinel", "acc": 0.9666666666666667}
{"name": "roberta-base-openai-detector", "predictions": {"test": [0.001388122676871717, 0.0006019151187501848, 0.007049310952425003, 0.3960545063018799, 0.00022526938118971884, 0.21973642706871033, 0.0002588374773040414, 0.0001704718015389517, 0.001064928132109344, 0.0007740009459666908, 0.00018256128532812, 0.0008541564457118511, 0.0007172587211243808, 0.0002529430785216391, 0.00016779698489699513, 0.00017123633006121963, 0.0002320673520443961, 0.001439479528926313, 0.0023509589955210686, 0.0010464744409546256, 0.00019914741278626025, 0.029249373823404312, 0.17016460001468658, 0.9422128796577454, 0.6294617652893066, 0.0003101365000475198, 0.00016987192793749273, 0.00017616231343708932, 0.00029299966990947723, 0.0006586048984900117]}, "logits": {"test": [-3.555130958557129, -4.008166313171387, -2.6390626430511475, -0.27711355686187744, -4.54768705368042, -0.728585958480835, -4.462230205535889, -4.700935363769531, -3.6830801963806152, -3.8558237552642822, -4.670619010925293, -3.80181622505188, -3.908032178878784, -4.491973400115967, -4.718014717102051, -4.704427719116211, -4.5297465324401855, -3.495595693588257, -3.2465763092041016, -3.6798887252807617, -4.618623733520508, -1.8824796676635742, -0.8630470037460327, 1.3806077241897583, 0.20504793524742126, -4.359478950500488, -4.709679126739502, -4.688755035400391, -4.4082512855529785, -3.9579601287841797]}, "acc_test": 0.4, "precision_test": 1.0, "recall_test": 0.1, "f1_test": 0.18181818181818182, "auc_test": 0.5650000000000001, "preds": [0.001388122676871717, 0.00022526938118971884, 0.21973642706871033, 0.0002588374773040414, 0.001064928132109344, 0.0008541564457118511, 0.0002529430785216391, 0.00017123633006121963, 0.0002320673520443961, 0.001439479528926313, 0.0023509589955210686, 0.0010464744409546256, 0.029249373823404312, 0.9422128796577454, 0.6294617652893066, 0.0003101365000475198, 0.00016987192793749273, 0.00017616231343708932, 0.00029299966990947723, 0.0006586048984900117]}
{"name": "Hello-SimpleAI/chatgpt-detector-roberta", "predictions": {"test": [0.5917167663574219, 0.2961519956588745, 0.0010523770470172167, 0.29011255502700806, 0.9989145994186401, 0.9506268501281738, 0.0014981047715991735, 0.0005411435849964619, 0.03564273566007614, 0.0003773467615246773, 0.02071872353553772, 0.9175172448158264, 0.05228765681385994, 0.9819099307060242, 0.055932916700839996, 0.008280565030872822, 0.01611327938735485, 0.0017933514900505543, 0.1728721559047699, 0.0801035463809967, 0.0014153671218082309, 0.9795680046081543, 0.10417945683002472, 0.8493737578392029, 0.29709482192993164, 0.021226294338703156, 0.0006899721338413656, 0.0006569076213054359, 0.017945339903235435, 0.008251695893704891]}, "logits": {"test": [0.2768172025680542, -0.5711274147033691, -3.1759650707244873, -0.5846738815307617, 3.0128517150878906, 1.4110420942306519, -3.0365846157073975, -3.4271321296691895, -1.6696438789367676, -3.553354501724243, -1.915807843208313, 1.1736794710159302, -1.491845726966858, 1.8559107780456543, -1.4601287841796875, -2.3207452297210693, -2.0281009674072266, -2.9642703533172607, -0.8942161798477173, -1.288393497467041, -3.059243679046631, 1.802889347076416, -1.1532186269760132, 0.8785384893417358, -0.5688848495483398, -1.9049251079559326, -3.3374009132385254, -3.355756998062134, -1.9801369905471802, -2.3222615718841553]}, "acc_test": 0.5666666666666667, "precision_test": 1.0, "recall_test": 0.35, "f1_test": 0.5185185185185185, "auc_test": 0.665, "preds": [0.5917167663574219, 0.9989145994186401, 0.9506268501281738, 0.0014981047715991735, 0.03564273566007614, 0.9175172448158264, 0.9819099307060242, 0.008280565030872822, 0.01611327938735485, 0.0017933514900505543, 0.1728721559047699, 0.0801035463809967, 0.9795680046081543, 0.8493737578392029, 0.29709482192993164, 0.021226294338703156, 0.0006899721338413656, 0.0006569076213054359, 0.017945339903235435, 0.008251695893704891]}
{"name": "distilbert-base-uncased", "predictions": {"test": [0.9965974688529968, 0.016705447807908058, 0.0006637359037995338, 0.003139782464131713, 0.9953405857086182, 0.99403315782547, 0.9929047226905823, 0.4122534990310669, 0.9893339276313782, 0.000863292720168829, 0.5146451592445374, 0.9975640773773193, 0.17095157504081726, 0.9953874945640564, 0.9952656030654907, 0.14071395993232727, 0.7571411728858948, 0.02736390195786953, 0.9969743490219116, 0.9846509695053101, 0.0003366766613908112, 0.997380793094635, 0.01999826729297638, 0.9975264668464661, 0.9977061748504639, 0.05338713899254799, 0.9931260347366333, 0.989072859287262, 0.6230594515800476, 0.9968461394309998]}, "logits": {"test": [3.0697989463806152, -2.1420631408691406, -3.7657382488250732, -2.9556922912597656, 2.835338830947876, 2.776076316833496, 2.679464340209961, -0.1183697059750557, 2.4461660385131836, -3.6448028087615967, 0.13553740084171295, 3.268381118774414, -0.7811717987060547, 2.96852707862854, 2.8492679595947266, -0.7706258893013, 0.6975003480911255, -1.781767725944519, 3.176845073699951, 2.2865049839019775, -4.141087055206299, 3.2451720237731934, -1.9784983396530151, 3.3008909225463867, 3.3419408798217773, -1.3669599294662476, 2.7386460304260254, 2.4686803817749023, 0.3255491852760315, 3.193047046661377]}, "acc_test": 0.8333333333333334, "precision_test": 0.8947368421052632, "recall_test": 0.85, "f1_test": 0.8717948717948718, "auc_test": 0.8999999999999999, "preds": [0.9965974688529968, 0.9953405857086182, 0.99403315782547, 0.9929047226905823, 0.9893339276313782, 0.9975640773773193, 0.9953874945640564, 0.14071395993232727, 0.7571411728858948, 0.02736390195786953, 0.9969743490219116, 0.9846509695053101, 0.997380793094635, 0.9975264668464661, 0.9977061748504639, 0.05338713899254799, 0.9931260347366333, 0.989072859287262, 0.6230594515800476, 0.9968461394309998]}
{"name": "Radar", "total_logits": [[[-0.05789603665471077, -0.13257978856563568]], [[-0.6718929409980774, 0.36069440841674805]], [[-1.9705919027328491, 1.67371666431427]], [[-0.7835404276847839, 0.17914941906929016]], [[1.6654263734817505, -2.08292293548584]], [[2.1372783184051514, -2.6252968311309814]], [[0.4543183445930481, -0.8549379706382751]], [[-2.3523497581481934, 2.227031707763672]], [[-2.167020797729492, 1.890048623085022]], [[-2.7197611331939697, 2.5483388900756836]], [[0.2624127268791199, -0.7091326713562012]], [[-2.096649408340454, 1.8431322574615479]], [[0.3692941665649414, -0.5989988446235657]], [[2.002823829650879, -2.3544390201568604]], [[-2.3632447719573975, 2.206724166870117]], [[-2.2771551609039307, 2.2145349979400635]], [[-0.1583227813243866, -0.2730778753757477]], [[0.23282481729984283, -0.2946544587612152]], [[1.9383692741394043, -2.3329808712005615]], [[2.5852458477020264, -2.945564031600952]], [[-2.877396821975708, 2.5877387523651123]], [[1.2664960622787476, -1.5731182098388672]], [[-0.37211108207702637, 0.013708221726119518]], [[1.7833033800125122, -2.0312554836273193]], [[2.281993865966797, -2.352320671081543]], [[-1.9638227224349976, 1.9221709966659546]], [[-0.7187336683273315, 0.2767637372016907]], [[0.6190453171730042, -0.9548335075378418]], [[2.700634479522705, -2.8919925689697266]], [[1.615599513053894, -1.7856782674789429]]], "acc": 0.7666666666666667, "Notice": "LABEL_0 stands for MGT and LABEL_1 stands for HWT."}
