{"name": "likelihood_threshold", "predictions": {"test": [-2.224348783493042, -1.8687344789505005, -3.6159510612487793, -3.008913278579712, -2.3158507347106934, -3.3145384788513184, -2.3539912700653076, -2.327241897583008, -2.469748020172119, -2.594047784805298, -2.6269290447235107, -2.918565511703491, -2.887547731399536, -2.7532944679260254, -2.264826774597168, -2.2404050827026367, -3.0808205604553223, -3.6571483612060547, -3.039008617401123, -2.377828359603882, -3.407823085784912, -2.3163464069366455, -2.5579066276550293, -3.499328851699829, -3.6540067195892334, -2.817586898803711, -3.1010942459106445, -1.8404045104980469, -2.25759220123291, -2.6797103881835938]}, "acc_test": 0.6, "precision_test": 0.6666666666666666, "recall_test": 0.8, "f1_test": 0.7272727272727272, "auc_test": 0.49}
{"name": "rank_threshold", "predictions": {"test": [-62.78512191772461, -19.196720123291016, -328.256591796875, -126.73333740234375, -41.585105895996094, -456.3235168457031, -25.59503936767578, -64.22130584716797, -68.09677124023438, -31.150001525878906, -33.741668701171875, -40.215911865234375, -332.8164978027344, -117.82014465332031, -62.876922607421875, -95.94400787353516, -91.86842346191406, -472.7404479980469, -211.3333282470703, -75.9920654296875, -98.31200408935547, -58.2833366394043, -19.008930206298828, -187.76864624023438, -471.1748046875, -316.6327819824219, -137.30833435058594, -7.3828125, -9.871559143066406, -88.06977081298828]}, "acc_test": 0.5333333333333333, "precision_test": 0.6363636363636364, "recall_test": 0.7, "f1_test": 0.6666666666666666, "auc_test": 0.415}
{"name": "log_rank_threshold", "predictions": {"test": [-0.9467494487762451, -0.8482556939125061, -1.914092779159546, -1.584974765777588, -1.0923961400985718, -1.7979295253753662, -1.056881070137024, -1.0181336402893066, -1.233963966369629, -1.209383249282837, -1.2402219772338867, -1.4478453397750854, -1.417672872543335, -1.3370084762573242, -1.0431054830551147, -0.9835419058799744, -1.5046236515045166, -2.0724198818206787, -1.5608760118484497, -0.9990922212600708, -1.8380638360977173, -1.0805710554122925, -1.2247552871704102, -1.8235026597976685, -2.082206964492798, -1.5037062168121338, -1.6477534770965576, -0.7231109738349915, -0.9840202927589417, -1.3123277425765991]}, "acc_test": 0.6, "precision_test": 0.6666666666666666, "recall_test": 0.8, "f1_test": 0.7272727272727272, "auc_test": 0.49}
{"name": "entropy_threshold", "predictions": {"test": [3.286043882369995, 2.1954185962677, 3.8758656978607178, 3.4237589836120605, 2.789924383163452, 3.5855493545532227, 3.199099540710449, 3.2717039585113525, 3.1246912479400635, 3.176682949066162, 2.7710273265838623, 3.302049160003662, 3.3377721309661865, 3.546083450317383, 2.58129620552063, 3.351316452026367, 3.190506935119629, 3.920661687850952, 3.430191993713379, 3.6987695693969727, 3.3956687450408936, 3.1443960666656494, 2.7625956535339355, 3.6897103786468506, 4.226161479949951, 3.3050968647003174, 3.0847246646881104, 2.9603896141052246, 3.2323148250579834, 3.2814536094665527]}, "acc_test": 0.5, "precision_test": 0.6086956521739131, "recall_test": 0.7, "f1_test": 0.6511627906976744, "auc_test": 0.345}
{"name": "rank_GLTR_threshold", "predictions": {"test": [[0.8512396694214877, 0.10743801652892562, 0.03305785123966942, 0.008264462809917356], [0.8524590163934426, 0.11475409836065574, 0.02459016393442623, 0.00819672131147541], [0.6907894736842105, 0.19078947368421054, 0.07894736842105263, 0.039473684210526314], [0.7416666666666667, 0.15, 0.075, 0.03333333333333333], [0.8297872340425532, 0.1276595744680851, 0.031914893617021274, 0.010638297872340425], [0.7058823529411765, 0.16176470588235295, 0.08823529411764706, 0.04411764705882353], [0.859504132231405, 0.09090909090909091, 0.04132231404958678, 0.008264462809917356], [0.8442622950819673, 0.10655737704918032, 0.040983606557377046, 0.00819672131147541], [0.7580645161290323, 0.1532258064516129, 0.07258064516129033, 0.016129032258064516], [0.8083333333333333, 0.15, 0.03333333333333333, 0.008333333333333333], [0.7833333333333333, 0.15, 0.06666666666666667, 0.0], [0.7329545454545454, 0.19886363636363635, 0.0625, 0.005681818181818182], [0.7431192660550459, 0.1926605504587156, 0.05504587155963303, 0.009174311926605505], [0.7482014388489209, 0.16546762589928057, 0.07194244604316546, 0.014388489208633094], [0.8461538461538461, 0.1076923076923077, 0.038461538461538464, 0.007692307692307693], [0.856, 0.112, 0.016, 0.016], [0.7684210526315789, 0.15263157894736842, 0.04736842105263158, 0.031578947368421054], [0.6793893129770993, 0.1297709923664122, 0.12213740458015267, 0.06870229007633588], [0.75177304964539, 0.1773049645390071, 0.04964539007092199, 0.02127659574468085], [0.8492063492063492, 0.09523809523809523, 0.03968253968253968, 0.015873015873015872], [0.664, 0.232, 0.064, 0.04], [0.8583333333333333, 0.09166666666666666, 0.03333333333333333, 0.016666666666666666], [0.7678571428571429, 0.1875, 0.044642857142857144, 0.0], [0.6716417910447762, 0.22388059701492538, 0.05970149253731343, 0.04477611940298507], [0.6503496503496503, 0.1888111888111888, 0.0979020979020979, 0.06293706293706294], [0.7740112994350282, 0.10734463276836158, 0.07344632768361582, 0.04519774011299435], [0.7083333333333334, 0.14166666666666666, 0.10833333333333334, 0.041666666666666664], [0.8984375, 0.0859375, 0.015625, 0.0], [0.8348623853211009, 0.13761467889908258, 0.027522935779816515, 0.0], [0.7906976744186046, 0.13178294573643412, 0.05426356589147287, 0.023255813953488372]]}, "acc_test": 0.5666666666666667, "precision_test": 0.6521739130434783, "recall_test": 0.75, "f1_test": 0.6976744186046512, "auc_test": 0.55}
{"name": "perturbation_10_z", "predictions": {"test": [2.976197901198261, 0.8297389299122072, -0.09836513919421104, 0.4439796983099018, 0.9235186747664687, 0.3244435273341274, 1.6663203935985065, 0.833927881743663, 1.0212434104658892, 0.7507637094155273, -0.5093079738726625, 0.05792679501582815, 0.1926184791333637, 0.954848815744639, 0.06953013875635465, 0.7669038968875141, 0.7595767138290037, 0.506973047015931, 1.1280796769491632, 1.2184911106959908, -0.8390829853440371, 0.10490426688933611, 0.9607290027035121, 0.6915888183425196, 0.318272568617935, 0.09964044675725257, 0.04663323500486587, 1.2182898179147978, 0.7674171434690036, 0.41748173827005575]}, "info": {"pct_words_masked": 0.3, "span_length": 2, "n_perturbations": 10}, "general": {"acc_test": 0.6333333333333333, "precision_test": 0.7368421052631579, "recall_test": 0.7, "f1_test": 0.717948717948718, "auc_test": 0.7}}
{"name": "GPT-sentinel", "acc": 0.5333333333333333}
{"name": "roberta-base-openai-detector", "predictions": {"test": [0.64879310131073, 0.9995254278182983, 0.9994747042655945, 0.09508724510669708, 0.2226777821779251, 0.0005567549960687757, 0.9582007527351379, 0.08992674201726913, 0.005334567278623581, 0.9989168643951416, 0.003354310290887952, 0.5790713429450989, 0.0848829448223114, 0.6848612427711487, 0.4591626524925232, 0.9997987151145935, 0.21648097038269043, 0.0001827988598961383, 0.00017335626762360334, 0.9998083710670471, 0.008006034418940544, 0.9977850914001465, 0.9913012385368347, 0.0001756256096996367, 0.00016720571147743613, 0.7689008116722107, 0.00023087096633389592, 0.9998267292976379, 0.9998219609260559, 0.9887058734893799]}, "logits": {"test": [0.24038206040859222, 4.1051716804504395, 4.042510509490967, -1.2336344718933105, -0.7312368154525757, -4.054513931274414, 1.5604474544525146, -1.2689279317855835, -2.804429531097412, 3.621938467025757, -3.057114839553833, 0.10391336679458618, -1.3026988506317139, 0.3308144509792328, -0.1736047863960266, 4.6033735275268555, -0.7346187829971313, -4.657269477844238, -4.693411350250244, 4.656049728393555, -2.5988705158233643, 3.200962543487549, 2.4323272705078125, -4.693889141082764, -4.717746734619141, 0.5609345436096191, -4.541580677032471, 4.704310894012451, 4.679162979125977, 2.295609951019287]}, "acc_test": 0.5666666666666667, "precision_test": 0.7333333333333333, "recall_test": 0.55, "f1_test": 0.6285714285714286, "auc_test": 0.47, "preds": [0.64879310131073, 0.2226777821779251, 0.0005567549960687757, 0.9582007527351379, 0.005334567278623581, 0.5790713429450989, 0.6848612427711487, 0.9997987151145935, 0.21648097038269043, 0.0001827988598961383, 0.00017335626762360334, 0.9998083710670471, 0.9977850914001465, 0.0001756256096996367, 0.00016720571147743613, 0.7689008116722107, 0.00023087096633389592, 0.9998267292976379, 0.9998219609260559, 0.9887058734893799]}
{"name": "Hello-SimpleAI/chatgpt-detector-roberta", "predictions": {"test": [0.8773021697998047, 0.999208390712738, 0.3054465055465698, 0.2753711938858032, 0.9992268085479736, 0.9943550825119019, 0.999237060546875, 0.9983298182487488, 0.2976732850074768, 0.988619327545166, 0.9981920123100281, 0.007985498756170273, 0.8565648198127747, 0.9827944040298462, 0.9992166757583618, 0.7182360887527466, 0.995937705039978, 0.008385535329580307, 0.025417715311050415, 0.9992392063140869, 0.9845747351646423, 0.9992420673370361, 0.9987667798995972, 0.0005640142480842769, 0.019193850457668304, 0.026747966185212135, 0.020067201927304268, 0.999241828918457, 0.9992462396621704, 0.9992245435714722]}, "logits": {"test": [0.9817973971366882, 3.1186635494232178, -0.5507516264915466, -0.618333101272583, 3.12322735786438, 2.352161407470703, 3.1239073276519775, 2.848022699356079, -0.5676473379135132, 2.0555827617645264, 2.816807508468628, -2.336501121520996, 0.9033276438713074, 1.877615213394165, 3.121025800704956, 0.525158166885376, 2.488884925842285, -2.3152873516082764, -1.823704481124878, 3.123948574066162, 1.9248777627944946, 3.1242282390594482, 2.965160608291626, -3.4120538234710693, -1.9500765800476074, -1.8006092309951782, -1.930128574371338, 3.124328851699829, 3.1248791217803955, 3.1228182315826416]}, "acc_test": 0.4666666666666667, "precision_test": 0.6, "recall_test": 0.6, "f1_test": 0.6, "auc_test": 0.44500000000000006, "preds": [0.8773021697998047, 0.9992268085479736, 0.9943550825119019, 0.999237060546875, 0.2976732850074768, 0.007985498756170273, 0.9827944040298462, 0.7182360887527466, 0.995937705039978, 0.008385535329580307, 0.025417715311050415, 0.9992392063140869, 0.9992420673370361, 0.0005640142480842769, 0.019193850457668304, 0.026747966185212135, 0.020067201927304268, 0.999241828918457, 0.9992462396621704, 0.9992245435714722]}
{"name": "distilbert-base-uncased", "predictions": {"test": [0.9667179584503174, 0.12487588077783585, 0.8349679112434387, 0.9703494310379028, 0.9909780025482178, 0.7334790825843811, 0.7949920296669006, 0.9718317985534668, 0.9320226311683655, 0.6087865829467773, 0.9868283271789551, 0.7516725063323975, 0.22848883271217346, 0.8928818702697754, 0.0011203554458916187, 0.7433862090110779, 0.5046349763870239, 0.9105434417724609, 0.014571373350918293, 0.9744501709938049, 0.963813841342926, 0.8696215748786926, 0.9747437834739685, 0.352314829826355, 0.9608101844787598, 0.6723635196685791, 0.823297917842865, 0.9738057255744934, 0.8101754784584045, 0.4082348644733429]}, "logits": {"test": [1.8579603433609009, -0.9568893909454346, 0.9184573292732239, 1.8354589939117432, 2.5078437328338623, 0.6052906513214111, 0.6638928055763245, 1.9310250282287598, 1.4183073043823242, 0.16075295209884644, 2.351250410079956, 0.6027608513832092, -0.6831682920455933, 1.121593713760376, -3.4123339653015137, 0.5204234719276428, 0.008988773450255394, 1.2152479887008667, -2.1116678714752197, 1.9717532396316528, 1.7800911664962769, 0.9617674350738525, 1.8763021230697632, -0.30826008319854736, 1.6924805641174316, 0.32440030574798584, 0.8439703583717346, 1.8761781454086304, 0.7130187153816223, -0.19309735298156738]}, "acc_test": 0.6666666666666666, "precision_test": 0.7083333333333334, "recall_test": 0.85, "f1_test": 0.7727272727272727, "auc_test": 0.475, "preds": [0.9667179584503174, 0.9909780025482178, 0.7334790825843811, 0.7949920296669006, 0.9320226311683655, 0.7516725063323975, 0.8928818702697754, 0.7433862090110779, 0.5046349763870239, 0.9105434417724609, 0.014571373350918293, 0.9744501709938049, 0.8696215748786926, 0.352314829826355, 0.9608101844787598, 0.6723635196685791, 0.823297917842865, 0.9738057255744934, 0.8101754784584045, 0.4082348644733429]}
{"name": "Radar", "total_logits": [[[3.259753465652466, -3.3984575271606445]], [[1.7076237201690674, -2.0279030799865723]], [[2.405195951461792, -2.58981990814209]], [[3.5972890853881836, -3.787569284439087]], [[3.2158501148223877, -3.642397403717041]], [[2.676307439804077, -2.8428761959075928]], [[0.948173999786377, -1.3957879543304443]], [[3.4072232246398926, -3.462161064147949]], [[2.5478076934814453, -3.013141393661499]], [[2.000178098678589, -2.3418407440185547]], [[-0.579112708568573, 0.36989614367485046]], [[-1.821939468383789, 1.4125760793685913]], [[3.01137113571167, -3.0667803287506104]], [[2.336468458175659, -2.666538953781128]], [[3.189598798751831, -3.261941432952881]], [[2.1019675731658936, -2.7417261600494385]], [[0.005395730026066303, -0.44885972142219543]], [[2.7610185146331787, -2.8150644302368164]], [[2.336618661880493, -2.4660894870758057]], [[3.6376428604125977, -3.7854597568511963]], [[0.19203349947929382, -0.7277268171310425]], [[3.541378974914551, -3.8283638954162598]], [[1.106063723564148, -1.5347799062728882]], [[1.1461366415023804, -1.7760955095291138]], [[1.7913867235183716, -2.3973872661590576]], [[2.2032382488250732, -2.9072999954223633]], [[1.547010898590088, -1.9879475831985474]], [[3.0276355743408203, -3.352102756500244]], [[3.171144723892212, -3.3706352710723877]], [[1.787644863128662, -2.0032577514648438]]], "acc": 0.6666666666666666, "Notice": "LABEL_0 stands for MGT and LABEL_1 stands for HWT."}
