{"name": "likelihood_threshold", "predictions": {"test": [-3.351614236831665, -2.92744517326355, -3.797938346862793, -3.064150333404541, -3.0890257358551025, -3.214484930038452, -3.1485607624053955, -3.67740797996521, -3.709622621536255, -3.86555552482605, -3.1256484985351562, -3.2898995876312256, -2.8097174167633057, -3.3361942768096924, -2.890608310699463, -3.468548536300659, -3.5467162132263184, -3.349482297897339, -3.6517653465270996, -3.388428211212158, -3.8537118434906006, -3.078356981277466, -3.143124580383301, -2.6994729042053223, -2.9734106063842773, -3.619382381439209, -3.3712151050567627, -2.805887222290039, -3.567288875579834, -2.8955681324005127]}, "acc_test": 0.36666666666666664, "precision_test": 0.5384615384615384, "recall_test": 0.35, "f1_test": 0.4242424242424242, "auc_test": 0.51}
{"name": "rank_threshold", "predictions": {"test": [-89.4936752319336, -167.76087951660156, -268.9140930175781, -62.050724029541016, -37.376712799072266, -60.61016845703125, -134.27951049804688, -268.05657958984375, -242.62091064453125, -83.9000015258789, -94.96470642089844, -257.61651611328125, -254.44586181640625, -142.753173828125, -62.38587188720703, -208.27374267578125, -159.42567443847656, -90.97483825683594, -488.5724792480469, -133.6024932861328, -265.11932373046875, -91.69117736816406, -126.49090576171875, -36.49693298339844, -46.1705436706543, -147.7785186767578, -159.1727752685547, -61.795772552490234, -81.42753601074219, -33.1629638671875]}, "acc_test": 0.7, "precision_test": 0.7619047619047619, "recall_test": 0.8, "f1_test": 0.7804878048780488, "auc_test": 0.65}
{"name": "log_rank_threshold", "predictions": {"test": [-1.809234619140625, -1.4486064910888672, -2.083876371383667, -1.5216152667999268, -1.5427948236465454, -1.7332836389541626, -1.7067689895629883, -1.9726663827896118, -2.0827155113220215, -2.1244494915008545, -1.6404814720153809, -1.8558770418167114, -1.4103633165359497, -1.8027857542037964, -1.55376136302948, -1.8983784914016724, -1.983263611793518, -1.787933111190796, -2.0442874431610107, -1.7828867435455322, -2.1275479793548584, -1.587922215461731, -1.585797667503357, -1.3478084802627563, -1.4764808416366577, -1.9946736097335815, -1.9013102054595947, -1.476950764656067, -1.9210981130599976, -1.4408289194107056]}, "acc_test": 0.3333333333333333, "precision_test": 0.5, "recall_test": 0.3, "f1_test": 0.37499999999999994, "auc_test": 0.495}
{"name": "entropy_threshold", "predictions": {"test": [3.3908421993255615, 3.2134454250335693, 3.8075103759765625, 3.2250869274139404, 2.8678009510040283, 3.1980957984924316, 3.354616641998291, 3.7598085403442383, 3.388990640640259, 3.8774688243865967, 3.3182661533355713, 3.49101185798645, 3.178894281387329, 3.3951926231384277, 3.109375476837158, 3.545201301574707, 3.709629535675049, 3.787692070007324, 3.652052164077759, 3.678856611251831, 4.029226303100586, 3.435030221939087, 3.421308994293213, 3.2525746822357178, 3.355694532394409, 3.8709099292755127, 3.6181774139404297, 3.033587694168091, 3.747166395187378, 3.3387861251831055]}, "acc_test": 0.5333333333333333, "precision_test": 0.6666666666666666, "recall_test": 0.6, "f1_test": 0.631578947368421, "auc_test": 0.505}
{"name": "rank_GLTR_threshold", "predictions": {"test": [[0.6835443037974683, 0.20253164556962025, 0.08860759493670886, 0.02531645569620253], [0.782608695652174, 0.13768115942028986, 0.057971014492753624, 0.021739130434782608], [0.6257668711656442, 0.2147239263803681, 0.10429447852760736, 0.05521472392638037], [0.782608695652174, 0.13768115942028986, 0.06521739130434782, 0.014492753623188406], [0.7123287671232876, 0.21232876712328766, 0.0684931506849315, 0.00684931506849315], [0.711864406779661, 0.17796610169491525, 0.1016949152542373, 0.00847457627118644], [0.7018633540372671, 0.18633540372670807, 0.07453416149068323, 0.037267080745341616], [0.6477987421383647, 0.23270440251572327, 0.07547169811320754, 0.0440251572327044], [0.6666666666666666, 0.1568627450980392, 0.13725490196078433, 0.0392156862745098], [0.63125, 0.20625, 0.14375, 0.01875], [0.7352941176470589, 0.18823529411764706, 0.058823529411764705, 0.01764705882352941], [0.6796116504854369, 0.1650485436893204, 0.10679611650485436, 0.04854368932038835], [0.7770700636942676, 0.1337579617834395, 0.07643312101910828, 0.012738853503184714], [0.7151898734177216, 0.13291139240506328, 0.12658227848101267, 0.02531645569620253], [0.7065217391304348, 0.17391304347826086, 0.10869565217391304, 0.010869565217391304], [0.6703910614525139, 0.18994413407821228, 0.0893854748603352, 0.05027932960893855], [0.6621621621621622, 0.1554054054054054, 0.12837837837837837, 0.05405405405405406], [0.6729559748427673, 0.22012578616352202, 0.08176100628930817, 0.025157232704402517], [0.6594202898550725, 0.21014492753623187, 0.07246376811594203, 0.057971014492753624], [0.6645962732919255, 0.21739130434782608, 0.09316770186335403, 0.024844720496894408], [0.625, 0.23863636363636365, 0.08522727272727272, 0.05113636363636364], [0.7205882352941176, 0.19852941176470587, 0.04411764705882353, 0.03676470588235294], [0.7515151515151515, 0.13333333333333333, 0.07878787878787878, 0.03636363636363636], [0.754601226993865, 0.20245398773006135, 0.03680981595092025, 0.006134969325153374], [0.751937984496124, 0.17054263565891473, 0.06201550387596899, 0.015503875968992248], [0.6644295302013423, 0.2080536912751678, 0.09395973154362416, 0.03355704697986577], [0.680628272251309, 0.18324607329842932, 0.09424083769633508, 0.041884816753926704], [0.7323943661971831, 0.15492957746478872, 0.09859154929577464, 0.014084507042253521], [0.6376811594202898, 0.2536231884057971, 0.09420289855072464, 0.014492753623188406], [0.7481481481481481, 0.17037037037037037, 0.08148148148148149, 0.0]]}, "acc_test": 0.3333333333333333, "precision_test": 0.5, "recall_test": 0.25, "f1_test": 0.3333333333333333, "auc_test": 0.44499999999999995}
{"name": "perturbation_10_z", "predictions": {"test": [0.015292163885704592, 0.42105693392937993, -0.644134609502308, 0.3986471292895965, -0.012854839907332397, 1.4874489465214344, 0.21759110630661155, 0.1445359701576612, 0.6716711374450799, 0.4532256098356329, 0.5809187722158506, 0.2733872373172024, 0.10526564324534293, -0.2761122216020135, 0.8658537472745107, 0.7666512764504217, 0.03387137337025916, 0.28876039507739654, -0.2329606158228696, 0.3504804114780021, -0.019621114054163627, 0.4036678433888505, 0.3413373581578643, 0.7238303362347797, 0.2376575339378971, 0.7350381521147274, 0.26349982099811425, 0.3219626232897372, 0.6459388847971512, 0.7068529823739738]}, "info": {"pct_words_masked": 0.3, "span_length": 2, "n_perturbations": 10}, "general": {"acc_test": 0.43333333333333335, "precision_test": 0.6153846153846154, "recall_test": 0.4, "f1_test": 0.4848484848484849, "auc_test": 0.535}}
{"name": "GPT-sentinel", "acc": 0.8}
{"name": "roberta-base-openai-detector", "predictions": {"test": [0.00017643364844843745, 0.0006019151187501848, 0.007049310952425003, 0.3960545063018799, 0.00027904220041818917, 0.00027698269695974886, 0.004057235084474087, 0.0001704718015389517, 0.0022318263072520494, 0.0007740009459666908, 0.00018256128532812, 0.0014359457418322563, 0.0007172587211243808, 0.00017922934785019606, 0.00016779698489699513, 0.0008201012969948351, 0.0001748435024637729, 0.0001915928878588602, 0.00017463407129980624, 0.03285294026136398, 0.00019914741278626025, 0.005158311687409878, 0.17016460001468658, 0.0003516323340591043, 0.006590745411813259, 0.00022227027511689812, 0.0072759296745061874, 0.007767746224999428, 0.00019748721388168633, 0.8956519365310669]}, "logits": {"test": [-4.68917989730835, -4.008166313171387, -2.6390626430511475, -0.27711355686187744, -4.425541877746582, -4.4386725425720215, -2.937030792236328, -4.700935363769531, -3.273231029510498, -3.8558237552642822, -4.670619010925293, -3.513606309890747, -3.908032178878784, -4.68139123916626, -4.718014717102051, -3.824275016784668, -4.691277027130127, -4.630675315856934, -4.684596538543701, -1.797594666481018, -4.618623733520508, -2.8304643630981445, -0.8630470037460327, -4.304998874664307, -2.699979066848755, -4.550723552703857, -2.6354713439941406, -2.617138624191284, -4.62466287612915, 1.0417081117630005]}, "acc_test": 0.36666666666666664, "precision_test": 1.0, "recall_test": 0.05, "f1_test": 0.09523809523809523, "auc_test": 0.53, "preds": [0.00017643364844843745, 0.00027904220041818917, 0.00027698269695974886, 0.004057235084474087, 0.0022318263072520494, 0.0014359457418322563, 0.00017922934785019606, 0.0008201012969948351, 0.0001748435024637729, 0.0001915928878588602, 0.00017463407129980624, 0.03285294026136398, 0.005158311687409878, 0.0003516323340591043, 0.006590745411813259, 0.00022227027511689812, 0.0072759296745061874, 0.007767746224999428, 0.00019748721388168633, 0.8956519365310669]}
{"name": "Hello-SimpleAI/chatgpt-detector-roberta", "predictions": {"test": [0.02467450499534607, 0.2961519956588745, 0.0010523770470172167, 0.29011255502700806, 0.9990322589874268, 0.013360352255403996, 0.048175960779190063, 0.0005411435849964619, 0.0033959022257477045, 0.0003773467615246773, 0.02071872353553772, 0.007618379313498735, 0.05228765681385994, 0.18099558353424072, 0.055932916700839996, 0.008029422722756863, 0.005687039345502853, 0.005258228164166212, 0.03527170419692993, 0.011734914034605026, 0.0014153671218082309, 0.9430291056632996, 0.10417945683002472, 0.9554106593132019, 0.12798665463924408, 0.006189017556607723, 0.005341092124581337, 0.006935162469744682, 0.0013306785840541124, 0.04877355322241783]}, "logits": {"test": [-1.8371155261993408, -0.5711274147033691, -3.1759650707244873, -0.5846738815307617, 3.0542798042297363, -2.1111481189727783, -1.530165195465088, -3.4271321296691895, -2.7013158798217773, -3.553354501724243, -1.915807843208313, -2.3569040298461914, -1.491845726966858, -0.8687316179275513, -1.4601287841796875, -2.3341257572174072, -2.482846975326538, -2.5163731575012207, -1.674454927444458, -2.1683311462402344, -3.059243679046631, 1.3457382917404175, -1.1532186269760132, 1.4571832418441772, -1.054336428642273, -2.44655442237854, -2.5096993446350098, -2.3975329399108887, -3.0837624073028564, -1.5244033336639404]}, "acc_test": 0.43333333333333335, "precision_test": 1.0, "recall_test": 0.15, "f1_test": 0.2608695652173913, "auc_test": 0.545, "preds": [0.02467450499534607, 0.9990322589874268, 0.013360352255403996, 0.048175960779190063, 0.0033959022257477045, 0.007618379313498735, 0.18099558353424072, 0.008029422722756863, 0.005687039345502853, 0.005258228164166212, 0.03527170419692993, 0.011734914034605026, 0.9430291056632996, 0.9554106593132019, 0.12798665463924408, 0.006189017556607723, 0.005341092124581337, 0.006935162469744682, 0.0013306785840541124, 0.04877355322241783]}
{"name": "distilbert-base-uncased", "predictions": {"test": [0.9688002467155457, 0.016705447807908058, 0.0006637359037995338, 0.003139782464131713, 0.9937795996665955, 0.9916936755180359, 0.9904858469963074, 0.4122534990310669, 0.9470270276069641, 0.000863292720168829, 0.5146451592445374, 0.9953171014785767, 0.17095157504081726, 0.9959874749183655, 0.9952656030654907, 0.015033482573926449, 0.2771626114845276, 0.4185502827167511, 0.9898000359535217, 0.9700210094451904, 0.0003366766613908112, 0.9977458119392395, 0.01999826729297638, 0.9944572448730469, 0.9974530339241028, 0.011661850847303867, 0.9841465353965759, 0.9949563145637512, 0.015212804079055786, 0.9874367713928223]}, "logits": {"test": [1.9304546117782593, -2.1420631408691406, -3.7657382488250732, -2.9556922912597656, 2.6554830074310303, 2.5444674491882324, 2.5885870456695557, -0.1183697059750557, 1.5685747861862183, -3.6448028087615967, 0.13553740084171295, 2.942864179611206, -0.7811717987060547, 3.0421059131622314, 2.8492679595947266, -2.029754877090454, -0.44234320521354675, -0.01096084900200367, 2.4546358585357666, 1.9403198957443237, -4.141087055206299, 3.3396732807159424, -1.9784983396530151, 2.856595039367676, 3.311779022216797, -2.2124860286712646, 2.2697744369506836, 2.885939359664917, -2.051565408706665, 2.423703908920288]}, "acc_test": 0.7666666666666667, "precision_test": 0.8823529411764706, "recall_test": 0.75, "f1_test": 0.8108108108108107, "auc_test": 0.8300000000000001, "preds": [0.9688002467155457, 0.9937795996665955, 0.9916936755180359, 0.9904858469963074, 0.9470270276069641, 0.9953171014785767, 0.9959874749183655, 0.015033482573926449, 0.2771626114845276, 0.4185502827167511, 0.9898000359535217, 0.9700210094451904, 0.9977458119392395, 0.9944572448730469, 0.9974530339241028, 0.011661850847303867, 0.9841465353965759, 0.9949563145637512, 0.015212804079055786, 0.9874367713928223]}
{"name": "Radar", "total_logits": [[[-1.7633631229400635, 1.7497400045394897]], [[-0.6718929409980774, 0.36069440841674805]], [[-1.9705919027328491, 1.67371666431427]], [[-0.7835404276847839, 0.17914941906929016]], [[1.9813774824142456, -2.2353432178497314]], [[1.5013536214828491, -1.8454715013504028]], [[-1.0899444818496704, 0.8406765460968018]], [[-2.3523497581481934, 2.227031707763672]], [[-1.987423300743103, 1.7467591762542725]], [[-2.7197611331939697, 2.5483388900756836]], [[0.2624127268791199, -0.7091326713562012]], [[-2.2887821197509766, 2.2069015502929688]], [[0.3692941665649414, -0.5989988446235657]], [[1.0146286487579346, -1.458533763885498]], [[-2.3632447719573975, 2.206724166870117]], [[-2.1416256427764893, 2.0348494052886963]], [[-0.6534027457237244, 0.3594978153705597]], [[-0.3332095444202423, 0.30637064576148987]], [[2.0982513427734375, -2.3272697925567627]], [[1.7887930870056152, -1.8686035871505737]], [[-2.877396821975708, 2.5877387523651123]], [[0.7845187783241272, -1.155532717704773]], [[-0.37211108207702637, 0.013708221726119518]], [[0.5970075130462646, -0.7427687048912048]], [[1.5718588829040527, -1.6150294542312622]], [[-1.7428410053253174, 1.7161362171173096]], [[-0.5782229900360107, 0.07141009718179703]], [[1.349861979484558, -1.6332435607910156]], [[2.00602388381958, -2.46394419670105]], [[2.52441668510437, -2.746135950088501]]], "acc": 0.6333333333333333, "Notice": "LABEL_0 stands for MGT and LABEL_1 stands for HWT."}
