{"name": "likelihood_threshold", "predictions": {"test": [-3.007953643798828, -2.92744517326355, -3.797938346862793, -3.064150333404541, -3.111631393432617, -3.1459169387817383, -3.2240614891052246, -3.67740797996521, -3.3029613494873047, -3.86555552482605, -3.1256484985351562, -3.216627836227417, -2.8097174167633057, -3.2883284091949463, -2.890608310699463, -3.4455111026763916, -3.5233423709869385, -3.5580642223358154, -3.2932465076446533, -3.5887327194213867, -3.8537118434906006, -3.1445369720458984, -3.143124580383301, -2.894069194793701, -2.992109775543213, -3.496495485305786, -3.7375590801239014, -3.034019708633423, -3.489112138748169, -3.180506706237793]}, "acc_test": 0.36666666666666664, "precision_test": 0.5384615384615384, "recall_test": 0.35, "f1_test": 0.4242424242424242, "auc_test": 0.47000000000000003}
{"name": "rank_threshold", "predictions": {"test": [-53.0, -167.76087951660156, -268.9140930175781, -62.050724029541016, -100.22360229492188, -56.754966735839844, -111.76582336425781, -268.05657958984375, -228.18539428710938, -83.9000015258789, -94.96470642089844, -232.440185546875, -254.44586181640625, -131.5307159423828, -62.38587188720703, -206.60824584960938, -188.67404174804688, -121.0, -247.59890747070312, -337.75823974609375, -265.11932373046875, -78.1642837524414, -126.49090576171875, -71.7403335571289, -35.962406158447266, -159.08570861816406, -231.32778930664062, -82.09580993652344, -172.46896362304688, -71.73880767822266]}, "acc_test": 0.5666666666666667, "precision_test": 0.7058823529411765, "recall_test": 0.6, "f1_test": 0.6486486486486486, "auc_test": 0.59}
{"name": "log_rank_threshold", "predictions": {"test": [-1.5008563995361328, -1.4486064910888672, -2.083876371383667, -1.5216152667999268, -1.6426764726638794, -1.7024964094161987, -1.7529984712600708, -1.9726663827896118, -1.8106149435043335, -2.1244494915008545, -1.6404814720153809, -1.7630929946899414, -1.4103633165359497, -1.7507221698760986, -1.55376136302948, -1.906722068786621, -2.0120956897735596, -1.947085976600647, -1.7334421873092651, -2.001668930053711, -2.1275479793548584, -1.603857159614563, -1.585797667503357, -1.4996662139892578, -1.5429452657699585, -1.932086706161499, -2.0851798057556152, -1.5851185321807861, -1.9704461097717285, -1.661461353302002]}, "acc_test": 0.3333333333333333, "precision_test": 0.5, "recall_test": 0.3, "f1_test": 0.37499999999999994, "auc_test": 0.44999999999999996}
{"name": "entropy_threshold", "predictions": {"test": [3.2564780712127686, 3.2134454250335693, 3.8075103759765625, 3.2250869274139404, 3.167323112487793, 3.2789011001586914, 3.332270860671997, 3.7598085403442383, 3.3903603553771973, 3.8774688243865967, 3.3182661533355713, 3.5342369079589844, 3.178894281387329, 3.7231085300445557, 3.109375476837158, 3.5408217906951904, 3.9887583255767822, 3.703798532485962, 3.567237138748169, 3.4088354110717773, 4.029226303100586, 3.4664807319641113, 3.421308994293213, 3.3905820846557617, 3.435631513595581, 3.693201780319214, 3.8429477214813232, 3.157557725906372, 3.5036373138427734, 3.3168129920959473]}, "acc_test": 0.5333333333333333, "precision_test": 0.6666666666666666, "recall_test": 0.6, "f1_test": 0.631578947368421, "auc_test": 0.475}
{"name": "rank_GLTR_threshold", "predictions": {"test": [[0.75, 0.1534090909090909, 0.08522727272727272, 0.011363636363636364], [0.782608695652174, 0.13768115942028986, 0.057971014492753624, 0.021739130434782608], [0.6257668711656442, 0.2147239263803681, 0.10429447852760736, 0.05521472392638037], [0.782608695652174, 0.13768115942028986, 0.06521739130434782, 0.014492753623188406], [0.7080745341614907, 0.16149068322981366, 0.11180124223602485, 0.018633540372670808], [0.7218543046357616, 0.1456953642384106, 0.12582781456953643, 0.006622516556291391], [0.7025316455696202, 0.18354430379746836, 0.08227848101265822, 0.03164556962025317], [0.6477987421383647, 0.23270440251572327, 0.07547169811320754, 0.0440251572327044], [0.7078651685393258, 0.1404494382022472, 0.09550561797752809, 0.056179775280898875], [0.63125, 0.20625, 0.14375, 0.01875], [0.7352941176470589, 0.18823529411764706, 0.058823529411764705, 0.01764705882352941], [0.6842105263157895, 0.1722488038277512, 0.10047846889952153, 0.0430622009569378], [0.7770700636942676, 0.1337579617834395, 0.07643312101910828, 0.012738853503184714], [0.7094972067039106, 0.13966480446927373, 0.12290502793296089, 0.027932960893854747], [0.7065217391304348, 0.17391304347826086, 0.10869565217391304, 0.010869565217391304], [0.6701030927835051, 0.18556701030927836, 0.1134020618556701, 0.030927835051546393], [0.6795580110497238, 0.10497237569060773, 0.16022099447513813, 0.055248618784530384], [0.6686390532544378, 0.1893491124260355, 0.11242603550295859, 0.029585798816568046], [0.7197802197802198, 0.17582417582417584, 0.06043956043956044, 0.04395604395604396], [0.6538461538461539, 0.18681318681318682, 0.0989010989010989, 0.06043956043956044], [0.625, 0.23863636363636365, 0.08522727272727272, 0.05113636363636364], [0.7071428571428572, 0.20714285714285716, 0.04285714285714286, 0.04285714285714286], [0.7515151515151515, 0.13333333333333333, 0.07878787878787878, 0.03636363636363636], [0.7348066298342542, 0.18232044198895028, 0.0718232044198895, 0.011049723756906077], [0.6992481203007519, 0.21052631578947367, 0.08270676691729323, 0.007518796992481203], [0.6628571428571428, 0.2, 0.10285714285714286, 0.03428571428571429], [0.6277777777777778, 0.20555555555555555, 0.12222222222222222, 0.044444444444444446], [0.7125748502994012, 0.16167664670658682, 0.11377245508982035, 0.011976047904191617], [0.6551724137931034, 0.18620689655172415, 0.1103448275862069, 0.04827586206896552], [0.7164179104477612, 0.1865671641791045, 0.08208955223880597, 0.014925373134328358]]}, "acc_test": 0.26666666666666666, "precision_test": 0.375, "recall_test": 0.15, "f1_test": 0.21428571428571425, "auc_test": 0.45}
{"name": "perturbation_10_z", "predictions": {"test": [0.26697152118293616, 0.8397995470325009, -0.8637971344470403, 0.7783959430454653, 1.22435164857611, -0.4328159664316329, 0.5415010315755984, 0.08417899376827746, 0.8755309433780256, 0.34553427907754986, 0.6163636938705142, 0.9982562082835011, 0.361152581517533, 0.49560702405486984, 0.5109842929936474, 0.15219278330844807, 0.039190443363231464, 0.6951866264427826, -0.5036118286514405, 0.31684107598443423, 0.14547062192051483, 0.2478404564958112, 0.22796030544228932, 0.4287159464314422, 0.2826321840144985, 0.038573264205795064, 0.7878157386297787, 0.4150972615555073, 0.6981766050018835, 0.7481951995111347]}, "info": {"pct_words_masked": 0.3, "span_length": 2, "n_perturbations": 10}, "general": {"acc_test": 0.5666666666666667, "precision_test": 0.7333333333333333, "recall_test": 0.55, "f1_test": 0.6285714285714286, "auc_test": 0.555}}
{"name": "GPT-sentinel", "acc": 0.8333333333333334}
{"name": "roberta-base-openai-detector", "predictions": {"test": [0.00025184385594911873, 0.0006019151187501848, 0.007049310952425003, 0.3960545063018799, 0.00017075013602152467, 0.00018362341506872326, 0.005156735889613628, 0.0001704718015389517, 0.00019405415514484048, 0.0007740009459666908, 0.00018256128532812, 0.00018425076268613338, 0.0007172587211243808, 0.14716707170009613, 0.00016779698489699513, 0.000273083831416443, 0.00016980584769044071, 0.00017618753190618008, 0.009618381969630718, 0.0039934031665325165, 0.00019914741278626025, 0.0028356965631246567, 0.17016460001468658, 0.009169462136924267, 0.00021790378377772868, 0.00017756845045369118, 0.00017298343300353736, 0.00017659150762483478, 0.0001773434050846845, 0.00035697504063136876]}, "logits": {"test": [-4.486286163330078, -4.008166313171387, -2.6390626430511475, -0.27711355686187744, -4.706205368041992, -4.670154094696045, -2.8076412677764893, -4.700935363769531, -4.629333972930908, -3.8558237552642822, -4.670619010925293, -4.657696723937988, -3.908032178878784, -0.964906632900238, -4.718014717102051, -4.433870315551758, -4.704880714416504, -4.68399715423584, -2.461435556411743, -2.939594268798828, -4.618623733520508, -3.147862672805786, -0.8630470037460327, -2.525977611541748, -4.572422981262207, -4.678760528564453, -4.693903923034668, -4.693122386932373, -4.686799049377441, -4.301857948303223]}, "acc_test": 0.3333333333333333, "precision_test": 0.0, "recall_test": 0.0, "f1_test": 0.0, "auc_test": 0.415, "preds": [0.00025184385594911873, 0.00017075013602152467, 0.00018362341506872326, 0.005156735889613628, 0.00019405415514484048, 0.00018425076268613338, 0.14716707170009613, 0.000273083831416443, 0.00016980584769044071, 0.00017618753190618008, 0.009618381969630718, 0.0039934031665325165, 0.0028356965631246567, 0.009169462136924267, 0.00021790378377772868, 0.00017756845045369118, 0.00017298343300353736, 0.00017659150762483478, 0.0001773434050846845, 0.00035697504063136876]}
{"name": "Hello-SimpleAI/chatgpt-detector-roberta", "predictions": {"test": [0.04749393090605736, 0.2961519956588745, 0.0010523770470172167, 0.29011255502700806, 0.9308992028236389, 0.010980043560266495, 0.15855778753757477, 0.0005411435849964619, 0.002146742772310972, 0.0003773467615246773, 0.02071872353553772, 0.02391430363059044, 0.05228765681385994, 0.012088569812476635, 0.055932916700839996, 0.0013291010400280356, 0.010681365616619587, 0.0006213083979673684, 0.013517516665160656, 0.0006945139612071216, 0.0014153671218082309, 0.14464612305164337, 0.10417945683002472, 0.059835441410541534, 0.035948626697063446, 0.0020418744534254074, 0.0011249224189668894, 0.0008257471490651369, 0.006348844151943922, 0.0003770389885175973]}, "logits": {"test": [-1.5368157625198364, -0.5711274147033691, -3.1759650707244873, -0.5846738815307617, 1.256550669670105, -2.1975386142730713, -0.9413529634475708, -3.4271321296691895, -2.8911421298980713, -3.553354501724243, -1.915807843208313, -1.851245403289795, -1.491845726966858, -2.1552693843841553, -1.4601287841796875, -3.0842230319976807, -2.209632158279419, -3.376457929611206, -2.105980634689331, -3.3349382877349854, -3.059243679046631, -0.9904007911682129, -1.1532186269760132, -1.4282699823379517, -1.665719747543335, -2.9115874767303467, -3.149928092956543, -3.2694649696350098, -2.4356019496917725, -3.5536277294158936]}, "acc_test": 0.36666666666666664, "precision_test": 1.0, "recall_test": 0.05, "f1_test": 0.09523809523809523, "auc_test": 0.44, "preds": [0.04749393090605736, 0.9308992028236389, 0.010980043560266495, 0.15855778753757477, 0.002146742772310972, 0.02391430363059044, 0.012088569812476635, 0.0013291010400280356, 0.010681365616619587, 0.0006213083979673684, 0.013517516665160656, 0.0006945139612071216, 0.14464612305164337, 0.059835441410541534, 0.035948626697063446, 0.0020418744534254074, 0.0011249224189668894, 0.0008257471490651369, 0.006348844151943922, 0.0003770389885175973]}
{"name": "distilbert-base-uncased", "predictions": {"test": [0.9933323264122009, 0.016705447807908058, 0.0006637359037995338, 0.003139782464131713, 0.9953545331954956, 0.9938727617263794, 0.9926002025604248, 0.4122534990310669, 0.9686254262924194, 0.000863292720168829, 0.5146451592445374, 0.9738909602165222, 0.17095157504081726, 0.9946768283843994, 0.9952656030654907, 0.8408398032188416, 0.9830316305160522, 0.9445982575416565, 0.9889841675758362, 0.996588945388794, 0.0003366766613908112, 0.9976721405982971, 0.01999826729297638, 0.9972752928733826, 0.9978976249694824, 0.0019030924886465073, 0.9573488831520081, 0.9953045845031738, 0.9349729418754578, 0.989434540271759]}, "logits": {"test": [2.6764791011810303, -2.1420631408691406, -3.7657382488250732, -2.9556922912597656, 2.8747611045837402, 2.722689151763916, 2.6868386268615723, -0.1183697059750557, 1.8881667852401733, -3.6448028087615967, 0.13553740084171295, 1.9739633798599243, -0.7811717987060547, 2.9023518562316895, 2.8492679595947266, 1.0766633749008179, 2.2241098880767822, 1.5886685848236084, 2.445188283920288, 3.081322431564331, -4.141087055206299, 3.298180103302002, -1.9784983396530151, 3.2693209648132324, 3.3665599822998047, -3.1919877529144287, 1.6884862184524536, 2.9585723876953125, 1.4322106838226318, 2.5573456287384033]}, "acc_test": 0.9, "precision_test": 0.9047619047619048, "recall_test": 0.95, "f1_test": 0.9268292682926829, "auc_test": 0.9, "preds": [0.9933323264122009, 0.9953545331954956, 0.9938727617263794, 0.9926002025604248, 0.9686254262924194, 0.9738909602165222, 0.9946768283843994, 0.8408398032188416, 0.9830316305160522, 0.9445982575416565, 0.9889841675758362, 0.996588945388794, 0.9976721405982971, 0.9972752928733826, 0.9978976249694824, 0.0019030924886465073, 0.9573488831520081, 0.9953045845031738, 0.9349729418754578, 0.989434540271759]}
{"name": "Radar", "total_logits": [[[-1.4128448963165283, 1.2620652914047241]], [[-0.6718929409980774, 0.36069440841674805]], [[-1.9705919027328491, 1.67371666431427]], [[-0.7835404276847839, 0.17914941906929016]], [[1.036798357963562, -1.4558900594711304]], [[0.5244302749633789, -0.827437698841095]], [[-0.4821164608001709, 0.16317199170589447]], [[-2.3523497581481934, 2.227031707763672]], [[-1.8279191255569458, 1.5807993412017822]], [[-2.7197611331939697, 2.5483388900756836]], [[0.2624127268791199, -0.7091326713562012]], [[-1.7251489162445068, 1.5268281698226929]], [[0.3692941665649414, -0.5989988446235657]], [[-0.0033112652599811554, -0.38775816559791565]], [[-2.3632447719573975, 2.206724166870117]], [[-2.075360059738159, 2.069546699523926]], [[-0.4490956664085388, 0.11230327934026718]], [[1.49092698097229, -1.4083154201507568]], [[1.3364856243133545, -1.598339557647705]], [[1.1745781898498535, -1.5470044612884521]], [[-2.877396821975708, 2.5877387523651123]], [[0.41948971152305603, -0.7170586585998535]], [[-0.37211108207702637, 0.013708221726119518]], [[0.4225520193576813, -0.5973734259605408]], [[1.3117797374725342, -1.624182939529419]], [[-2.0276882648468018, 1.9864051342010498]], [[-1.1918120384216309, 0.7942081689834595]], [[-0.0907089114189148, -0.2380715161561966]], [[0.40295660495758057, -0.8009762763977051]], [[1.8505538702011108, -2.070727825164795]]], "acc": 0.6666666666666666, "Notice": "LABEL_0 stands for MGT and LABEL_1 stands for HWT."}
