{"name": "likelihood_threshold", "predictions": {"test": [-3.2600409984588623, -3.197319507598877, -2.888932704925537, -3.1106767654418945, -3.0964417457580566, -3.483752965927124, -2.657083749771118, -2.559431552886963, -3.097886800765991, -2.9220380783081055, -3.4975240230560303, -3.627936363220215, -2.7498326301574707, -3.0835392475128174, -2.9483625888824463, -2.7186949253082275, -2.9613683223724365, -3.143124580383301, -3.0262362957000732, -3.1511900424957275, -2.7300193309783936, -3.4227569103240967, -2.6886565685272217, -2.7879393100738525, -2.6739470958709717, -3.2498979568481445, -2.7757480144500732, -3.3101418018341064, -3.0372474193573, -3.249077558517456, -2.6825056076049805, -3.022451877593994, -3.7672359943389893, -3.3524255752563477, -3.588336944580078, -3.685779333114624, -1.9166767597198486, -2.7686758041381836, -2.762502908706665, -4.1127190589904785, -2.535003423690796, -3.3229737281799316, -2.8811848163604736, -3.1848037242889404, -3.117856740951538, -2.851383924484253, -3.272517442703247, -3.340991497039795, -2.733647584915161, -2.8097174167633057, -2.2503397464752197, -3.100554943084717, -2.8260977268218994, -2.92744517326355, -2.4079387187957764, -2.865732192993164, -3.1561532020568848, -3.4191689491271973, -3.164412260055542, -3.3712148666381836, -2.6471991539001465, -2.7507050037384033, -2.9267725944519043, -3.2380850315093994, -2.3998630046844482, -3.81430721282959, -2.936208724975586, -3.0289437770843506, -3.4711482524871826, -3.1127688884735107, -2.1669230461120605, -2.4685521125793457, -3.0013511180877686, -3.1748201847076416, -3.0068483352661133, -2.653822422027588, -3.7030298709869385, -3.721132755279541, -3.0988550186157227, -3.29359769821167, -2.7371084690093994, -3.064150333404541, -3.3129360675811768, -3.155567169189453, -2.8261561393737793, -3.1256484985351562, -3.0163440704345703, -3.324493885040283, -3.5726234912872314, -3.236172676086426, -2.6646249294281006, -3.0556509494781494, -3.4007863998413086, -2.9755966663360596, -2.309845209121704, -3.028151273727417, -3.7601094245910645, -3.8252036571502686, -3.3257761001586914, -3.477696180343628]}, "acc_test": 0.55, "precision_test": 0.5333333333333333, "recall_test": 0.8, "f1_test": 0.64, "auc_test": 0.6719999999999999}
{"name": "rank_threshold", "predictions": {"test": [-183.53378295898438, -344.90740966796875, -70.27350616455078, -131.81118774414062, -82.9137954711914, -279.8344421386719, -74.73635864257812, -88.89115142822266, -160.28846740722656, -139.446533203125, -278.7290344238281, -382.59478759765625, -72.64102935791016, -128.6844940185547, -39.30107498168945, -143.3913116455078, -44.55555725097656, -126.49090576171875, -119.25000762939453, -245.87820434570312, -66.04103088378906, -303.8888854980469, -62.65925979614258, -123.97468566894531, -165.54074096679688, -215.74545288085938, -37.74809265136719, -342.2605895996094, -49.64646530151367, -151.30201721191406, -41.407142639160156, -84.07142639160156, -168.55856323242188, -54.80864334106445, -168.4081573486328, -185.1234588623047, -19.425676345825195, -59.90860366821289, -116.41397857666016, -353.5856628417969, -45.802398681640625, -338.190185546875, -51.282257080078125, -127.00609588623047, -89.9923095703125, -107.79267883300781, -139.75894165039062, -134.1241912841797, -41.941749572753906, -254.44586181640625, -11.629032135009766, -122.47333526611328, -81.86000061035156, -167.76087951660156, -22.0, -205.20730590820312, -124.40441131591797, -257.59375, -95.87931060791016, -187.7663116455078, -20.952001571655273, -39.546051025390625, -60.685482025146484, -89.87574005126953, -89.6964340209961, -306.87249755859375, -85.4731216430664, -164.5, -158.52032470703125, -89.24285888671875, -18.44796371459961, -148.44927978515625, -47.608001708984375, -100.55033874511719, -62.339447021484375, -139.7385711669922, -158.48275756835938, -261.664794921875, -236.2275848388672, -309.1190490722656, -151.56863403320312, -62.050724029541016, -54.18571472167969, -92.05594635009766, -124.81752014160156, -94.96470642089844, -83.2789077758789, -147.56082153320312, -368.6666564941406, -169.356689453125, -47.73239517211914, -61.53845977783203, -49.4040412902832, -71.43225860595703, -24.02298927307129, -121.60588836669922, -214.05357360839844, -575.9876098632812, -108.44445037841797, -205.77438354492188]}, "acc_test": 0.64, "precision_test": 0.5921052631578947, "recall_test": 0.9, "f1_test": 0.7142857142857143, "auc_test": 0.7632}
{"name": "log_rank_threshold", "predictions": {"test": [-1.792559266090393, -1.6615945100784302, -1.487905740737915, -1.620785117149353, -1.6374870538711548, -1.8776754140853882, -1.29230535030365, -1.2129688262939453, -1.6567116975784302, -1.5587868690490723, -1.9620707035064697, -2.0641634464263916, -1.4541345834732056, -1.660825490951538, -1.5289007425308228, -1.2980594635009766, -1.5212903022766113, -1.585797667503357, -1.5769637823104858, -1.6418120861053467, -1.3853657245635986, -1.8367359638214111, -1.350764513015747, -1.3715580701828003, -1.3849875926971436, -1.7334626913070679, -1.4624537229537964, -1.7484071254730225, -1.616675615310669, -1.6818459033966064, -1.3582323789596558, -1.5107784271240234, -2.087894916534424, -1.754647970199585, -2.0448906421661377, -2.0148439407348633, -0.8791281580924988, -1.388899564743042, -1.4902907609939575, -2.307927370071411, -1.1950950622558594, -1.6993448734283447, -1.4264272451400757, -1.6749334335327148, -1.65263831615448, -1.4064280986785889, -1.816488265991211, -1.726657509803772, -1.3983863592147827, -1.4103633165359497, -1.0258291959762573, -1.636112093925476, -1.3990790843963623, -1.4486064910888672, -1.1875032186508179, -1.462693691253662, -1.6629159450531006, -1.8737419843673706, -1.7711381912231445, -1.8258317708969116, -1.2926191091537476, -1.3430064916610718, -1.4647260904312134, -1.6887171268463135, -1.1552053689956665, -2.155956506729126, -1.4645839929580688, -1.5106306076049805, -1.9490416049957275, -1.6423453092575073, -1.0287901163101196, -1.137257695198059, -1.5730538368225098, -1.665698528289795, -1.624837875366211, -1.3393255472183228, -2.120173692703247, -2.09210467338562, -1.6622132062911987, -1.7925723791122437, -1.3884899616241455, -1.5216152667999268, -1.759462833404541, -1.6085350513458252, -1.4075902700424194, -1.6404814720153809, -1.5903475284576416, -1.7917579412460327, -1.9694486856460571, -1.7340331077575684, -1.3065024614334106, -1.5653327703475952, -1.7124342918395996, -1.5030066967010498, -1.0534546375274658, -1.6020511388778687, -2.1676042079925537, -2.2126431465148926, -1.7633124589920044, -1.8349379301071167]}, "acc_test": 0.52, "precision_test": 0.5135135135135135, "recall_test": 0.76, "f1_test": 0.6129032258064517, "auc_test": 0.6324000000000001}
{"name": "entropy_threshold", "predictions": {"test": [3.595227003097534, 3.946267604827881, 3.0010006427764893, 3.2134385108947754, 3.347252607345581, 3.528266668319702, 3.122396945953369, 2.9968161582946777, 3.3265514373779297, 3.2061307430267334, 3.5729081630706787, 3.791299819946289, 3.1100804805755615, 3.2502710819244385, 3.4007604122161865, 3.197566032409668, 3.3258590698242188, 3.421308994293213, 3.4423489570617676, 3.4592230319976807, 3.375443696975708, 3.3327584266662598, 2.8712880611419678, 2.802168130874634, 3.208306074142456, 3.696507453918457, 3.096109390258789, 3.569157838821411, 3.277122974395752, 3.4479165077209473, 3.1413068771362305, 3.3963258266448975, 3.6374409198760986, 3.4852309226989746, 3.6002557277679443, 3.6460540294647217, 2.3257882595062256, 2.887233257293701, 3.2132580280303955, 4.229419708251953, 2.874685525894165, 3.4590277671813965, 3.481938123703003, 3.5271694660186768, 3.15594482421875, 3.30265212059021, 3.312288522720337, 3.3219499588012695, 2.879305362701416, 3.178894281387329, 3.0519707202911377, 3.523080348968506, 3.3539412021636963, 3.2134454250335693, 2.863966464996338, 3.1708760261535645, 3.1593363285064697, 3.6047165393829346, 3.155438184738159, 3.4474222660064697, 3.16369891166687, 3.2342169284820557, 3.362584352493286, 3.5126945972442627, 2.7453527450561523, 3.7993786334991455, 3.0239336490631104, 2.912135601043701, 3.395104169845581, 3.406130790710449, 2.7160136699676514, 2.7599544525146484, 3.073176860809326, 3.293154239654541, 2.78769850730896, 2.7151429653167725, 3.862643003463745, 3.722368001937866, 3.4780802726745605, 3.5750014781951904, 3.5576999187469482, 3.2250869274139404, 3.296607255935669, 3.6716833114624023, 3.221752643585205, 3.3182661533355713, 3.328453779220581, 3.5578505992889404, 3.3371570110321045, 3.461763381958008, 2.9940555095672607, 3.292348861694336, 3.520834445953369, 3.2560622692108154, 3.07938814163208, 3.2721877098083496, 3.6797122955322266, 3.973037004470825, 3.3732261657714844, 3.587005853652954]}, "acc_test": 0.57, "precision_test": 0.5432098765432098, "recall_test": 0.88, "f1_test": 0.6717557251908396, "auc_test": 0.6624}
{"name": "rank_GLTR_threshold", "predictions": {"test": [[0.6959459459459459, 0.1891891891891892, 0.08783783783783784, 0.02702702702702703], [0.7222222222222222, 0.14814814814814814, 0.08641975308641975, 0.043209876543209874], [0.7521367521367521, 0.1623931623931624, 0.05128205128205128, 0.03418803418803419], [0.7622377622377622, 0.15384615384615385, 0.055944055944055944, 0.027972027972027972], [0.6810344827586207, 0.25, 0.04310344827586207, 0.02586206896551724], [0.695364238410596, 0.19205298013245034, 0.059602649006622516, 0.052980132450331126], [0.8, 0.15454545454545454, 0.02727272727272727, 0.01818181818181818], [0.8435374149659864, 0.08843537414965986, 0.047619047619047616, 0.02040816326530612], [0.7403846153846154, 0.125, 0.08653846153846154, 0.04807692307692308], [0.7672955974842768, 0.12578616352201258, 0.06289308176100629, 0.0440251572327044], [0.6580645161290323, 0.2064516129032258, 0.0967741935483871, 0.03870967741935484], [0.6666666666666666, 0.13725490196078433, 0.13725490196078433, 0.058823529411764705], [0.75, 0.16025641025641027, 0.07051282051282051, 0.019230769230769232], [0.7058823529411765, 0.17647058823529413, 0.09090909090909091, 0.026737967914438502], [0.7096774193548387, 0.1935483870967742, 0.0967741935483871, 0.0], [0.8115942028985508, 0.12318840579710146, 0.036231884057971016, 0.028985507246376812], [0.7345679012345679, 0.17901234567901234, 0.08024691358024691, 0.006172839506172839], [0.7515151515151515, 0.13333333333333333, 0.07878787878787878, 0.03636363636363636], [0.725, 0.175, 0.058333333333333334, 0.041666666666666664], [0.6987179487179487, 0.23076923076923078, 0.04487179487179487, 0.02564102564102564], [0.7692307692307693, 0.13333333333333333, 0.08717948717948718, 0.010256410256410256], [0.7, 0.18333333333333332, 0.05, 0.06666666666666667], [0.7925925925925926, 0.11851851851851852, 0.07407407407407407, 0.014814814814814815], [0.7721518987341772, 0.13924050632911392, 0.06962025316455696, 0.0189873417721519], [0.762962962962963, 0.14074074074074075, 0.07407407407407407, 0.022222222222222223], [0.7212121212121212, 0.15151515151515152, 0.09090909090909091, 0.03636363636363636], [0.7175572519083969, 0.1984732824427481, 0.08396946564885496, 0.0], [0.6909090909090909, 0.18787878787878787, 0.07878787878787878, 0.04242424242424243], [0.7070707070707071, 0.20202020202020202, 0.08080808080808081, 0.010101010101010102], [0.738255033557047, 0.1476510067114094, 0.09395973154362416, 0.020134228187919462], [0.7714285714285715, 0.15, 0.07142857142857142, 0.007142857142857143], [0.7272727272727273, 0.17532467532467533, 0.08441558441558442, 0.012987012987012988], [0.6306306306306306, 0.1981981981981982, 0.13513513513513514, 0.036036036036036036], [0.654320987654321, 0.2654320987654321, 0.07407407407407407, 0.006172839506172839], [0.6122448979591837, 0.22448979591836735, 0.10884353741496598, 0.05442176870748299], [0.6296296296296297, 0.24074074074074073, 0.09876543209876543, 0.030864197530864196], [0.8445945945945946, 0.11486486486486487, 0.033783783783783786, 0.006756756756756757], [0.7634408602150538, 0.15591397849462366, 0.06989247311827956, 0.010752688172043012], [0.7419354838709677, 0.14516129032258066, 0.08602150537634409, 0.026881720430107527], [0.6022099447513812, 0.2154696132596685, 0.13812154696132597, 0.04419889502762431], [0.7904191616766467, 0.16766467065868262, 0.029940119760479042, 0.011976047904191617], [0.7423312883435583, 0.15950920245398773, 0.06748466257668712, 0.03067484662576687], [0.7419354838709677, 0.1774193548387097, 0.07258064516129033, 0.008064516129032258], [0.7195121951219512, 0.15853658536585366, 0.0975609756097561, 0.024390243902439025], [0.676923076923077, 0.2076923076923077, 0.1, 0.015384615384615385], [0.7560975609756098, 0.15853658536585366, 0.06707317073170732, 0.018292682926829267], [0.6964285714285714, 0.17857142857142858, 0.09821428571428571, 0.026785714285714284], [0.6862745098039216, 0.19607843137254902, 0.08496732026143791, 0.032679738562091505], [0.7961165048543689, 0.11650485436893204, 0.08737864077669903, 0.0], [0.7770700636942676, 0.1337579617834395, 0.07643312101910828, 0.012738853503184714], [0.8306451612903226, 0.13709677419354838, 0.03225806451612903, 0.0], [0.7533333333333333, 0.15333333333333332, 0.06, 0.03333333333333333], [0.79, 0.1, 0.09, 0.02], [0.782608695652174, 0.13768115942028986, 0.057971014492753624, 0.021739130434782608], [0.7909604519774012, 0.15254237288135594, 0.05649717514124294, 0.0], [0.7378048780487805, 0.1951219512195122, 0.036585365853658534, 0.03048780487804878], [0.6911764705882353, 0.20588235294117646, 0.058823529411764705, 0.04411764705882353], [0.7, 0.1625, 0.075, 0.0625], [0.6896551724137931, 0.16091954022988506, 0.1206896551724138, 0.028735632183908046], [0.6413043478260869, 0.2391304347826087, 0.09239130434782608, 0.02717391304347826], [0.776, 0.168, 0.056, 0.0], [0.7828947368421053, 0.17105263157894737, 0.03289473684210526, 0.013157894736842105], [0.75, 0.13709677419354838, 0.0967741935483871, 0.016129032258064516], [0.7337278106508875, 0.15976331360946747, 0.08284023668639054, 0.023668639053254437], [0.7916666666666666, 0.18452380952380953, 0.017857142857142856, 0.005952380952380952], [0.610738255033557, 0.2550335570469799, 0.0738255033557047, 0.06040268456375839], [0.7741935483870968, 0.11827956989247312, 0.0967741935483871, 0.010752688172043012], [0.7642857142857142, 0.15714285714285714, 0.05, 0.02857142857142857], [0.6422764227642277, 0.21951219512195122, 0.08943089430894309, 0.04878048780487805], [0.7357142857142858, 0.15, 0.1, 0.014285714285714285], [0.8280542986425339, 0.13574660633484162, 0.03167420814479638, 0.004524886877828055], [0.8260869565217391, 0.12318840579710146, 0.043478260869565216, 0.007246376811594203], [0.736, 0.16, 0.096, 0.008], [0.7114093959731543, 0.1610738255033557, 0.11409395973154363, 0.013422818791946308], [0.6880733944954128, 0.21100917431192662, 0.07339449541284404, 0.027522935779816515], [0.7777777777777778, 0.17647058823529413, 0.013071895424836602, 0.032679738562091505], [0.6275862068965518, 0.20689655172413793, 0.1310344827586207, 0.034482758620689655], [0.6368715083798883, 0.21787709497206703, 0.09497206703910614, 0.05027932960893855], [0.7034482758620689, 0.1724137931034483, 0.09655172413793103, 0.027586206896551724], [0.7321428571428571, 0.13095238095238096, 0.08928571428571429, 0.047619047619047616], [0.803921568627451, 0.1568627450980392, 0.00980392156862745, 0.029411764705882353], [0.782608695652174, 0.13768115942028986, 0.06521739130434782, 0.014492753623188406], [0.6714285714285714, 0.19285714285714287, 0.12142857142857143, 0.014285714285714285], [0.7482517482517482, 0.17482517482517482, 0.04895104895104895, 0.027972027972027972], [0.7956204379562044, 0.10948905109489052, 0.072992700729927, 0.021897810218978103], [0.7352941176470589, 0.18823529411764706, 0.058823529411764705, 0.01764705882352941], [0.7278911564625851, 0.16326530612244897, 0.08843537414965986, 0.02040816326530612], [0.6891891891891891, 0.20945945945945946, 0.06756756756756757, 0.033783783783783786], [0.6464646464646465, 0.21212121212121213, 0.09090909090909091, 0.050505050505050504], [0.7261146496815286, 0.1337579617834395, 0.10828025477707007, 0.03184713375796178], [0.7816901408450704, 0.15492957746478872, 0.04929577464788732, 0.014084507042253521], [0.7412587412587412, 0.16783216783216784, 0.07692307692307693, 0.013986013986013986], [0.6868686868686869, 0.2222222222222222, 0.08080808080808081, 0.010101010101010102], [0.7161290322580646, 0.2, 0.07741935483870968, 0.0064516129032258064], [0.8390804597701149, 0.12643678160919541, 0.028735632183908046, 0.005747126436781609], [0.7470588235294118, 0.1411764705882353, 0.08235294117647059, 0.029411764705882353], [0.6160714285714286, 0.21428571428571427, 0.09821428571428571, 0.07142857142857142], [0.6521739130434783, 0.14285714285714285, 0.12422360248447205, 0.08074534161490683], [0.6904761904761905, 0.1984126984126984, 0.0873015873015873, 0.023809523809523808], [0.7012195121951219, 0.21951219512195122, 0.036585365853658534, 0.042682926829268296]]}, "acc_test": 0.47, "precision_test": 0.47619047619047616, "recall_test": 0.6, "f1_test": 0.5309734513274337, "auc_test": 0.5428000000000001}
{"name": "perturbation_10_z", "predictions": {"test": [0.7274977862916367, 0.7301558044911447, 0.3627368135975344, 1.6772497670427038, 0.22103218763752028, 0.1642701482890245, 0.6790328019934938, 1.3975870448829084, 1.1870963643235302, -0.32134540605634504, 0.05021009491705707, 0.05588464908960683, 0.40189958522388947, 0.9543974843595883, 0.42157444417370427, 0.6267816388787976, 1.0219198492915404, 0.1408792821698387, 0.7173153632150802, 0.5133670742705471, 1.234992807169851, -0.3578532839693401, 1.2466331874861714, 0.83872349818169, 1.2039535631728415, 0.4489125818180727, 1.0042688360808132, 0.33717936051126024, 0.376640097930612, -0.01719971733698473, 0.6352334888854004, 0.05087893677773651, 0.035359826136952405, 0.5798902859106835, 0.08731742591497405, 0.06264927002468633, 1.0816693698135595, 1.1155939060031848, 0.6391770734367556, -0.12279824827287601, 0.709297670377303, 0.519642714783462, 1.1179448333039297, 0.49751518010582835, 0.9350367898249712, 1.1287318597480136, 0.23435413182775644, 0.3178436937283643, 0.5980825289597166, 0.45102609844557356, 1.0416146030065487, -0.6172211486506987, 1.1314525513758384, 0.21624248738196417, 1.5474307451610871, 0.4506654559523644, -0.02986853565461619, -0.006178166284836922, -0.21127949197581702, 0.7574308718512486, 0.8468289390676492, 0.18681882983662065, 1.9239201322423003, -0.023481212880802172, 1.3961719866989974, -0.5807225990497892, 0.7019907331179159, 0.452391512652141, 0.5201114242916399, 0.3482028148256096, 1.6939042481260296, 0.34358849302686567, 0.40593668026289337, 0.46905336012024174, -0.2245641665103771, 0.950939204223988, 0.687079388152553, -0.18703848959147346, 1.1075559989889259, 1.3911353569585905, 1.042846439293488, 0.4745317026225639, -0.1689718259356973, 0.060586574254299745, 0.33878341778901067, 1.4123451545385326, 0.6132711023681412, 0.5876630458607155, -0.24571031985425182, -0.025378098012534853, 0.8626292558488868, -0.31319582051974654, 0.2331263275233432, -0.0992136119504346, 2.3736509448809806, 0.7130965014170819, 0.021100446376795735, 0.19601699231573946, 1.7870387280283755, 0.3666422340611084]}, "info": {"pct_words_masked": 0.3, "span_length": 2, "n_perturbations": 10}, "general": {"acc_test": 0.59, "precision_test": 0.5671641791044776, "recall_test": 0.76, "f1_test": 0.6495726495726495, "auc_test": 0.6688}}
{"name": "GPT-sentinel", "acc": 0.89}
{"name": "roberta-base-openai-detector", "predictions": {"test": [0.00021532067330554128, 0.001285659265704453, 0.007212542463093996, 0.00016897404566407204, 0.01294989138841629, 0.00017197791021317244, 0.00278026913292706, 0.0009459447464905679, 0.0004444678488653153, 0.10202263295650482, 0.0008347752736881375, 0.00017135620873887092, 0.0002460472169332206, 0.014850117266178131, 0.999159574508667, 0.006233598571270704, 0.00017969579494092613, 0.17016460001468658, 0.008954131044447422, 0.04987223073840141, 0.00019157702627126127, 0.00018139768508262932, 0.00019038991013076156, 0.00024352014588657767, 0.051825568079948425, 0.00017666746862232685, 0.023847265169024467, 0.002129994099959731, 0.0031220854725688696, 0.00024090023362077773, 0.003190988441929221, 0.002688715700060129, 0.00019039663311559707, 0.0005498509272001684, 0.6981687545776367, 0.6149576902389526, 0.00019328577036503702, 0.00016929273260757327, 0.9237909913063049, 0.020309295505285263, 0.020139144733548164, 0.00017821334768086672, 0.00034151849104091525, 0.00018483794701751322, 0.12686946988105774, 0.0007248105248436332, 0.0002740070631261915, 0.026018371805548668, 0.0009942136239260435, 0.0007172587211243808, 0.005864821374416351, 0.0019131946610286832, 0.004964906722307205, 0.0006019151187501848, 0.9997518658638, 0.0004839498142246157, 0.004289063159376383, 0.00017221731832250953, 0.0003022434830199927, 0.00027553830295801163, 0.006040043197572231, 0.0008293126011267304, 0.0002652788534760475, 0.04508712515234947, 0.18315370380878448, 0.00017955296789295971, 0.00021759378432761878, 0.00018198619363829494, 0.0004969400470145047, 0.00017854552424978465, 0.001053344109095633, 0.021354006603360176, 0.08185248076915741, 0.00033660425106063485, 0.00017078465316444635, 0.00021898098930250853, 0.0005555138341151178, 0.00046843706513755023, 0.000362748047336936, 0.00017054268391802907, 0.9998154044151306, 0.3960545063018799, 0.012102325446903706, 0.846278965473175, 0.0007903421646915376, 0.00018256128532812, 0.004835500847548246, 0.002227288205176592, 0.00047376309521496296, 0.0005339074996300042, 0.9904353618621826, 0.12674760818481445, 0.00017279876919928938, 0.0004397599259391427, 0.9857081770896912, 0.00023540027905255556, 0.00025518934126012027, 0.00016789749497547746, 0.013967829756438732, 0.0002657884615473449]}, "logits": {"test": [-4.578746318817139, -3.5890989303588867, -2.645040512084961, -4.714416980743408, -2.3289618492126465, -4.705385208129883, -3.174088478088379, -3.750912666320801, -4.181615829467773, -1.1979446411132812, -3.8260936737060547, -4.703958988189697, -4.504678726196289, -2.254193067550659, 3.7634332180023193, -2.729247570037842, -4.6754841804504395, -0.8630470037460327, -2.5407423973083496, -1.5980216264724731, -4.644935131072998, -4.670258045196533, -4.6454691886901855, -4.5046706199646, -1.578210711479187, -4.680461406707764, -2.0026848316192627, -3.302039384841919, -3.119798183441162, -4.510347843170166, -3.101465940475464, -3.186537981033325, -4.6476149559021, -4.048520088195801, 0.3662128150463104, 0.1840171217918396, -4.6389641761779785, -4.715237140655518, 1.2442501783370972, -2.0583176612854004, -2.1027588844299316, -4.682336330413818, -4.319634437561035, -4.6623854637146, -1.0590721368789673, -3.900494337081909, -4.439376354217529, -1.9483014345169067, -3.7432546615600586, -3.908032178878784, -2.7624378204345703, -3.3663856983184814, -2.8598592281341553, -4.008166313171387, 4.4817795753479, -4.1210174560546875, -2.9357290267944336, -4.7010273933410645, -4.383901596069336, -4.4337382316589355, -2.7405591011047363, -3.821125030517578, -4.4632344245910645, -1.6568278074264526, -0.8594710826873779, -4.678645610809326, -4.574431419372559, -4.668489933013916, -4.104300022125244, -4.677560806274414, -3.6989333629608154, -2.052730083465576, -1.3266996145248413, -4.321430206298828, -4.710766792297363, -4.566871643066406, -4.0571112632751465, -4.143939018249512, -4.287106990814209, -4.71060848236084, 4.656538963317871, -0.27711355686187744, -2.3614912033081055, 0.8156725764274597, -3.8619115352630615, -4.670619010925293, -2.8732690811157227, -3.2914905548095703, -4.144809246063232, -4.062135219573975, 2.385817766189575, -1.0481609106063843, -4.698574542999268, -4.182377815246582, 2.1839749813079834, -4.5160980224609375, -4.4809889793396, -4.7177510261535645, -2.2948920726776123, -4.455366134643555]}, "acc_test": 0.55, "precision_test": 0.7777777777777778, "recall_test": 0.14, "f1_test": 0.23728813559322035, "auc_test": 0.6296, "preds": [0.00021532067330554128, 0.007212542463093996, 0.01294989138841629, 0.00278026913292706, 0.0004444678488653153, 0.0008347752736881375, 0.0002460472169332206, 0.999159574508667, 0.00017969579494092613, 0.008954131044447422, 0.00019157702627126127, 0.00019038991013076156, 0.051825568079948425, 0.023847265169024467, 0.0031220854725688696, 0.003190988441929221, 0.00019039663311559707, 0.6981687545776367, 0.00019328577036503702, 0.9237909913063049, 0.020139144733548164, 0.00034151849104091525, 0.12686946988105774, 0.0002740070631261915, 0.0009942136239260435, 0.005864821374416351, 0.004964906722307205, 0.9997518658638, 0.004289063159376383, 0.0003022434830199927, 0.006040043197572231, 0.0002652788534760475, 0.18315370380878448, 0.00021759378432761878, 0.0004969400470145047, 0.001053344109095633, 0.08185248076915741, 0.00017078465316444635, 0.0005555138341151178, 0.000362748047336936, 0.9998154044151306, 0.012102325446903706, 0.0007903421646915376, 0.004835500847548246, 0.00047376309521496296, 0.9904353618621826, 0.00017279876919928938, 0.9857081770896912, 0.00025518934126012027, 0.013967829756438732]}
{"name": "Hello-SimpleAI/chatgpt-detector-roberta", "predictions": {"test": [0.7589488625526428, 0.2961009442806244, 0.9901779294013977, 0.990143895149231, 0.2690000534057617, 0.0006805001758038998, 0.2770345211029053, 0.051089461892843246, 0.9947761297225952, 0.44955307245254517, 0.005247653927654028, 0.04754111170768738, 0.9918095469474792, 0.2875921428203583, 0.7814971208572388, 0.11745363473892212, 0.08719322830438614, 0.10417945683002472, 0.9667993783950806, 0.9898180365562439, 0.9991094470024109, 0.014316904358565807, 0.23347900807857513, 0.059577733278274536, 0.8667837381362915, 0.014593689702451229, 0.9883868098258972, 0.9390746355056763, 0.0014607829507440329, 0.06972923129796982, 0.9765757322311401, 0.9930712580680847, 0.03595646843314171, 0.9021484851837158, 0.02291349694132805, 0.07030937075614929, 0.9840720295906067, 0.13835255801677704, 0.9454867243766785, 0.0007813590345904231, 0.36575984954833984, 0.00027802909607999027, 0.9857147336006165, 0.04525655508041382, 0.1760239601135254, 0.05645149573683739, 0.9977363348007202, 0.8642202019691467, 0.0012306980788707733, 0.05228765681385994, 0.9586011171340942, 0.0035048688296228647, 0.9940454959869385, 0.2961519956588745, 0.9983419179916382, 0.968285322189331, 0.9971303343772888, 0.006709489040076733, 0.002605072921141982, 0.008850098587572575, 0.9301548600196838, 0.12297175824642181, 0.23127523064613342, 0.0014487787848338485, 0.9951927661895752, 0.0010870539117604494, 0.04764844477176666, 0.8943162560462952, 0.00043010051012970507, 0.30272796750068665, 0.9976487755775452, 0.0010770880617201328, 0.9898993372917175, 0.009215189144015312, 0.9433225393295288, 0.9052544236183167, 0.024979200214147568, 0.3064027726650238, 0.0012728840811178088, 0.0003310573229100555, 0.9992259740829468, 0.29011255502700806, 0.7168083786964417, 0.9519271850585938, 0.009598903357982635, 0.02071872353553772, 0.9052906632423401, 0.04842656850814819, 0.00042371382005512714, 0.0011864021653309464, 0.010322889313101768, 0.00034094968577846885, 0.9968608617782593, 0.9841984510421753, 0.9967684745788574, 0.3273169994354248, 0.013321437872946262, 0.0009185918024741113, 0.22109650075435638, 0.014104441739618778]}, "logits": {"test": [0.6225311756134033, -0.5712088942527771, 2.118433952331543, 2.116960287094116, -0.6329419612884521, -3.3425793647766113, -0.6142680048942566, -1.5027137994766235, 2.3845293521881104, 0.0128928292542696, -2.517237424850464, -1.5363585948944092, 2.1955695152282715, -0.5902159214019775, 0.678918719291687, -1.0983805656433105, -1.2470306158065796, -1.1532186269760132, 1.5892606973648071, 2.10310435295105, 3.0829825401306152, -2.0805790424346924, -0.7211049199104309, -1.4303265810012817, 0.9407470226287842, -2.0720789432525635, 2.0469260215759277, 1.314887285232544, -3.0466597080230713, -1.3553357124328613, 1.7431503534317017, 2.26619291305542, -1.6656183004379272, 1.0921226739883423, -1.8705226182937622, -1.3513728380203247, 1.9110195636749268, -1.0138319730758667, 1.3658961057662964, -3.290487766265869, -0.42732614278793335, -3.650161027908325, 1.9579946994781494, -1.5593063831329346, -0.8841737508773804, -1.4557760953903198, 2.727227210998535, 0.9312838315963745, -3.1146292686462402, -1.491845726966858, 1.490627646446228, -2.6880853176116943, 2.3298251628875732, -0.5711274147033691, 2.8508973121643066, 1.6095895767211914, 2.6313467025756836, -2.411797523498535, -2.8116161823272705, -2.29182505607605, 1.2516027688980103, -1.0749266147613525, -0.7265057563781738, -3.0499508380889893, 2.419121503829956, -3.1633169651031494, -1.5353145599365234, 1.055047631263733, -3.508723497390747, -0.5568532943725586, 2.711965322494507, -3.166914939880371, 2.10652232170105, -2.2742011547088623, 1.3481258153915405, 1.1077595949172974, -1.831567645072937, -0.5485318899154663, -3.1013238430023193, -3.596468925476074, 3.1230971813201904, -0.5846738815307617, 0.5221808552742004, 1.4231514930725098, -2.2563998699188232, -1.915807843208313, 1.1077569723129272, -1.5277470350265503, -3.5138962268829346, -3.129056215286255, -2.224595308303833, -3.5869195461273193, 2.594759941101074, 1.9144551753997803, 2.5829100608825684, -0.5041488409042358, -2.112443685531616, -3.228623390197754, -0.7537218928337097, -2.08718204498291]}, "acc_test": 0.67, "precision_test": 0.717948717948718, "recall_test": 0.56, "f1_test": 0.6292134831460674, "auc_test": 0.69, "preds": [0.7589488625526428, 0.9901779294013977, 0.2690000534057617, 0.2770345211029053, 0.9947761297225952, 0.005247653927654028, 0.9918095469474792, 0.7814971208572388, 0.08719322830438614, 0.9667993783950806, 0.9991094470024109, 0.23347900807857513, 0.8667837381362915, 0.9883868098258972, 0.0014607829507440329, 0.9765757322311401, 0.03595646843314171, 0.02291349694132805, 0.9840720295906067, 0.9454867243766785, 0.36575984954833984, 0.9857147336006165, 0.1760239601135254, 0.9977363348007202, 0.0012306980788707733, 0.9586011171340942, 0.9940454959869385, 0.9983419179916382, 0.9971303343772888, 0.002605072921141982, 0.9301548600196838, 0.23127523064613342, 0.9951927661895752, 0.04764844477176666, 0.00043010051012970507, 0.9976487755775452, 0.9898993372917175, 0.9433225393295288, 0.024979200214147568, 0.0012728840811178088, 0.9992259740829468, 0.7168083786964417, 0.009598903357982635, 0.9052906632423401, 0.00042371382005512714, 0.010322889313101768, 0.9968608617782593, 0.9967684745788574, 0.013321437872946262, 0.22109650075435638]}
{"name": "distilbert-base-uncased", "predictions": {"test": [0.9924200177192688, 0.9435561895370483, 0.9740681648254395, 0.00784267671406269, 0.9945382475852966, 0.9806146025657654, 0.9913076758384705, 0.00936006661504507, 0.9937491416931152, 0.9793279767036438, 0.9940828680992126, 0.9931163191795349, 0.9940053820610046, 0.9711734652519226, 0.9895961880683899, 0.006477207411080599, 0.9903604984283447, 0.025280162692070007, 0.9941331744194031, 0.009830811992287636, 0.9937058091163635, 0.9933289289474487, 0.9940057992935181, 0.9905955791473389, 0.9874805808067322, 0.06037718802690506, 0.9923585057258606, 0.9875500798225403, 0.993548572063446, 0.021486209705471992, 0.9940458536148071, 0.9880919456481934, 0.9939991235733032, 0.007007088977843523, 0.9924865961074829, 0.06087036430835724, 0.9915165901184082, 0.9846105575561523, 0.9939110279083252, 0.9392824172973633, 0.9932469129562378, 0.03604084253311157, 0.9939056038856506, 0.9925358295440674, 0.9927412271499634, 0.9904392957687378, 0.9927411079406738, 0.9867829084396362, 0.9925438165664673, 0.8211371898651123, 0.9919155240058899, 0.9810447096824646, 0.9937303066253662, 0.3647843301296234, 0.9929091930389404, 0.9891447424888611, 0.9915664792060852, 0.009105217643082142, 0.9932311773300171, 0.9930434226989746, 0.9934629201889038, 0.014228703454136848, 0.9944490194320679, 0.011585605330765247, 0.9942374229431152, 0.8425737023353577, 0.9925899505615234, 0.8115336894989014, 0.9265835285186768, 0.9168986082077026, 0.9931077361106873, 0.036838099360466, 0.9933521747589111, 0.8258763551712036, 0.9930862188339233, 0.2588531970977783, 0.994342565536499, 0.12642592191696167, 0.9935678839683533, 0.7360827922821045, 0.9937787652015686, 0.021809343248605728, 0.9947724938392639, 0.9781151413917542, 0.9938336610794067, 0.9821568131446838, 0.9942779541015625, 0.022035732865333557, 0.9932944178581238, 0.9735965132713318, 0.9928298592567444, 0.520196795463562, 0.9940491914749146, 0.0061860824935138226, 0.9938384890556335, 0.4673845171928406, 0.10522400587797165, 0.9258542656898499, 0.9778289794921875, 0.08938716351985931]}, "logits": {"test": [2.5966811180114746, 1.5766624212265015, 1.9399935007095337, -2.404236078262329, 2.7740824222564697, 2.139848232269287, 2.5778403282165527, -2.242540121078491, 2.663097858428955, 2.0339622497558594, 2.6983866691589355, 2.6378490924835205, 2.6952221393585205, 1.8272147178649902, 2.3620388507843018, -2.4973342418670654, 2.4684598445892334, -1.793007254600525, 2.7327418327331543, -2.26768159866333, 2.7221133708953857, 2.6766321659088135, 2.743018627166748, 2.4680118560791016, 2.279425859451294, -1.3445740938186646, 2.586599349975586, 2.2564916610717773, 2.69517183303833, -1.8549423217773438, 2.727072238922119, 2.334749460220337, 2.7406296730041504, -2.4497385025024414, 2.589750289916992, -1.2860387563705444, 2.544395923614502, 2.1871044635772705, 2.688624620437622, 1.4786500930786133, 2.6148557662963867, -1.6100696325302124, 2.722238779067993, 2.5700137615203857, 2.6012606620788574, 2.404094934463501, 2.625525951385498, 2.3870439529418945, 2.6523945331573486, 0.8746021389961243, 2.5874874591827393, 2.1707470417022705, 2.6673173904418945, -0.23620232939720154, 2.652277708053589, 2.4370880126953125, 2.502850294113159, -2.3565001487731934, 2.6511049270629883, 2.644623279571533, 2.6820592880249023, -2.092153310775757, 2.7839958667755127, -2.1477696895599365, 2.7379651069641113, 0.939751386642456, 2.6379709243774414, 0.857049286365509, 1.390716314315796, 1.3249191045761108, 2.669745445251465, -1.5357340574264526, 2.6566028594970703, 0.9407013654708862, 2.6239840984344482, -0.3891318738460541, 2.7573201656341553, -0.9134770035743713, 2.630131959915161, 0.5641605257987976, 2.6859564781188965, -1.8631408214569092, 2.7928450107574463, 2.0346367359161377, 2.741244316101074, 2.154630422592163, 2.7469396591186523, -1.8622592687606812, 2.687687635421753, 1.9867960214614868, 2.6397175788879395, 0.1453319936990738, 2.72655987739563, -2.507932662963867, 2.69987416267395, 0.026138639077544212, -0.9425805807113647, 1.3559035062789917, 1.9764167070388794, -1.0906938314437866]}, "acc_test": 0.71, "precision_test": 0.6363636363636364, "recall_test": 0.98, "f1_test": 0.7716535433070867, "auc_test": 0.9368, "preds": [0.9924200177192688, 0.9740681648254395, 0.9945382475852966, 0.9913076758384705, 0.9937491416931152, 0.9940828680992126, 0.9940053820610046, 0.9895961880683899, 0.9903604984283447, 0.9941331744194031, 0.9937058091163635, 0.9940057992935181, 0.9874805808067322, 0.9923585057258606, 0.993548572063446, 0.9940458536148071, 0.9939991235733032, 0.9924865961074829, 0.9915165901184082, 0.9939110279083252, 0.9932469129562378, 0.9939056038856506, 0.9927412271499634, 0.9927411079406738, 0.9925438165664673, 0.9919155240058899, 0.9937303066253662, 0.9929091930389404, 0.9915664792060852, 0.9932311773300171, 0.9934629201889038, 0.9944490194320679, 0.9942374229431152, 0.9925899505615234, 0.9265835285186768, 0.9931077361106873, 0.9933521747589111, 0.9930862188339233, 0.994342565536499, 0.9935678839683533, 0.9937787652015686, 0.9947724938392639, 0.9938336610794067, 0.9942779541015625, 0.9932944178581238, 0.9928298592567444, 0.9940491914749146, 0.9938384890556335, 0.10522400587797165, 0.9778289794921875]}
