{"name": "likelihood_threshold", "predictions": {"test": [-3.6819820404052734, -3.197319507598877, -2.931387424468994, -3.1106767654418945, -3.6509921550750732, -3.483752965927124, -2.41935133934021, -2.559431552886963, -3.1028716564178467, -2.9220380783081055, -3.1885318756103516, -3.627936363220215, -2.7384307384490967, -3.0835392475128174, -2.6855900287628174, -2.7186949253082275, -3.128605604171753, -3.143124580383301, -2.8480570316314697, -3.1511900424957275, -2.927255153656006, -3.4227569103240967, -2.693146228790283, -2.7879393100738525, -2.6734580993652344, -3.2498979568481445, -2.5696969032287598, -3.3101418018341064, -3.429779291152954, -3.249077558517456, -2.692225217819214, -3.022451877593994, -3.5469794273376465, -3.3524255752563477, -3.382256269454956, -3.685779333114624, -2.3487207889556885, -2.7686758041381836, -2.711768627166748, -4.1127190589904785, -2.6048049926757812, -3.3229737281799316, -2.8934240341186523, -3.1848037242889404, -2.775555372238159, -2.851383924484253, -3.564830780029297, -3.340991497039795, -2.8097643852233887, -2.8097174167633057, -2.5018973350524902, -3.100554943084717, -2.572310447692871, -2.92744517326355, -2.6838486194610596, -2.865732192993164, -3.2563228607177734, -3.4191689491271973, -2.833083152770996, -3.3712148666381836, -2.786616325378418, -2.7507050037384033, -2.9272420406341553, -3.2380850315093994, -2.6133553981781006, -3.81430721282959, -2.5974152088165283, -3.0289437770843506, -3.266469955444336, -3.1127688884735107, -2.2401139736175537, -2.4685521125793457, -2.8674325942993164, -3.1748201847076416, -2.6707100868225098, -2.653822422027588, -3.631901502609253, -3.721132755279541, -2.853057861328125, -3.29359769821167, -2.856104850769043, -3.064150333404541, -2.9574387073516846, -3.155567169189453, -2.821648120880127, -3.1256484985351562, -2.8180508613586426, -3.324493885040283, -3.314824342727661, -3.236172676086426, -2.3890862464904785, -3.0556509494781494, -3.235548734664917, -2.9755966663360596, -2.4317612648010254, -3.028151273727417, -3.2475318908691406, -3.8252036571502686, -3.0654423236846924, -3.477696180343628]}, "acc_test": 0.59, "precision_test": 0.5671641791044776, "recall_test": 0.76, "f1_test": 0.6495726495726495, "auc_test": 0.7092}
{"name": "rank_threshold", "predictions": {"test": [-181.05027770996094, -344.90740966796875, -42.859375, -131.81118774414062, -127.25472259521484, -279.8344421386719, -63.29530334472656, -88.89115142822266, -151.81146240234375, -139.446533203125, -166.84828186035156, -382.59478759765625, -71.09883880615234, -128.6844940185547, -29.376070022583008, -143.3913116455078, -44.53435134887695, -126.49090576171875, -92.3040542602539, -245.87820434570312, -116.63398742675781, -303.8888854980469, -130.18125915527344, -123.97468566894531, -137.375, -215.74545288085938, -34.385093688964844, -342.2605895996094, -73.13953399658203, -151.30201721191406, -67.83636474609375, -84.07142639160156, -97.8515625, -54.80864334106445, -207.68943786621094, -185.1234588623047, -32.17567825317383, -59.90860366821289, -56.530052185058594, -353.5856628417969, -49.801170349121094, -338.190185546875, -45.218048095703125, -127.00609588623047, -58.86046600341797, -107.79267883300781, -168.23133850097656, -134.1241912841797, -33.21666717529297, -254.44586181640625, -44.84768295288086, -122.47333526611328, -41.601505279541016, -167.76087951660156, -83.39705657958984, -205.20730590820312, -116.27731323242188, -257.59375, -131.0295867919922, -187.7663116455078, -45.94557571411133, -39.546051025390625, -72.29167175292969, -89.87574005126953, -30.648935317993164, -306.87249755859375, -19.575342178344727, -164.5, -140.52413940429688, -89.24285888671875, -21.41025733947754, -148.44927978515625, -37.11111068725586, -100.55033874511719, -68.25735473632812, -139.7385711669922, -161.25714111328125, -261.664794921875, -148.2364959716797, -309.1190490722656, -86.51579284667969, -62.050724029541016, -60.38410568237305, -92.05594635009766, -92.62926483154297, -94.96470642089844, -52.96000289916992, -147.56082153320312, -242.71755981445312, -169.356689453125, -52.427669525146484, -61.53845977783203, -105.02061462402344, -71.43225860595703, -42.78472137451172, -121.60588836669922, -236.5144500732422, -575.9876098632812, -69.15862274169922, -205.77438354492188]}, "acc_test": 0.65, "precision_test": 0.5974025974025974, "recall_test": 0.92, "f1_test": 0.7244094488188978, "auc_test": 0.7896}
{"name": "log_rank_threshold", "predictions": {"test": [-2.1273858547210693, -1.6615945100784302, -1.5258737802505493, -1.620785117149353, -1.9426157474517822, -1.8776754140853882, -1.1703335046768188, -1.2129688262939453, -1.602485179901123, -1.5587868690490723, -1.7939133644104004, -2.0641634464263916, -1.462825894355774, -1.660825490951538, -1.3782349824905396, -1.2980594635009766, -1.6866286993026733, -1.585797667503357, -1.4664844274520874, -1.6418120861053467, -1.5204602479934692, -1.8367359638214111, -1.4291460514068604, -1.3715580701828003, -1.3707730770111084, -1.7334626913070679, -1.3279374837875366, -1.7484071254730225, -1.8597382307052612, -1.6818459033966064, -1.4166303873062134, -1.5107784271240234, -1.912340760231018, -1.754647970199585, -1.8672254085540771, -2.0148439407348633, -1.133604884147644, -1.388899564743042, -1.3975311517715454, -2.307927370071411, -1.292277216911316, -1.6993448734283447, -1.4637900590896606, -1.6749334335327148, -1.4077999591827393, -1.4064280986785889, -2.0449373722076416, -1.726657509803772, -1.4601085186004639, -1.4103633165359497, -1.2245872020721436, -1.636112093925476, -1.2122796773910522, -1.4486064910888672, -1.3953931331634521, -1.462693691253662, -1.7947850227355957, -1.8737419843673706, -1.4814209938049316, -1.8258317708969116, -1.4199342727661133, -1.3430064916610718, -1.492336392402649, -1.6887171268463135, -1.3049300909042358, -2.155956506729126, -1.2068006992340088, -1.5106306076049805, -1.8071508407592773, -1.6423453092575073, -1.041593313217163, -1.137257695198059, -1.510511040687561, -1.665698528289795, -1.3523378372192383, -1.3393255472183228, -2.0846450328826904, -2.09210467338562, -1.5093809366226196, -1.7925723791122437, -1.414255976676941, -1.5216152667999268, -1.522915005683899, -1.6085350513458252, -1.4330509901046753, -1.6404814720153809, -1.4044175148010254, -1.7917579412460327, -1.8252034187316895, -1.7340331077575684, -1.0988603830337524, -1.5653327703475952, -1.7479780912399292, -1.5030066967010498, -1.1891543865203857, -1.6020511388778687, -1.804456353187561, -2.2126431465148926, -1.6009089946746826, -1.8349379301071167]}, "acc_test": 0.55, "precision_test": 0.5362318840579711, "recall_test": 0.74, "f1_test": 0.6218487394957984, "auc_test": 0.6624000000000001}
{"name": "entropy_threshold", "predictions": {"test": [3.848971366882324, 3.946267604827881, 2.858159065246582, 3.2134385108947754, 3.6363701820373535, 3.528266668319702, 3.0879433155059814, 2.9968161582946777, 3.2626421451568604, 3.2061307430267334, 3.3338592052459717, 3.791299819946289, 3.0173211097717285, 3.2502710819244385, 2.9080827236175537, 3.197566032409668, 3.350712776184082, 3.421308994293213, 3.4188570976257324, 3.4592230319976807, 3.2836296558380127, 3.3327584266662598, 2.68961763381958, 2.802168130874634, 3.2380785942077637, 3.696507453918457, 2.9150142669677734, 3.569157838821411, 3.703435182571411, 3.4479165077209473, 3.0458357334136963, 3.3963258266448975, 3.626291275024414, 3.4852309226989746, 3.519221305847168, 3.6460540294647217, 2.5499439239501953, 2.887233257293701, 3.3181211948394775, 4.229419708251953, 2.789414644241333, 3.4590277671813965, 3.3300251960754395, 3.5271694660186768, 3.3048973083496094, 3.30265212059021, 3.470266103744507, 3.3219499588012695, 3.0759644508361816, 3.178894281387329, 3.2374095916748047, 3.523080348968506, 3.2154252529144287, 3.2134454250335693, 2.9966588020324707, 3.1708760261535645, 3.4014551639556885, 3.6047165393829346, 2.917361259460449, 3.4474222660064697, 3.0482285022735596, 3.2342169284820557, 2.960934638977051, 3.5126945972442627, 2.925896644592285, 3.7993786334991455, 2.793191909790039, 2.912135601043701, 3.2589540481567383, 3.406130790710449, 2.8282723426818848, 2.7599544525146484, 3.0913619995117188, 3.293154239654541, 2.748331308364868, 2.7151429653167725, 3.700063467025757, 3.722368001937866, 3.2299084663391113, 3.5750014781951904, 3.45920467376709, 3.2250869274139404, 3.257042646408081, 3.6716833114624023, 3.105471611022949, 3.3182661533355713, 3.1116325855255127, 3.5578505992889404, 3.3649981021881104, 3.461763381958008, 3.100954055786133, 3.292348861694336, 3.323410749435425, 3.2560622692108154, 2.941699981689453, 3.2721877098083496, 3.499058723449707, 3.973037004470825, 3.3939402103424072, 3.587005853652954]}, "acc_test": 0.62, "precision_test": 0.5769230769230769, "recall_test": 0.9, "f1_test": 0.7031249999999999, "auc_test": 0.6864}
{"name": "rank_GLTR_threshold", "predictions": {"test": [[0.6368715083798883, 0.16759776536312848, 0.13966480446927373, 0.055865921787709494], [0.7222222222222222, 0.14814814814814814, 0.08641975308641975, 0.043209876543209874], [0.765625, 0.1328125, 0.09375, 0.0078125], [0.7622377622377622, 0.15384615384615385, 0.055944055944055944, 0.027972027972027972], [0.6132075471698113, 0.27358490566037735, 0.05660377358490566, 0.05660377358490566], [0.695364238410596, 0.19205298013245034, 0.059602649006622516, 0.052980132450331126], [0.8322147651006712, 0.11409395973154363, 0.04697986577181208, 0.006711409395973154], [0.8435374149659864, 0.08843537414965986, 0.047619047619047616, 0.02040816326530612], [0.7377049180327869, 0.14754098360655737, 0.07377049180327869, 0.040983606557377046], [0.7672955974842768, 0.12578616352201258, 0.06289308176100629, 0.0440251572327044], [0.7103448275862069, 0.1310344827586207, 0.1103448275862069, 0.04827586206896552], [0.6666666666666666, 0.13725490196078433, 0.13725490196078433, 0.058823529411764705], [0.7441860465116279, 0.1569767441860465, 0.08139534883720931, 0.01744186046511628], [0.7058823529411765, 0.17647058823529413, 0.09090909090909091, 0.026737967914438502], [0.7350427350427351, 0.20512820512820512, 0.05982905982905983, 0.0], [0.8115942028985508, 0.12318840579710146, 0.036231884057971016, 0.028985507246376812], [0.7175572519083969, 0.1984732824427481, 0.07633587786259542, 0.007633587786259542], [0.7515151515151515, 0.13333333333333333, 0.07878787878787878, 0.03636363636363636], [0.7635135135135135, 0.16216216216216217, 0.0472972972972973, 0.02702702702702703], [0.6987179487179487, 0.23076923076923078, 0.04487179487179487, 0.02564102564102564], [0.7450980392156863, 0.13725490196078433, 0.10457516339869281, 0.013071895424836602], [0.7, 0.18333333333333332, 0.05, 0.06666666666666667], [0.7625, 0.1125, 0.10625, 0.01875], [0.7721518987341772, 0.13924050632911392, 0.06962025316455696, 0.0189873417721519], [0.7638888888888888, 0.14583333333333334, 0.06944444444444445, 0.020833333333333332], [0.7212121212121212, 0.15151515151515152, 0.09090909090909091, 0.03636363636363636], [0.7453416149068323, 0.19254658385093168, 0.055900621118012424, 0.006211180124223602], [0.6909090909090909, 0.18787878787878787, 0.07878787878787878, 0.04242424242424243], [0.6395348837209303, 0.2558139534883721, 0.09302325581395349, 0.011627906976744186], [0.738255033557047, 0.1476510067114094, 0.09395973154362416, 0.020134228187919462], [0.7363636363636363, 0.17272727272727273, 0.06363636363636363, 0.02727272727272727], [0.7272727272727273, 0.17532467532467533, 0.08441558441558442, 0.012987012987012988], [0.671875, 0.1953125, 0.1171875, 0.015625], [0.654320987654321, 0.2654320987654321, 0.07407407407407407, 0.006172839506172839], [0.6956521739130435, 0.18012422360248448, 0.09316770186335403, 0.031055900621118012], [0.6296296296296297, 0.24074074074074073, 0.09876543209876543, 0.030864197530864196], [0.8108108108108109, 0.12837837837837837, 0.05405405405405406, 0.006756756756756757], [0.7634408602150538, 0.15591397849462366, 0.06989247311827956, 0.010752688172043012], [0.7431693989071039, 0.15846994535519127, 0.08196721311475409, 0.01639344262295082], [0.6022099447513812, 0.2154696132596685, 0.13812154696132597, 0.04419889502762431], [0.7660818713450293, 0.1871345029239766, 0.03508771929824561, 0.011695906432748537], [0.7423312883435583, 0.15950920245398773, 0.06748466257668712, 0.03067484662576687], [0.7593984962406015, 0.15789473684210525, 0.08270676691729323, 0.0], [0.7195121951219512, 0.15853658536585366, 0.0975609756097561, 0.024390243902439025], [0.75, 0.1744186046511628, 0.05813953488372093, 0.01744186046511628], [0.7560975609756098, 0.15853658536585366, 0.06707317073170732, 0.018292682926829267], [0.6343283582089553, 0.17164179104477612, 0.14925373134328357, 0.04477611940298507], [0.6862745098039216, 0.19607843137254902, 0.08496732026143791, 0.032679738562091505], [0.7416666666666667, 0.14166666666666666, 0.11666666666666667, 0.0], [0.7770700636942676, 0.1337579617834395, 0.07643312101910828, 0.012738853503184714], [0.8079470198675497, 0.16556291390728478, 0.013245033112582781, 0.013245033112582781], [0.7533333333333333, 0.15333333333333332, 0.06, 0.03333333333333333], [0.8120300751879699, 0.14285714285714285, 0.03007518796992481, 0.015037593984962405], [0.782608695652174, 0.13768115942028986, 0.057971014492753624, 0.021739130434782608], [0.7647058823529411, 0.15441176470588236, 0.058823529411764705, 0.022058823529411766], [0.7378048780487805, 0.1951219512195122, 0.036585365853658534, 0.03048780487804878], [0.6722689075630253, 0.2184873949579832, 0.07563025210084033, 0.03361344537815126], [0.7, 0.1625, 0.075, 0.0625], [0.7337278106508875, 0.1952662721893491, 0.04142011834319527, 0.029585798816568046], [0.6413043478260869, 0.2391304347826087, 0.09239130434782608, 0.02717391304347826], [0.7891156462585034, 0.14965986394557823, 0.047619047619047616, 0.013605442176870748], [0.7828947368421053, 0.17105263157894737, 0.03289473684210526, 0.013157894736842105], [0.7583333333333333, 0.14166666666666666, 0.075, 0.025], [0.7337278106508875, 0.15976331360946747, 0.08284023668639054, 0.023668639053254437], [0.7606382978723404, 0.19680851063829788, 0.03723404255319149, 0.005319148936170213], [0.610738255033557, 0.2550335570469799, 0.0738255033557047, 0.06040268456375839], [0.815068493150685, 0.14383561643835616, 0.0410958904109589, 0.0], [0.7642857142857142, 0.15714285714285714, 0.05, 0.02857142857142857], [0.7034482758620689, 0.1724137931034483, 0.08275862068965517, 0.041379310344827586], [0.7357142857142858, 0.15, 0.1, 0.014285714285714285], [0.8290598290598291, 0.13675213675213677, 0.02564102564102564, 0.008547008547008548], [0.8260869565217391, 0.12318840579710146, 0.043478260869565216, 0.007246376811594203], [0.7530864197530864, 0.15432098765432098, 0.08641975308641975, 0.006172839506172839], [0.7114093959731543, 0.1610738255033557, 0.11409395973154363, 0.013422818791946308], [0.6985294117647058, 0.2426470588235294, 0.051470588235294115, 0.007352941176470588], [0.7777777777777778, 0.17647058823529413, 0.013071895424836602, 0.032679738562091505], [0.6285714285714286, 0.2057142857142857, 0.12, 0.045714285714285714], [0.6368715083798883, 0.21787709497206703, 0.09497206703910614, 0.05027932960893855], [0.7567567567567568, 0.12162162162162163, 0.10135135135135136, 0.02027027027027027], [0.7321428571428571, 0.13095238095238096, 0.08928571428571429, 0.047619047619047616], [0.7578947368421053, 0.2, 0.010526315789473684, 0.031578947368421054], [0.782608695652174, 0.13768115942028986, 0.06521739130434782, 0.014492753623188406], [0.7615894039735099, 0.13245033112582782, 0.09933774834437085, 0.006622516556291391], [0.7482517482517482, 0.17482517482517482, 0.04895104895104895, 0.027972027972027972], [0.7707317073170732, 0.15121951219512195, 0.05853658536585366, 0.01951219512195122], [0.7352941176470589, 0.18823529411764706, 0.058823529411764705, 0.01764705882352941], [0.776, 0.152, 0.056, 0.016], [0.6891891891891891, 0.20945945945945946, 0.06756756756756757, 0.033783783783783786], [0.7022900763358778, 0.16793893129770993, 0.07633587786259542, 0.05343511450381679], [0.7261146496815286, 0.1337579617834395, 0.10828025477707007, 0.03184713375796178], [0.8364779874213837, 0.12578616352201258, 0.018867924528301886, 0.018867924528301886], [0.7412587412587412, 0.16783216783216784, 0.07692307692307693, 0.013986013986013986], [0.7422680412371134, 0.16494845360824742, 0.07216494845360824, 0.020618556701030927], [0.7161290322580646, 0.2, 0.07741935483870968, 0.0064516129032258064], [0.8333333333333334, 0.11805555555555555, 0.034722222222222224, 0.013888888888888888], [0.7470588235294118, 0.1411764705882353, 0.08235294117647059, 0.029411764705882353], [0.7109826589595376, 0.1676300578034682, 0.06936416184971098, 0.05202312138728324], [0.6521739130434783, 0.14285714285714285, 0.12422360248447205, 0.08074534161490683], [0.7172413793103448, 0.20689655172413793, 0.06896551724137931, 0.006896551724137931], [0.7012195121951219, 0.21951219512195122, 0.036585365853658534, 0.042682926829268296]]}, "acc_test": 0.55, "precision_test": 0.5352112676056338, "recall_test": 0.76, "f1_test": 0.628099173553719, "auc_test": 0.6112}
{"name": "perturbation_10_z", "predictions": {"test": [-0.0962929364362173, 0.7038407819009421, 0.06149587555067111, 1.0144514943442104, 0.12288766668194752, 0.9647503784857718, 1.4638174974782219, 0.9261913573906089, 0.44848296331313076, -0.1077800409307394, 0.9645580694477505, 0.6880234768624072, 0.9159204306702518, 0.9549517978418328, 0.9878792651135561, 0.4767587249362502, 0.30365391758870813, 0.3266844122838655, 1.069975498284461, 0.5693370678406988, 0.1853138733605883, 0.6148032275014182, 1.270100021436478, 0.757122103574111, 1.034506417729808, 0.47309816728272447, 2.5899909273817725, 0.5144721901694043, 0.496383133745871, 0.10274265560698063, 0.32479355751098893, 0.17920817116531812, 0.09978978835509017, 0.3340952120014371, -0.383767697029227, -0.11903291054256415, 1.031306578765545, 1.059975342400347, 1.0685459050194999, 0.09075777631175322, 1.2133396364406381, 0.23853574622562365, 0.8065773528875417, 0.96343478725131, 0.7138972992914979, 0.13992758424620366, -0.319392847069363, 0.2656251825177354, 0.3822650986275703, 0.5669198825324951, 1.234147032537885, 0.803583869612265, 1.3672250117519908, 0.9198251079931061, 2.4151771900198122, 1.2874481708142642, -0.2098172995203043, -0.19775183401015847, 1.0623212372726287, 0.24706757950743138, 0.8958137568003759, 0.27068829262781413, 1.3648797139313749, -0.4603279273264371, 0.7225792444620346, -0.5449708736299759, 1.069624310297971, 0.11644335046725847, 1.0014980771482218, 0.5301120128887283, 0.6907902938879626, 0.740440755669534, 0.4609454847871959, 0.03131654670112031, 0.5633124410069515, 0.6894625441951803, 0.19256951267474015, 0.3330621392308869, 0.6564625021039258, 0.1575848999295803, 1.0525601528977406, 0.5890650852474052, 0.9476618941644026, 0.7722968771902765, 0.2570535806613627, 0.6846236492661874, 1.3806132828548905, 0.8172318643104297, 0.8774210369614271, 0.27880987533703533, 0.46136808324112455, 0.30490271788611906, 0.4788001950883916, 0.11398445274509741, 2.299488758550143, 2.9113569802264196, 0.37019712740546673, 0.43567400196327816, 0.8646434988846846, 0.11951523807431323]}, "info": {"pct_words_masked": 0.3, "span_length": 2, "n_perturbations": 10}, "general": {"acc_test": 0.61, "precision_test": 0.5846153846153846, "recall_test": 0.76, "f1_test": 0.6608695652173914, "auc_test": 0.6636}}
{"name": "GPT-sentinel", "acc": 0.88}
{"name": "roberta-base-openai-detector", "predictions": {"test": [0.00016987192793749273, 0.001285659265704453, 0.0015645474195480347, 0.00016897404566407204, 0.07044517993927002, 0.00017197791021317244, 0.14474284648895264, 0.0009459447464905679, 0.8777210116386414, 0.10202263295650482, 0.00017087180458474904, 0.00017135620873887092, 0.0002523048024158925, 0.014850117266178131, 0.9986491799354553, 0.006233598571270704, 0.021550001576542854, 0.17016460001468658, 0.002980118850246072, 0.04987223073840141, 0.08487411588430405, 0.00018139768508262932, 0.00022654082567896694, 0.00024352014588657767, 0.02362038940191269, 0.00017666746862232685, 0.01568928360939026, 0.002129994099959731, 0.38442015647888184, 0.00024090023362077773, 0.02438022568821907, 0.002688715700060129, 0.00038536899955943227, 0.0005498509272001684, 0.0021267940755933523, 0.6149576902389526, 0.0001704074238659814, 0.00016929273260757327, 0.01531381718814373, 0.020309295505285263, 0.00017799445777200162, 0.00017821334768086672, 0.00019215767679270357, 0.00018483794701751322, 0.0028108388651162386, 0.0007248105248436332, 0.001772420946508646, 0.026018371805548668, 0.0061998264864087105, 0.0007172587211243808, 0.005274251569062471, 0.0019131946610286832, 0.001043963129632175, 0.0006019151187501848, 0.9402367472648621, 0.0004839498142246157, 0.05270549654960632, 0.00017221731832250953, 0.0001987983559956774, 0.00027553830295801163, 0.0190785750746727, 0.0008293126011267304, 0.00017616231343708932, 0.04508712515234947, 0.40268540382385254, 0.00017955296789295971, 0.1380751132965088, 0.00018198619363829494, 0.0002588374773040414, 0.00017854552424978465, 0.6741496324539185, 0.02135397307574749, 0.0035711147356778383, 0.00033660506596788764, 0.0001862873905338347, 0.0002189807710237801, 0.44123682379722595, 0.0004684352898038924, 0.03195851668715477, 0.00017054268391802907, 0.9928464293479919, 0.3960545063018799, 0.004340809304267168, 0.846278965473175, 0.0001707543560769409, 0.00018256128532812, 0.1434081792831421, 0.002227288205176592, 0.00017012900207191706, 0.0005339074996300042, 0.9984991550445557, 0.12674760818481445, 0.0001822395424824208, 0.0004397599259391427, 0.7000079154968262, 0.00023540027905255556, 0.00019786662596743554, 0.00016789733490440995, 0.000185281372978352, 0.0002657884615473449]}, "logits": {"test": [-4.709679126739502, -3.5890989303588867, -3.485130786895752, -4.714416980743408, -1.3982064723968506, -4.705385208129883, -0.9874651432037354, -3.750912666320801, 0.9535441398620605, -1.1979446411132812, -4.706791877746582, -4.703958988189697, -4.491274356842041, -2.254193067550659, 3.4865055084228516, -2.729247570037842, -2.0460619926452637, -0.8630470037460327, -3.135810136795044, -1.5980216264724731, -1.3045942783355713, -4.670258045196533, -4.54916524887085, -4.5046706199646, -2.0076658725738525, -4.680461406707764, -2.2347846031188965, -3.302039384841919, -0.3146059513092041, -4.510347843170166, -1.9945701360702515, -3.186537981033325, -4.2429914474487305, -4.048520088195801, -3.2957098484039307, 0.1840171217918396, -4.710788249969482, -4.715237140655518, -2.261702299118042, -2.0583176612854004, -4.689915657043457, -4.682336330413818, -4.64780330657959, -4.6623854637146, -3.170285940170288, -3.900494337081909, -3.4118964672088623, -1.9483014345169067, -2.74548602104187, -3.908032178878784, -2.821735143661499, -3.3663856983184814, -3.7114651203155518, -4.008166313171387, 1.361169457435608, -4.1210174560546875, -1.5771852731704712, -4.7010273933410645, -4.621322154998779, -4.4337382316589355, -2.1244957447052, -3.821125030517578, -4.688755035400391, -1.6568278074264526, -0.26307371258735657, -4.678645610809326, -1.0130586624145508, -4.668490409851074, -4.462230205535889, -4.677560806274414, 0.28707754611968994, -2.0527307987213135, -3.0301856994628906, -4.321429252624512, -4.665496349334717, -4.5668721199035645, -0.17351306974887848, -4.143941402435303, -1.8464908599853516, -4.710608005523682, 2.5384182929992676, -0.27711355686187744, -2.918128490447998, 0.8156725764274597, -4.711383819580078, -4.670619010925293, -0.9929839968681335, -3.2914905548095703, -4.7128825187683105, -4.062135219573975, 3.4381351470947266, -1.0481609106063843, -4.673246383666992, -4.182377815246582, 0.3842562139034271, -4.5160980224609375, -4.619309902191162, -4.717751502990723, -4.662166118621826, -4.455366134643555]}, "acc_test": 0.55, "precision_test": 0.7777777777777778, "recall_test": 0.14, "f1_test": 0.23728813559322035, "auc_test": 0.6372, "preds": [0.00016987192793749273, 0.0015645474195480347, 0.07044517993927002, 0.14474284648895264, 0.8777210116386414, 0.00017087180458474904, 0.0002523048024158925, 0.9986491799354553, 0.021550001576542854, 0.002980118850246072, 0.08487411588430405, 0.00022654082567896694, 0.02362038940191269, 0.01568928360939026, 0.38442015647888184, 0.02438022568821907, 0.00038536899955943227, 0.0021267940755933523, 0.0001704074238659814, 0.01531381718814373, 0.00017799445777200162, 0.00019215767679270357, 0.0028108388651162386, 0.001772420946508646, 0.0061998264864087105, 0.005274251569062471, 0.001043963129632175, 0.9402367472648621, 0.05270549654960632, 0.0001987983559956774, 0.0190785750746727, 0.00017616231343708932, 0.40268540382385254, 0.1380751132965088, 0.0002588374773040414, 0.6741496324539185, 0.0035711147356778383, 0.0001862873905338347, 0.44123682379722595, 0.03195851668715477, 0.9928464293479919, 0.004340809304267168, 0.0001707543560769409, 0.1434081792831421, 0.00017012900207191706, 0.9984991550445557, 0.0001822395424824208, 0.7000079154968262, 0.00019786662596743554, 0.000185281372978352]}
{"name": "Hello-SimpleAI/chatgpt-detector-roberta", "predictions": {"test": [0.0006899721338413656, 0.2961009442806244, 0.9526548385620117, 0.990143895149231, 0.000520121306180954, 0.0006805001758038998, 0.03618721291422844, 0.051089461892843246, 0.9922692179679871, 0.44955307245254517, 0.1134285107254982, 0.04754111170768738, 0.9772180914878845, 0.2875921428203583, 0.9818750023841858, 0.11745363473892212, 0.005433319602161646, 0.10417945683002472, 0.9980356097221375, 0.9898180365562439, 0.9990409016609192, 0.014316904358565807, 0.0004690825007855892, 0.059577733278274536, 0.24999463558197021, 0.014593689702451229, 0.9141460061073303, 0.9390746355056763, 0.001293841633014381, 0.06972923129796982, 0.9675013422966003, 0.9930712580680847, 0.1520308256149292, 0.9021484851837158, 0.8936501145362854, 0.07030937075614929, 0.02119409292936325, 0.13835255801677704, 0.8710329532623291, 0.0007813590345904231, 0.04355143383145332, 0.00027802909607999027, 0.8928959965705872, 0.04525655508041382, 0.892457127571106, 0.05645149573683739, 0.9612799882888794, 0.8642202019691467, 0.014598523266613483, 0.05228765681385994, 0.06961868703365326, 0.0035048688296228647, 0.9991661310195923, 0.2961519956588745, 0.9907345771789551, 0.968285322189331, 0.9989736080169678, 0.006709489040076733, 0.007446568459272385, 0.008850098587572575, 0.9103699922561646, 0.12297175824642181, 0.0006569076213054359, 0.0014487787848338485, 0.9404872059822083, 0.0010870543774217367, 0.23367400467395782, 0.8943161964416504, 0.0014981047715991735, 0.3027280867099762, 0.6814207434654236, 0.0010770880617201328, 0.22563178837299347, 0.00921519286930561, 0.9600458741188049, 0.9052544236183167, 0.007482379209250212, 0.30640289187431335, 0.0010145017877221107, 0.0003310573229100555, 0.1076040118932724, 0.29011255502700806, 0.34274932742118835, 0.9519271850585938, 0.08312524855136871, 0.02071872353553772, 0.04285915195941925, 0.04842656850814819, 0.0005176197155378759, 0.0011864021653309464, 0.0019795726984739304, 0.00034094968577846885, 0.877824068069458, 0.9841984510421753, 0.2379370629787445, 0.3273169994354248, 0.308053195476532, 0.0009185900562442839, 0.19080649316310883, 0.014104427769780159]}, "logits": {"test": [-3.3374009132385254, -0.5712088942527771, 1.4300651550292969, 2.116960287094116, -3.441469192504883, -3.3425793647766113, -1.662687063217163, -1.5027137994766235, 2.2199933528900146, 0.0128928292542696, -1.116089940071106, -1.5363585948944092, 1.7553350925445557, -0.5902159214019775, 1.855027675628662, -1.0983805656433105, -2.502387523651123, -1.1532186269760132, 2.7838852405548096, 2.10310435295105, 3.0574772357940674, -2.0805790424346924, -3.4783565998077393, -1.4303265810012817, -0.678991973400116, -2.0720789432525635, 1.1547831296920776, 1.314887285232544, -3.094874143600464, -1.3553357124328613, 1.598740577697754, 2.26619291305542, -0.9639229774475098, 1.0921226739883423, 1.0519726276397705, -1.3513728380203247, -1.9056187868118286, -1.0138319730758667, 0.9570536613464355, -3.290487766265869, -1.5771541595458984, -3.650161027908325, 1.0484997034072876, -1.5593063831329346, 1.0463337898254395, -1.4557760953903198, 1.5206494331359863, 0.9312838315963745, -2.0719311237335205, -1.491845726966858, -1.3560963869094849, -2.6880853176116943, 3.104132890701294, -0.5711274147033691, 2.1432487964630127, 1.6095895767211914, 3.0332424640655518, -2.411797523498535, -2.36678147315979, -2.29182505607605, 1.1342201232910156, -1.0749266147613525, -3.355756998062134, -3.0499508380889893, 1.325696349143982, -3.1633167266845703, -0.720339298248291, 1.0550471544265747, -3.0365846157073975, -0.5568530559539795, 0.4463621973991394, -3.166914701461792, -0.7415669560432434, -2.274200916290283, 1.5065869092941284, 1.1077593564987183, -2.3646984100341797, -0.5485316514968872, -3.1902143955230713, -3.596468687057495, -1.1426888704299927, -0.5846738815307617, -0.4727429151535034, 1.4231514930725098, -1.2703863382339478, -1.915807843208313, -1.5845860242843628, -1.5277470350265503, -3.4432122707366943, -3.129056215286255, -2.924204111099243, -3.5869195461273193, 0.9840182065963745, 1.9144551753997803, -0.7092589139938354, -0.5041488409042358, -0.5453454256057739, -3.228624105453491, -0.839038610458374, -2.0871829986572266]}, "acc_test": 0.6, "precision_test": 0.65625, "recall_test": 0.42, "f1_test": 0.5121951219512195, "auc_test": 0.5932000000000002, "preds": [0.0006899721338413656, 0.9526548385620117, 0.000520121306180954, 0.03618721291422844, 0.9922692179679871, 0.1134285107254982, 0.9772180914878845, 0.9818750023841858, 0.005433319602161646, 0.9980356097221375, 0.9990409016609192, 0.0004690825007855892, 0.24999463558197021, 0.9141460061073303, 0.001293841633014381, 0.9675013422966003, 0.1520308256149292, 0.8936501145362854, 0.02119409292936325, 0.8710329532623291, 0.04355143383145332, 0.8928959965705872, 0.892457127571106, 0.9612799882888794, 0.014598523266613483, 0.06961868703365326, 0.9991661310195923, 0.9907345771789551, 0.9989736080169678, 0.007446568459272385, 0.9103699922561646, 0.0006569076213054359, 0.9404872059822083, 0.23367400467395782, 0.0014981047715991735, 0.6814207434654236, 0.22563178837299347, 0.9600458741188049, 0.007482379209250212, 0.0010145017877221107, 0.1076040118932724, 0.34274932742118835, 0.08312524855136871, 0.04285915195941925, 0.0005176197155378759, 0.0019795726984739304, 0.877824068069458, 0.2379370629787445, 0.308053195476532, 0.19080649316310883]}
{"name": "distilbert-base-uncased", "predictions": {"test": [0.9947878122329712, 0.13525351881980896, 0.9647371768951416, 0.1322622448205948, 0.8748318552970886, 0.876879096031189, 0.9956484436988831, 0.8935118913650513, 0.9488685131072998, 0.9523410797119141, 0.9728435277938843, 0.9516090750694275, 0.9972683191299438, 0.9096347689628601, 0.9964937567710876, 0.014517122879624367, 0.995107889175415, 0.026160933077335358, 0.9339709877967834, 0.002194412285462022, 0.9552632570266724, 0.9445556402206421, 0.996994137763977, 0.9934718608856201, 0.9970083832740784, 0.0076002380810678005, 0.9913412928581238, 0.9944770932197571, 0.9930012226104736, 0.00906162429600954, 0.9923244714736938, 0.7594659328460693, 0.9955666661262512, 0.002532520331442356, 0.991999626159668, 0.7540029287338257, 0.9869771599769592, 0.10965869575738907, 0.9967362284660339, 0.005612659268081188, 0.9970625042915344, 0.9636399149894714, 0.9958470463752747, 0.9961649179458618, 0.9955588579177856, 0.4774961471557617, 0.9862493276596069, 0.9502652287483215, 0.9963189363479614, 0.95912766456604, 0.9894688129425049, 0.9496634602546692, 0.9796024560928345, 0.08019157499074936, 0.9963542222976685, 0.9753354787826538, 0.9974589943885803, 0.851952850818634, 0.9852981567382812, 0.9187237024307251, 0.9952919483184814, 0.040400780737400055, 0.9958564639091492, 0.14907297492027283, 0.9948210716247559, 0.9722248911857605, 0.996895432472229, 0.9934460520744324, 0.996813952922821, 0.8987287878990173, 0.9895134568214417, 0.6262159943580627, 0.9962575435638428, 0.003092586761340499, 0.8776245713233948, 0.03157384693622589, 0.9974068999290466, 0.44930243492126465, 0.9970216155052185, 0.9740055203437805, 0.8279200196266174, 0.005211950745433569, 0.9934953451156616, 0.919218122959137, 0.9970455765724182, 0.9609705805778503, 0.909226655960083, 0.014027994126081467, 0.9963514804840088, 0.990842342376709, 0.9963079690933228, 0.008602223359048367, 0.9908022284507751, 0.009628326632082462, 0.9965994954109192, 0.05008391663432121, 0.9953117370605469, 0.9908663630485535, 0.9288791418075562, 0.06281886994838715]}, "logits": {"test": [2.873459577560425, -0.9267242550849915, 1.8215112686157227, -0.8563914895057678, 1.1113994121551514, 1.1340575218200684, 2.9899978637695312, 1.2148897647857666, 1.5674508810043335, 1.6198230981826782, 1.9981567859649658, 1.673452377319336, 3.1563940048217773, 1.279569149017334, 3.0181198120117188, -2.0906543731689453, 2.8750946521759033, -1.7973970174789429, 1.500658392906189, -3.1096532344818115, 1.7091166973114014, 1.6313707828521729, 3.1310207843780518, 2.719073534011841, 3.1008517742156982, -2.4461755752563477, 2.611420154571533, 2.7817161083221436, 2.722540855407715, -2.3204150199890137, 2.6863372325897217, 0.6638661026954651, 2.9629762172698975, -3.0588724613189697, 2.6403753757476807, 0.6986019015312195, 2.373560667037964, -0.9545862674713135, 3.055814266204834, -2.5807766914367676, 3.1136012077331543, 1.829311728477478, 2.9870336055755615, 3.0224318504333496, 2.9057064056396484, 0.006938607431948185, 2.3699259757995605, 1.693802833557129, 3.0412068367004395, 1.7291247844696045, 2.4971132278442383, 1.6618890762329102, 2.0923430919647217, -1.2339444160461426, 3.022979497909546, 2.055907726287842, 3.192044973373413, 0.9930746555328369, 2.3306710720062256, 1.4073156118392944, 2.942962646484375, -1.5792444944381714, 2.968348979949951, -0.761516809463501, 2.8337173461914062, 1.9229798316955566, 3.1171693801879883, 2.70600962638855, 3.1138134002685547, 1.267665982246399, 2.4764106273651123, 0.412349134683609, 3.0416040420532227, -2.892455816268921, 1.0903935432434082, -1.6849642992019653, 3.226335287094116, -0.018638942390680313, 3.1247787475585938, 1.9512066841125488, 0.8600742220878601, -2.6667985916137695, 2.769253969192505, 1.294144868850708, 3.184616804122925, 1.7890417575836182, 1.2366812229156494, -2.1434085369110107, 3.046010971069336, 2.569401264190674, 3.057304620742798, -2.3207414150238037, 2.567420482635498, -2.2866291999816895, 3.1309475898742676, -1.435682773590088, 2.878425359725952, 2.5126442909240723, 1.4771361351013184, -1.294299602508545]}, "acc_test": 0.73, "precision_test": 0.6493506493506493, "recall_test": 1.0, "f1_test": 0.7874015748031497, "auc_test": 0.9047999999999999, "preds": [0.9947878122329712, 0.9647371768951416, 0.8748318552970886, 0.9956484436988831, 0.9488685131072998, 0.9728435277938843, 0.9972683191299438, 0.9964937567710876, 0.995107889175415, 0.9339709877967834, 0.9552632570266724, 0.996994137763977, 0.9970083832740784, 0.9913412928581238, 0.9930012226104736, 0.9923244714736938, 0.9955666661262512, 0.991999626159668, 0.9869771599769592, 0.9967362284660339, 0.9970625042915344, 0.9958470463752747, 0.9955588579177856, 0.9862493276596069, 0.9963189363479614, 0.9894688129425049, 0.9796024560928345, 0.9963542222976685, 0.9974589943885803, 0.9852981567382812, 0.9952919483184814, 0.9958564639091492, 0.9948210716247559, 0.996895432472229, 0.996813952922821, 0.9895134568214417, 0.9962575435638428, 0.8776245713233948, 0.9974068999290466, 0.9970216155052185, 0.8279200196266174, 0.9934953451156616, 0.9970455765724182, 0.909226655960083, 0.9963514804840088, 0.9963079690933228, 0.9908022284507751, 0.9965994954109192, 0.9953117370605469, 0.9288791418075562]}
