{"name": "likelihood_threshold", "predictions": {"test": [-3.4187581539154053, -3.197319507598877, -3.140984296798706, -3.1106767654418945, -2.883329153060913, -3.483752965927124, -2.706817865371704, -2.559431552886963, -3.104341745376587, -2.9220380783081055, -3.276317834854126, -3.627936363220215, -3.095501661300659, -3.0835392475128174, -2.9552109241485596, -2.7186949253082275, -3.2700419425964355, -3.143124580383301, -3.560218334197998, -3.1511900424957275, -2.958897113800049, -3.4227569103240967, -2.529741048812866, -2.7879393100738525, -2.97127366065979, -3.2498979568481445, -2.6812078952789307, -3.3101418018341064, -3.552232265472412, -3.249077558517456, -2.7744812965393066, -3.022451877593994, -3.553586959838867, -3.3524255752563477, -3.585747003555298, -3.685779333114624, -2.414945125579834, -2.7686758041381836, -3.1958062648773193, -4.1127190589904785, -2.8850975036621094, -3.3229737281799316, -3.170506000518799, -3.1848037242889404, -2.866090774536133, -2.851383924484253, -3.118399143218994, -3.340991497039795, -2.6735422611236572, -2.8097174167633057, -2.621767997741699, -3.100554943084717, -3.0945253372192383, -2.92744517326355, -2.660271406173706, -2.865732192993164, -3.346569061279297, -3.4191689491271973, -3.2109620571136475, -3.3712148666381836, -2.769505023956299, -2.7507050037384033, -3.356994152069092, -3.2380850315093994, -3.606987237930298, -3.81430721282959, -2.7961881160736084, -3.0289437770843506, -3.3766932487487793, -3.1127688884735107, -2.5321364402770996, -2.4685521125793457, -3.3076982498168945, -3.1748201847076416, -2.5241940021514893, -2.653822422027588, -3.8914284706115723, -3.721132755279541, -2.9971396923065186, -3.29359769821167, -3.6253302097320557, -3.064150333404541, -3.015834331512451, -3.155567169189453, -3.0676660537719727, -3.1256484985351562, -3.16865611076355, -3.324493885040283, -3.3450663089752197, -3.236172676086426, -3.0664477348327637, -3.0556509494781494, -2.9263455867767334, -2.9755966663360596, -2.782597780227661, -3.028151273727417, -3.7069172859191895, -3.8252036571502686, -3.23996901512146, -3.477696180343628]}, "acc_test": 0.53, "precision_test": 0.5217391304347826, "recall_test": 0.72, "f1_test": 0.6050420168067228, "auc_test": 0.5688}
{"name": "rank_threshold", "predictions": {"test": [-159.61111450195312, -344.90740966796875, -69.28357696533203, -131.81118774414062, -51.586666107177734, -279.8344421386719, -72.29370880126953, -88.89115142822266, -140.41818237304688, -139.446533203125, -268.2608642578125, -382.59478759765625, -102.375, -128.6844940185547, -35.82758712768555, -143.3913116455078, -129.8709716796875, -126.49090576171875, -171.6992950439453, -245.87820434570312, -97.81065368652344, -303.8888854980469, -72.55484008789062, -123.97468566894531, -111.95782470703125, -215.74545288085938, -37.472049713134766, -342.2605895996094, -102.93792724609375, -151.30201721191406, -90.89677429199219, -84.07142639160156, -114.68987274169922, -54.80864334106445, -136.9620361328125, -185.1234588623047, -42.090396881103516, -59.90860366821289, -190.11514282226562, -353.5856628417969, -74.02325439453125, -338.190185546875, -130.66860961914062, -127.00609588623047, -95.8417739868164, -107.79267883300781, -85.57432556152344, -134.1241912841797, -27.8896541595459, -254.44586181640625, -75.54609680175781, -122.47333526611328, -104.70503997802734, -167.76087951660156, -29.955974578857422, -205.20730590820312, -134.5410919189453, -257.59375, -103.47674560546875, -187.7663116455078, -48.40764236450195, -39.546051025390625, -196.69281005859375, -89.87574005126953, -170.9226531982422, -306.87249755859375, -58.85293960571289, -164.5, -143.0, -89.24285888671875, -18.492753982543945, -148.44927978515625, -48.364341735839844, -100.55033874511719, -43.954837799072266, -139.7385711669922, -195.04519653320312, -261.664794921875, -229.21604919433594, -309.1190490722656, -96.44538116455078, -62.050724029541016, -87.04081726074219, -92.05594635009766, -134.00599670410156, -94.96470642089844, -244.56773376464844, -147.56082153320312, -158.26144409179688, -169.356689453125, -47.5797119140625, -61.53845977783203, -31.15231704711914, -71.43225860595703, -63.8982048034668, -121.60588836669922, -436.59869384765625, -575.9876098632812, -103.30177307128906, -205.77438354492188]}, "acc_test": 0.62, "precision_test": 0.5769230769230769, "recall_test": 0.9, "f1_test": 0.7031249999999999, "auc_test": 0.7096}
{"name": "log_rank_threshold", "predictions": {"test": [-1.907055139541626, -1.6615945100784302, -1.659651279449463, -1.620785117149353, -1.4623346328735352, -1.8776754140853882, -1.3117562532424927, -1.2129688262939453, -1.6602853536605835, -1.5587868690490723, -1.7755180597305298, -2.0641634464263916, -1.681999683380127, -1.660825490951538, -1.5080161094665527, -1.2980594635009766, -1.7833422422409058, -1.585797667503357, -1.9608930349349976, -1.6418120861053467, -1.5185476541519165, -1.8367359638214111, -1.2864606380462646, -1.3715580701828003, -1.5455119609832764, -1.7334626913070679, -1.3892662525177002, -1.7484071254730225, -1.879675030708313, -1.6818459033966064, -1.4836868047714233, -1.5107784271240234, -1.907159447669983, -1.754647970199585, -1.9635562896728516, -2.0148439407348633, -1.1764070987701416, -1.388899564743042, -1.7405420541763306, -2.307927370071411, -1.4729984998703003, -1.6993448734283447, -1.681936264038086, -1.6749334335327148, -1.4799284934997559, -1.4064280986785889, -1.7254984378814697, -1.726657509803772, -1.338295340538025, -1.4103633165359497, -1.3170424699783325, -1.636112093925476, -1.6502758264541626, -1.4486064910888672, -1.3444054126739502, -1.462693691253662, -1.8597767353057861, -1.8737419843673706, -1.6478806734085083, -1.8258317708969116, -1.359262466430664, -1.3430064916610718, -1.8717657327651978, -1.6887171268463135, -1.9933602809906006, -2.155956506729126, -1.357227087020874, -1.5106306076049805, -1.8323711156845093, -1.6423453092575073, -1.1690874099731445, -1.137257695198059, -1.8039687871932983, -1.665698528289795, -1.2551592588424683, -1.3393255472183228, -2.2770190238952637, -2.09210467338562, -1.5813870429992676, -1.7925723791122437, -2.002530574798584, -1.5216152667999268, -1.525415062904358, -1.6085350513458252, -1.5581592321395874, -1.6404814720153809, -1.6518603563308716, -1.7917579412460327, -1.7526522874832153, -1.7340331077575684, -1.5836881399154663, -1.5653327703475952, -1.4702975749969482, -1.5030066967010498, -1.4978854656219482, -1.6020511388778687, -2.0692336559295654, -2.2126431465148926, -1.7626721858978271, -1.8349379301071167]}, "acc_test": 0.48, "precision_test": 0.4852941176470588, "recall_test": 0.66, "f1_test": 0.5593220338983051, "auc_test": 0.5312}
{"name": "entropy_threshold", "predictions": {"test": [3.8865575790405273, 3.946267604827881, 3.1358540058135986, 3.2134385108947754, 3.0217716693878174, 3.528266668319702, 2.9711575508117676, 2.9968161582946777, 3.3917746543884277, 3.2061307430267334, 3.535442590713501, 3.791299819946289, 3.1566002368927, 3.2502710819244385, 3.234607219696045, 3.197566032409668, 3.3962621688842773, 3.421308994293213, 3.577737808227539, 3.4592230319976807, 3.1151976585388184, 3.3327584266662598, 2.5926551818847656, 2.802168130874634, 3.398961067199707, 3.696507453918457, 2.9413435459136963, 3.569157838821411, 3.5527617931365967, 3.4479165077209473, 3.0088798999786377, 3.3963258266448975, 3.69358229637146, 3.4852309226989746, 3.4645285606384277, 3.6460540294647217, 2.4444780349731445, 2.887233257293701, 3.361659049987793, 4.229419708251953, 2.9991817474365234, 3.4590277671813965, 3.3677942752838135, 3.5271694660186768, 3.082383632659912, 3.30265212059021, 3.1668577194213867, 3.3219499588012695, 2.9312338829040527, 3.178894281387329, 3.310328245162964, 3.523080348968506, 3.3500559329986572, 3.2134454250335693, 2.915266513824463, 3.1708760261535645, 3.4278018474578857, 3.6047165393829346, 3.4425690174102783, 3.4474222660064697, 3.0891571044921875, 3.2342169284820557, 3.583449363708496, 3.5126945972442627, 3.5757856369018555, 3.7993786334991455, 2.733785629272461, 2.912135601043701, 3.4109692573547363, 3.406130790710449, 2.9590721130371094, 2.7599544525146484, 3.1221625804901123, 3.293154239654541, 2.611050844192505, 2.7151429653167725, 3.755932569503784, 3.722368001937866, 3.2903597354888916, 3.5750014781951904, 3.501612663269043, 3.2250869274139404, 3.362381935119629, 3.6716833114624023, 3.066220760345459, 3.3182661533355713, 3.177292585372925, 3.5578505992889404, 3.400463581085205, 3.461763381958008, 3.306670904159546, 3.292348861694336, 3.2748184204101562, 3.2560622692108154, 3.033994674682617, 3.2721877098083496, 3.6602237224578857, 3.973037004470825, 3.431631565093994, 3.587005853652954]}, "acc_test": 0.56, "precision_test": 0.5375, "recall_test": 0.86, "f1_test": 0.6615384615384615, "auc_test": 0.6355999999999999}
{"name": "rank_GLTR_threshold", "predictions": {"test": [[0.6728395061728395, 0.17901234567901234, 0.08641975308641975, 0.06172839506172839], [0.7222222222222222, 0.14814814814814814, 0.08641975308641975, 0.043209876543209874], [0.7089552238805971, 0.208955223880597, 0.05970149253731343, 0.022388059701492536], [0.7622377622377622, 0.15384615384615385, 0.055944055944055944, 0.027972027972027972], [0.74, 0.17333333333333334, 0.07333333333333333, 0.013333333333333334], [0.695364238410596, 0.19205298013245034, 0.059602649006622516, 0.052980132450331126], [0.8181818181818182, 0.08391608391608392, 0.09090909090909091, 0.006993006993006993], [0.8435374149659864, 0.08843537414965986, 0.047619047619047616, 0.02040816326530612], [0.7212121212121212, 0.1393939393939394, 0.10909090909090909, 0.030303030303030304], [0.7672955974842768, 0.12578616352201258, 0.06289308176100629, 0.0440251572327044], [0.6956521739130435, 0.15527950310559005, 0.11180124223602485, 0.037267080745341616], [0.6666666666666666, 0.13725490196078433, 0.13725490196078433, 0.058823529411764705], [0.6847826086956522, 0.18478260869565216, 0.10869565217391304, 0.021739130434782608], [0.7058823529411765, 0.17647058823529413, 0.09090909090909091, 0.026737967914438502], [0.7586206896551724, 0.14655172413793102, 0.08620689655172414, 0.008620689655172414], [0.8115942028985508, 0.12318840579710146, 0.036231884057971016, 0.028985507246376812], [0.6967741935483871, 0.15483870967741936, 0.11612903225806452, 0.03225806451612903], [0.7515151515151515, 0.13333333333333333, 0.07878787878787878, 0.03636363636363636], [0.6643356643356644, 0.17482517482517482, 0.11888111888111888, 0.04195804195804196], [0.6987179487179487, 0.23076923076923078, 0.04487179487179487, 0.02564102564102564], [0.7337278106508875, 0.1834319526627219, 0.0650887573964497, 0.01775147928994083], [0.7, 0.18333333333333332, 0.05, 0.06666666666666667], [0.8, 0.11612903225806452, 0.06451612903225806, 0.01935483870967742], [0.7721518987341772, 0.13924050632911392, 0.06962025316455696, 0.0189873417721519], [0.7289156626506024, 0.16265060240963855, 0.09036144578313253, 0.018072289156626505], [0.7212121212121212, 0.15151515151515152, 0.09090909090909091, 0.03636363636363636], [0.7453416149068323, 0.17391304347826086, 0.08074534161490683, 0.0], [0.6909090909090909, 0.18787878787878787, 0.07878787878787878, 0.04242424242424243], [0.696551724137931, 0.16551724137931034, 0.09655172413793103, 0.041379310344827586], [0.738255033557047, 0.1476510067114094, 0.09395973154362416, 0.020134228187919462], [0.7354838709677419, 0.18064516129032257, 0.07096774193548387, 0.012903225806451613], [0.7272727272727273, 0.17532467532467533, 0.08441558441558442, 0.012987012987012988], [0.6582278481012658, 0.20253164556962025, 0.11392405063291139, 0.02531645569620253], [0.654320987654321, 0.2654320987654321, 0.07407407407407407, 0.006172839506172839], [0.6455696202531646, 0.21518987341772153, 0.0949367088607595, 0.04430379746835443], [0.6296296296296297, 0.24074074074074073, 0.09876543209876543, 0.030864197530864196], [0.7966101694915254, 0.12994350282485875, 0.06779661016949153, 0.005649717514124294], [0.7634408602150538, 0.15591397849462366, 0.06989247311827956, 0.010752688172043012], [0.6787878787878788, 0.18181818181818182, 0.10909090909090909, 0.030303030303030304], [0.6022099447513812, 0.2154696132596685, 0.13812154696132597, 0.04419889502762431], [0.7558139534883721, 0.1569767441860465, 0.06976744186046512, 0.01744186046511628], [0.7423312883435583, 0.15950920245398773, 0.06748466257668712, 0.03067484662576687], [0.7151162790697675, 0.1511627906976744, 0.09302325581395349, 0.040697674418604654], [0.7195121951219512, 0.15853658536585366, 0.0975609756097561, 0.024390243902439025], [0.7468354430379747, 0.17088607594936708, 0.056962025316455694, 0.02531645569620253], [0.7560975609756098, 0.15853658536585366, 0.06707317073170732, 0.018292682926829267], [0.6959459459459459, 0.16891891891891891, 0.11486486486486487, 0.02027027027027027], [0.6862745098039216, 0.19607843137254902, 0.08496732026143791, 0.032679738562091505], [0.7655172413793103, 0.13793103448275862, 0.09655172413793103, 0.0], [0.7770700636942676, 0.1337579617834395, 0.07643312101910828, 0.012738853503184714], [0.7943262411347518, 0.15602836879432624, 0.028368794326241134, 0.02127659574468085], [0.7533333333333333, 0.15333333333333332, 0.06, 0.03333333333333333], [0.7410071942446043, 0.12949640287769784, 0.1079136690647482, 0.02158273381294964], [0.782608695652174, 0.13768115942028986, 0.057971014492753624, 0.021739130434782608], [0.7610062893081762, 0.18238993710691823, 0.05660377358490566, 0.0], [0.7378048780487805, 0.1951219512195122, 0.036585365853658534, 0.03048780487804878], [0.7123287671232876, 0.14383561643835616, 0.10273972602739725, 0.0410958904109589], [0.7, 0.1625, 0.075, 0.0625], [0.686046511627907, 0.22674418604651161, 0.06395348837209303, 0.023255813953488372], [0.6413043478260869, 0.2391304347826087, 0.09239130434782608, 0.02717391304347826], [0.7898089171974523, 0.12738853503184713, 0.07006369426751592, 0.012738853503184714], [0.7828947368421053, 0.17105263157894737, 0.03289473684210526, 0.013157894736842105], [0.6993464052287581, 0.1568627450980392, 0.0784313725490196, 0.06535947712418301], [0.7337278106508875, 0.15976331360946747, 0.08284023668639054, 0.023668639053254437], [0.6298342541436464, 0.23756906077348067, 0.09944751381215469, 0.03314917127071823], [0.610738255033557, 0.2550335570469799, 0.0738255033557047, 0.06040268456375839], [0.7867647058823529, 0.15441176470588236, 0.04411764705882353, 0.014705882352941176], [0.7642857142857142, 0.15714285714285714, 0.05, 0.02857142857142857], [0.65, 0.21428571428571427, 0.12142857142857143, 0.014285714285714285], [0.7357142857142858, 0.15, 0.1, 0.014285714285714285], [0.8188405797101449, 0.13768115942028986, 0.043478260869565216, 0.0], [0.8260869565217391, 0.12318840579710146, 0.043478260869565216, 0.007246376811594203], [0.6744186046511628, 0.20930232558139536, 0.10852713178294573, 0.007751937984496124], [0.7114093959731543, 0.1610738255033557, 0.11409395973154363, 0.013422818791946308], [0.7741935483870968, 0.1870967741935484, 0.025806451612903226, 0.012903225806451613], [0.7777777777777778, 0.17647058823529413, 0.013071895424836602, 0.032679738562091505], [0.5875706214689266, 0.2033898305084746, 0.15254237288135594, 0.05649717514124294], [0.6368715083798883, 0.21787709497206703, 0.09497206703910614, 0.05027932960893855], [0.7530864197530864, 0.16049382716049382, 0.030864197530864196, 0.05555555555555555], [0.7321428571428571, 0.13095238095238096, 0.08928571428571429, 0.047619047619047616], [0.6050420168067226, 0.25210084033613445, 0.12605042016806722, 0.01680672268907563], [0.782608695652174, 0.13768115942028986, 0.06521739130434782, 0.014492753623188406], [0.7482993197278912, 0.16326530612244897, 0.07482993197278912, 0.013605442176870748], [0.7482517482517482, 0.17482517482517482, 0.04895104895104895, 0.027972027972027972], [0.7604790419161677, 0.1497005988023952, 0.07784431137724551, 0.011976047904191617], [0.7352941176470589, 0.18823529411764706, 0.058823529411764705, 0.01764705882352941], [0.6967741935483871, 0.23870967741935484, 0.03225806451612903, 0.03225806451612903], [0.6891891891891891, 0.20945945945945946, 0.06756756756756757, 0.033783783783783786], [0.673202614379085, 0.20261437908496732, 0.09803921568627451, 0.026143790849673203], [0.7261146496815286, 0.1337579617834395, 0.10828025477707007, 0.03184713375796178], [0.7463768115942029, 0.15942028985507245, 0.08695652173913043, 0.007246376811594203], [0.7412587412587412, 0.16783216783216784, 0.07692307692307693, 0.013986013986013986], [0.7218543046357616, 0.2251655629139073, 0.046357615894039736, 0.006622516556291391], [0.7161290322580646, 0.2, 0.07741935483870968, 0.0064516129032258064], [0.7425149700598802, 0.19760479041916168, 0.041916167664670656, 0.017964071856287425], [0.7470588235294118, 0.1411764705882353, 0.08235294117647059, 0.029411764705882353], [0.6776315789473685, 0.13815789473684212, 0.125, 0.05921052631578947], [0.6521739130434783, 0.14285714285714285, 0.12422360248447205, 0.08074534161490683], [0.6804733727810651, 0.21301775147928995, 0.07692307692307693, 0.029585798816568046], [0.7012195121951219, 0.21951219512195122, 0.036585365853658534, 0.042682926829268296]]}, "acc_test": 0.44, "precision_test": 0.45161290322580644, "recall_test": 0.56, "f1_test": 0.5, "auc_test": 0.466}
{"name": "perturbation_10_z", "predictions": {"test": [0.10954956424435965, 0.8058917866550367, 1.1435164524609287, 0.5992924952253916, 0.9961221895773902, 0.03550564399960488, 0.6746553978704558, 0.6676374856111588, 0.3973600839497404, 0.2986281297112486, 0.6753730409831167, 0.11311062363938447, 0.4141471494418875, 1.2464708956712833, 0.4825501169676052, 1.994404283118214, -0.12870733154397315, 0.05909391255013245, -1.0475519165474014, 0.2546311404909825, 0.9630324330341875, 0.7575654666923384, 0.03612333449966746, 0.23938717102453513, 0.8228221430706435, 1.4555714838478555, 0.965030665584898, 0.687173553548534, -0.18656502913461007, -0.040706976703236836, 0.035373775655875246, 0.12497840569045095, 0.07292659399220555, 0.6055469436953017, 0.07608892362138421, -0.04337921877057109, 0.6577465589592209, 0.6312470142175295, 0.42188702578060205, 0.137639085369925, 0.6320529884352226, -0.07138013187205623, 0.3341853354437906, 1.5512179202875747, 0.45356065258346157, 0.82890411317254, 0.11123913530127784, 0.08157968555557335, 0.5026746779909552, 1.2312380228046862, 1.0894157839297105, 0.2780647554046801, 1.0147206844733785, 1.700927354606632, 0.9067799323496016, 1.4230300089507981, 0.39675925522460387, 0.21247559941270808, 0.48994652285130763, 0.47931041872538965, 0.0719814877957031, -0.040530476205772964, 0.7046910523655626, 0.4614478529567173, -0.4079073237225868, 0.006209501427259922, 0.5590453314385468, 0.44557733184830334, 0.21861844248267495, 0.992821704075794, 0.47249989651885393, 0.7436978686190528, -0.9836372724675038, 0.0012560139063559038, -0.03490768396554791, 0.4690351522587742, 0.47458486642721265, 0.2202029103655764, 1.199620768231874, -0.1752195830020371, -0.06593931418479436, 0.49659172514183003, -0.4517130986247185, 0.4426337761948383, 0.3287861748450223, 0.46181384244965096, -0.03010432637385771, 0.862448249246879, -0.18525117675072117, -0.0002556110439114817, 0.19126852186705537, -0.13017969022901266, 0.5693874962729507, -0.35670586927498765, 0.8682582045735415, 0.3683866318167377, 0.029706365184476422, 0.6466761011473741, 1.7406805200868003, 0.5402169334599121]}, "info": {"pct_words_masked": 0.3, "span_length": 2, "n_perturbations": 10}, "general": {"acc_test": 0.49, "precision_test": 0.4918032786885246, "recall_test": 0.6, "f1_test": 0.5405405405405406, "auc_test": 0.4664}}
{"name": "GPT-sentinel", "acc": 0.66}
{"name": "roberta-base-openai-detector", "predictions": {"test": [0.00018679270579013973, 0.001285659265704453, 0.0002353228919673711, 0.00016897404566407204, 0.0002247928496217355, 0.00017197791021317244, 0.08773069828748703, 0.0009459447464905679, 0.12625807523727417, 0.10202263295650482, 0.00016902094648685306, 0.00017135620873887092, 0.0002451641485095024, 0.014850117266178131, 0.9058917164802551, 0.006233598571270704, 0.9774243831634521, 0.17016460001468658, 0.00021042811567895114, 0.04987223073840141, 0.000922297069337219, 0.00018139768508262932, 0.00021237968758214265, 0.00024352014588657767, 0.0012505737831816077, 0.00017666746862232685, 0.18689335882663727, 0.002129994099959731, 0.000863178342115134, 0.00024090023362077773, 0.0003823398146778345, 0.002688715700060129, 0.00017088842287193984, 0.0005498509272001684, 0.21308206021785736, 0.6149576902389526, 0.00020714488346129656, 0.00016929273260757327, 0.00030826282454654574, 0.020309295505285263, 0.003800058038905263, 0.00017821334768086672, 0.00023448657884728163, 0.00018483794701751322, 0.004378070123493671, 0.0007248105248436332, 0.005016123875975609, 0.026018371805548668, 0.000329088099533692, 0.0007172587211243808, 0.999748170375824, 0.0019131946610286832, 0.00037357103428803384, 0.0006019151187501848, 0.0026690529193729162, 0.0004839498142246157, 0.0004334797849878669, 0.00017221731832250953, 0.000174583779880777, 0.00027553830295801163, 0.05616442859172821, 0.0008293126011267304, 0.00020129012409597635, 0.04508712515234947, 0.0001771610404830426, 0.00017955296789295971, 0.00016915556625463068, 0.00018198619363829494, 0.00017401573131792247, 0.00017854552424978465, 0.03894525766372681, 0.02135397307574749, 0.0041482113301754, 0.00033660506596788764, 0.00017107298481278121, 0.0002189807710237801, 0.0015375161310657859, 0.0004684352898038924, 0.00017455415218137205, 0.00017054268391802907, 0.02349144220352173, 0.3960545063018799, 0.9914441704750061, 0.846278965473175, 0.0008832250605337322, 0.00018256128532812, 0.9714779257774353, 0.002227288205176592, 0.010233454406261444, 0.0005339074996300042, 0.08673008531332016, 0.12674760818481445, 0.00047064965474419296, 0.0004397599259391427, 0.36844417452812195, 0.00023540027905255556, 0.0003990095865447074, 0.00016789733490440995, 0.0005711468402296305, 0.0002657884615473449]}, "logits": {"test": [-4.65282678604126, -3.5890989303588867, -4.5317301750183105, -4.714416980743408, -4.555803298950195, -4.705385208129883, -1.2905843257904053, -3.750912666320801, -1.0693132877349854, -1.1979446411132812, -4.709564685821533, -4.703958988189697, -4.50244665145874, -2.254193067550659, 1.1056580543518066, -2.729247570037842, 1.9267990589141846, -0.8630470037460327, -4.591692924499512, -1.5980216264724731, -3.773153305053711, -4.670258045196533, -4.585686206817627, -4.5046706199646, -3.592951774597168, -4.680461406707764, -0.8245773315429688, -3.302039384841919, -3.8059773445129395, -4.510347843170166, -4.263338565826416, -3.186537981033325, -4.704997539520264, -4.048520088195801, -0.7275628447532654, 0.1840171217918396, -4.6003289222717285, -4.715237140655518, -4.379731178283691, -2.0583176612854004, -3.004287004470825, -4.682336330413818, -4.5284013748168945, -4.6623854637146, -2.923413038253784, -3.900494337081909, -2.849048614501953, -1.9483014345169067, -4.346446990966797, -3.908032178878784, 4.467538356781006, -3.3663856983184814, -4.261758804321289, -4.008166313171387, -3.177778482437134, -4.1210174560546875, -4.1876115798950195, -4.7010273933410645, -4.695703506469727, -4.4337382316589355, -1.5137965679168701, -3.821125030517578, -4.614588260650635, -1.6568278074264526, -4.682913780212402, -4.678645610809326, -4.713462829589844, -4.668490409851074, -4.69671630859375, -4.677560806274414, -1.7332912683486938, -2.0527307987213135, -2.9530012607574463, -4.321429252624512, -4.707596302032471, -4.5668721199035645, -3.4973104000091553, -4.143941402435303, -4.6980133056640625, -4.710608005523682, -2.0032033920288086, -0.27711355686187744, 2.4510416984558105, 0.8156725764274597, -3.7942118644714355, -4.670619010925293, 1.7700603008270264, -3.2914905548095703, -2.4559524059295654, -4.062135219573975, -1.2736084461212158, -1.0481609106063843, -4.130770683288574, -4.182377815246582, -0.33457624912261963, -4.5160980224609375, -4.2361226081848145, -4.717751502990723, -4.027246952056885, -4.455366134643555]}, "acc_test": 0.53, "precision_test": 0.7142857142857143, "recall_test": 0.1, "f1_test": 0.1754385964912281, "auc_test": 0.5579999999999999, "preds": [0.00018679270579013973, 0.0002353228919673711, 0.0002247928496217355, 0.08773069828748703, 0.12625807523727417, 0.00016902094648685306, 0.0002451641485095024, 0.9058917164802551, 0.9774243831634521, 0.00021042811567895114, 0.000922297069337219, 0.00021237968758214265, 0.0012505737831816077, 0.18689335882663727, 0.000863178342115134, 0.0003823398146778345, 0.00017088842287193984, 0.21308206021785736, 0.00020714488346129656, 0.00030826282454654574, 0.003800058038905263, 0.00023448657884728163, 0.004378070123493671, 0.005016123875975609, 0.000329088099533692, 0.999748170375824, 0.00037357103428803384, 0.0026690529193729162, 0.0004334797849878669, 0.000174583779880777, 0.05616442859172821, 0.00020129012409597635, 0.0001771610404830426, 0.00016915556625463068, 0.00017401573131792247, 0.03894525766372681, 0.0041482113301754, 0.00017107298481278121, 0.0015375161310657859, 0.00017455415218137205, 0.02349144220352173, 0.9914441704750061, 0.0008832250605337322, 0.9714779257774353, 0.010233454406261444, 0.08673008531332016, 0.00047064965474419296, 0.36844417452812195, 0.0003990095865447074, 0.0005711468402296305]}
{"name": "Hello-SimpleAI/chatgpt-detector-roberta", "predictions": {"test": [0.012615050189197063, 0.2961009442806244, 0.1459331214427948, 0.990143895149231, 0.004117491189390421, 0.0006805001758038998, 0.1394623965024948, 0.051089461892843246, 0.16612622141838074, 0.44955307245254517, 0.22591684758663177, 0.04754111170768738, 0.17591887712478638, 0.2875921428203583, 0.10729795694351196, 0.11745363473892212, 0.00865187868475914, 0.10417945683002472, 0.9470065832138062, 0.9898180365562439, 0.8855203986167908, 0.014316904358565807, 0.39801546931266785, 0.059577733278274536, 0.2202419936656952, 0.014593689702451229, 0.9863646030426025, 0.9390746355056763, 0.004710127133876085, 0.06972923129796982, 0.9252475500106812, 0.9930712580680847, 0.144569993019104, 0.9021484851837158, 0.060440514236688614, 0.07030937075614929, 0.7374917268753052, 0.13835255801677704, 0.010997310280799866, 0.0007813590345904231, 0.31561562418937683, 0.00027802909607999027, 0.03764728084206581, 0.04525655508041382, 0.0035900238435715437, 0.05645149573683739, 0.9911903142929077, 0.8642202019691467, 0.06581932306289673, 0.05228765681385994, 0.06466154754161835, 0.0035048688296228647, 0.08084206283092499, 0.2961519956588745, 0.9949889779090881, 0.968285322189331, 0.13245585560798645, 0.006709489040076733, 0.03275938704609871, 0.008850098587572575, 0.2365078181028366, 0.12297175824642181, 0.0007860752521082759, 0.0014487787848338485, 0.0013885860098525882, 0.0010870543774217367, 0.9579713940620422, 0.8943161964416504, 0.003305405378341675, 0.3027280867099762, 0.0014285347424447536, 0.0010770880617201328, 0.038905512541532516, 0.00921519286930561, 0.9353368878364563, 0.9052544236183167, 0.0007144911796785891, 0.30640289187431335, 0.0010753184324130416, 0.0003310573229100555, 0.0009788282914087176, 0.29011255502700806, 0.9572809338569641, 0.9519271850585938, 0.019105084240436554, 0.02071872353553772, 0.27211347222328186, 0.04842656850814819, 0.0010373489931225777, 0.0011864021653309464, 0.00038944475818425417, 0.00034094968577846885, 0.2989262044429779, 0.9841984510421753, 0.9407460689544678, 0.3273169994354248, 0.0004445186641532928, 0.0009185900562442839, 0.019385866820812225, 0.014104427769780159]}, "logits": {"test": [-2.1364848613739014, -0.5712088942527771, -0.9857107996940613, 2.116960287094116, -2.6202638149261475, -3.3425793647766113, -1.0096371173858643, -1.5027137994766235, -0.9160552620887756, 0.0128928292542696, -0.7407872676849365, -1.5363585948944092, -0.8845854997634888, -0.5902159214019775, -1.1441189050674438, -1.0983805656433105, -2.3016793727874756, -1.1532186269760132, 1.378827452659607, 2.10310435295105, 1.0160444974899292, -2.0805790424346924, -0.08008626103401184, -1.4303265810012817, -0.7553696036338806, -2.0720789432525635, 1.9780539274215698, 1.314887285232544, -2.56327223777771, -1.3553357124328613, 1.219940423965454, 2.26619291305542, -0.9906715750694275, 1.0921226739883423, -1.423491358757019, -1.3513728380203247, 0.5687984824180603, -1.0138319730758667, -2.196851968765259, -3.290487766265869, -0.5287311673164368, -3.650161027908325, -1.6444904804229736, -1.5593063831329346, -2.6780078411102295, -1.4557760953903198, 2.164668560028076, 0.9312838315963745, -1.3829559087753296, -1.491845726966858, -1.391406536102295, -2.6880853176116943, -1.2839393615722656, -0.5711274147033691, 2.40185546875, 1.6095895767211914, -1.0365558862686157, -2.411797523498535, -1.7083157300949097, -2.29182505607605, -0.7127152681350708, -1.0749266147613525, -3.288203001022339, -3.0499508380889893, -3.066845655441284, -3.1633167266845703, 1.483838438987732, 1.0550471544265747, -2.7126221656799316, -0.5568530559539795, -3.0555598735809326, -3.166914701461792, -1.629337191581726, -2.274200916290283, 1.287420630455017, 1.1077593564987183, -3.3242881298065186, -0.5485316514968872, -3.1675524711608887, -3.596468687057495, -3.2040951251983643, -0.5846738815307617, 1.4764987230300903, 1.4231514930725098, -1.952142357826233, -1.915807843208313, -0.6256977915763855, -1.5277470350265503, -3.1815600395202637, -3.129056215286255, -3.5427215099334717, -3.5869195461273193, -0.5648468732833862, 1.9144551753997803, 1.327698826789856, -0.5041488409042358, -3.49725604057312, -3.228624105453491, -1.9456040859222412, -2.0871829986572266]}, "acc_test": 0.5, "precision_test": 0.5, "recall_test": 0.22, "f1_test": 0.3055555555555556, "auc_test": 0.504, "preds": [0.012615050189197063, 0.1459331214427948, 0.004117491189390421, 0.1394623965024948, 0.16612622141838074, 0.22591684758663177, 0.17591887712478638, 0.10729795694351196, 0.00865187868475914, 0.9470065832138062, 0.8855203986167908, 0.39801546931266785, 0.2202419936656952, 0.9863646030426025, 0.004710127133876085, 0.9252475500106812, 0.144569993019104, 0.060440514236688614, 0.7374917268753052, 0.010997310280799866, 0.31561562418937683, 0.03764728084206581, 0.0035900238435715437, 0.9911903142929077, 0.06581932306289673, 0.06466154754161835, 0.08084206283092499, 0.9949889779090881, 0.13245585560798645, 0.03275938704609871, 0.2365078181028366, 0.0007860752521082759, 0.0013885860098525882, 0.9579713940620422, 0.003305405378341675, 0.0014285347424447536, 0.038905512541532516, 0.9353368878364563, 0.0007144911796785891, 0.0010753184324130416, 0.0009788282914087176, 0.9572809338569641, 0.019105084240436554, 0.27211347222328186, 0.0010373489931225777, 0.00038944475818425417, 0.2989262044429779, 0.9407460689544678, 0.0004445186641532928, 0.019385866820812225]}
{"name": "distilbert-base-uncased", "predictions": {"test": [0.9629453420639038, 0.9099767804145813, 0.23214642703533173, 0.014615120366215706, 0.9676705002784729, 0.9197385907173157, 0.9018051028251648, 0.7294189929962158, 0.980901837348938, 0.9807784557342529, 0.9144095778465271, 0.9264761805534363, 0.9885259866714478, 0.959983229637146, 0.9910944104194641, 0.020173531025648117, 0.9817235469818115, 0.16853749752044678, 0.9884893298149109, 0.004416769836097956, 0.9561904072761536, 0.9525808691978455, 0.9904243350028992, 0.988440990447998, 0.6363467574119568, 0.023116355761885643, 0.9904071688652039, 0.9770562052726746, 0.9894706010818481, 0.017208196222782135, 0.9518235921859741, 0.9302338361740112, 0.9725576043128967, 0.004267691168934107, 0.9784426689147949, 0.17423035204410553, 0.9735519886016846, 0.5853161215782166, 0.9898990988731384, 0.3756217062473297, 0.9926058053970337, 0.974172830581665, 0.9912432432174683, 0.9912983179092407, 0.9838194251060486, 0.9714893102645874, 0.9709385633468628, 0.9572013020515442, 0.9810863137245178, 0.17755027115345, 0.9797704219818115, 0.968834400177002, 0.9546164274215698, 0.6257067918777466, 0.9686239361763, 0.9688771367073059, 0.99128258228302, 0.2793697714805603, 0.9407570362091064, 0.9400739669799805, 0.982989490032196, 0.47649428248405457, 0.9863698482513428, 0.023968709632754326, 0.9834502935409546, 0.9541919827461243, 0.979785144329071, 0.9791172742843628, 0.9847907423973083, 0.9191667437553406, 0.9779420495033264, 0.02813715487718582, 0.9892531037330627, 0.020311102271080017, 0.9512264132499695, 0.46835440397262573, 0.993129312992096, 0.9567386507987976, 0.9602258801460266, 0.8814455270767212, 0.9900240302085876, 0.00874282605946064, 0.9790568351745605, 0.9548504948616028, 0.9664549827575684, 0.8923460841178894, 0.5190047025680542, 0.07365061342716217, 0.9889283180236816, 0.974819540977478, 0.9427453279495239, 0.004586915019899607, 0.9481965899467468, 0.019089289009571075, 0.2489365190267563, 0.10630720108747482, 0.9725189208984375, 0.9640098214149475, 0.9614155292510986, 0.047869354486465454]}, "logits": {"test": [1.7814644575119019, 1.279762864112854, -0.5285807251930237, -2.118107795715332, 1.8706514835357666, 1.3841772079467773, 1.2674490213394165, 0.6054710149765015, 2.116438150405884, 2.11295485496521, 1.4058271646499634, 1.4671533107757568, 2.4028868675231934, 1.7281824350357056, 2.4852588176727295, -1.934867024421692, 2.1775569915771484, -0.7123592495918274, 2.4070746898651123, -2.758737564086914, 1.72464120388031, 1.7047994136810303, 2.486982822418213, 2.3955917358398438, 0.36133792996406555, -1.9045624732971191, 2.513641595840454, 2.020779848098755, 2.5204269886016846, -1.9994854927062988, 1.6200838088989258, 1.4453401565551758, 1.9895477294921875, -2.783393621444702, 2.070045232772827, -0.7260432243347168, 1.984197974205017, 0.3140379786491394, 2.426624059677124, -0.10672000795602798, 2.6455676555633545, 1.9774837493896484, 2.5977513790130615, 2.5676229000091553, 2.1864428520202637, 1.8481398820877075, 1.964048981666565, 1.7666163444519043, 2.1551907062530518, -0.7249912023544312, 2.151982307434082, 1.9214221239089966, 1.6439367532730103, 0.3605347275733948, 1.901310682296753, 1.9162715673446655, 2.576549530029297, -0.4394018054008484, 1.5648150444030762, 1.578026533126831, 2.2097084522247314, -0.010221517644822598, 2.3307180404663086, -1.790108323097229, 2.1826884746551514, 1.60908043384552, 2.1218714714050293, 2.1020798683166504, 2.3072948455810547, 1.3771799802780151, 2.0699424743652344, -1.7512155771255493, 2.431511640548706, -1.9093655347824097, 1.605839729309082, 0.011744988150894642, 2.7169628143310547, 1.7143669128417969, 1.7157336473464966, 1.085644006729126, 2.4892308712005615, -2.4111695289611816, 2.053663730621338, 1.6628464460372925, 1.8613147735595703, 1.2096446752548218, 0.09111567586660385, -1.2744444608688354, 2.4677276611328125, 2.0725436210632324, 1.5456674098968506, -2.717991828918457, 1.6000982522964478, -1.9291197061538696, -0.45360931754112244, -0.9976055026054382, 1.9162288904190063, 1.7912566661834717, 1.767842411994934, -1.4524818658828735]}, "acc_test": 0.7, "precision_test": 0.631578947368421, "recall_test": 0.96, "f1_test": 0.7619047619047619, "auc_test": 0.8340000000000001, "preds": [0.9629453420639038, 0.23214642703533173, 0.9676705002784729, 0.9018051028251648, 0.980901837348938, 0.9144095778465271, 0.9885259866714478, 0.9910944104194641, 0.9817235469818115, 0.9884893298149109, 0.9561904072761536, 0.9904243350028992, 0.6363467574119568, 0.9904071688652039, 0.9894706010818481, 0.9518235921859741, 0.9725576043128967, 0.9784426689147949, 0.9735519886016846, 0.9898990988731384, 0.9926058053970337, 0.9912432432174683, 0.9838194251060486, 0.9709385633468628, 0.9810863137245178, 0.9797704219818115, 0.9546164274215698, 0.9686239361763, 0.99128258228302, 0.9407570362091064, 0.982989490032196, 0.9863698482513428, 0.9834502935409546, 0.979785144329071, 0.9847907423973083, 0.9779420495033264, 0.9892531037330627, 0.9512264132499695, 0.993129312992096, 0.9602258801460266, 0.9900240302085876, 0.9790568351745605, 0.9664549827575684, 0.5190047025680542, 0.9889283180236816, 0.9427453279495239, 0.9481965899467468, 0.2489365190267563, 0.9725189208984375, 0.9614155292510986]}
