{"name": "likelihood_threshold", "predictions": {"test": [-3.1010942459106445, -3.1639764308929443, -0.876023530960083, -0.9136336445808411, -3.7227816581726074, -3.70735502243042, -2.31231689453125, -2.31231689453125, -1.9918932914733887, -1.9918932914733887, -3.0984299182891846, -3.2434558868408203, -2.2531845569610596, -2.61366605758667, -2.438354253768921, -2.815650224685669, -2.4522876739501953, -2.577394485473633, -2.182967185974121, -2.2375948429107666, -1.9201587438583374, -2.225447416305542, -1.814741611480713, -1.7985012531280518, -2.39117431640625, -2.6676392555236816, -1.855143427848816, -2.1861066818237305, -2.914802312850952, -3.047609567642212, -3.315427303314209, -3.305086135864258, -2.1137187480926514, -2.2400002479553223, -2.6616179943084717, -3.1308040618896484, -1.4411365985870361, -1.6767841577529907, -1.8767300844192505, -1.9572633504867554, -2.7124128341674805, -2.8608579635620117, -3.496633768081665, -3.3760526180267334, -3.632734537124634, -3.5433716773986816, -1.505628228187561, -1.5917739868164062, -2.255605697631836, -2.8433749675750732, -1.5308269262313843, -2.0067062377929688, -1.6339218616485596, -1.8687344789505005, -2.142117977142334, -2.46814227104187, -2.637336254119873, -2.407257556915283, -1.7890777587890625, -2.582287073135376, -2.2566909790039062, -2.82993745803833, -1.8404045104980469, -2.1527698040008545, -2.5083229541778564, -3.1221585273742676, -2.4613914489746094, -2.661151170730591, -2.3539912700653076, -2.5763461589813232, -1.9126300811767578, -2.2537729740142822, -3.585561990737915, -3.7353129386901855, -2.0576395988464355, -1.8830537796020508, -2.3226945400238037, -2.8023929595947266, -3.2626311779022217, -3.2626311779022217, -2.922060251235962, -2.834228992462158, -2.5030083656311035, -2.4474050998687744, -2.6269290447235107, -2.6269290447235107, -3.361213207244873, -3.361213207244873, -1.9519016742706299, -2.2283918857574463, -3.1957061290740967, -3.1957061290740967, -2.310695171356201, -2.142876148223877, -1.502984642982483, -1.502984642982483, -2.689821720123291, -2.979694128036499, -3.379305124282837, -3.379305124282837]}, "acc_test": 0.51, "precision_test": 0.5060240963855421, "recall_test": 0.84, "f1_test": 0.631578947368421, "auc_test": 0.5792}
{"name": "rank_threshold", "predictions": {"test": [-137.30833435058594, -268.35833740234375, -81.07200622558594, -74.67200469970703, -442.5107421875, -441.6075134277344, -63.34074020385742, -63.34074020385742, -143.33334350585938, -143.33334350585938, -177.07937622070312, -120.73076629638672, -82.9136734008789, -84.9849624633789, -162.07070922851562, -175.77659606933594, -19.428571701049805, -18.91964340209961, -12.970588684082031, -12.550000190734863, -45.051612854003906, -54.029197692871094, -36.19047546386719, -36.666664123535156, -132.24346923828125, -162.65216064453125, -6.776397705078125, -10.473333358764648, -88.20635223388672, -113.51587677001953, -85.10400390625, -58.35384750366211, -25.632001876831055, -30.598358154296875, -33.75, -81.79000091552734, -59.50819396972656, -20.85714340209961, -11.395683288574219, -13.948147773742676, -86.42974853515625, -184.6271209716797, -158.51266479492188, -170.1012725830078, -174.05426025390625, -264.6842041015625, -3.238410711288452, -6.79054069519043, -273.6031799316406, -326.70269775390625, -9.655843734741211, -52.90070724487305, -13.744000434875488, -19.196720123291016, -40.49580001831055, -26.587154388427734, -36.832000732421875, -14.61156940460205, -10.527472496032715, -40.576473236083984, -12.959348678588867, -29.280990600585938, -7.3828125, -14.380165100097656, -31.254716873168945, -51.03370666503906, -82.3499984741211, -107.2582778930664, -25.59503936767578, -21.086956024169922, -25.303030014038086, -21.30434799194336, -171.377197265625, -225.0177001953125, -70.02857208251953, -161.25257873535156, -160.90476989746094, -195.15504455566406, -68.08000183105469, -68.08000183105469, -132.62294006347656, -88.04838562011719, -18.30172348022461, -16.439655303955078, -33.741668701171875, -33.741668701171875, -339.99200439453125, -339.99200439453125, -27.43809700012207, -60.990478515625, -135.0932159423828, -135.0932159423828, -23.166667938232422, -15.239999771118164, -75.50387573242188, -75.50387573242188, -109.65546417236328, -134.35577392578125, -155.7027130126953, -155.7027130126953]}, "acc_test": 0.54, "precision_test": 0.5232558139534884, "recall_test": 0.9, "f1_test": 0.661764705882353, "auc_test": 0.5384}
{"name": "log_rank_threshold", "predictions": {"test": [-1.6477534770965576, -1.6829860210418701, -0.40340420603752136, -0.42458200454711914, -2.020272970199585, -2.02603816986084, -1.1419771909713745, -1.1419771909713745, -0.8912352919578552, -0.8912352919578552, -1.679117202758789, -1.7935644388198853, -0.9971421360969543, -1.2264567613601685, -1.1929383277893066, -1.4447790384292603, -1.1843894720077515, -1.2256847620010376, -0.9923322200775146, -1.0394763946533203, -0.8051332831382751, -0.9463222622871399, -0.8361642956733704, -0.8213474154472351, -1.1235138177871704, -1.360276699066162, -0.7574282288551331, -0.975999653339386, -1.4795160293579102, -1.6189217567443848, -1.75788414478302, -1.6899713277816772, -0.8924294710159302, -1.0513641834259033, -1.2906827926635742, -1.6241514682769775, -0.543388843536377, -0.6783071160316467, -0.845234215259552, -0.9267777800559998, -1.3358889818191528, -1.4669374227523804, -1.9957427978515625, -1.964296817779541, -1.962188720703125, -1.8623738288879395, -0.5298862457275391, -0.5712311267852783, -0.9363034963607788, -1.3813732862472534, -0.5631880164146423, -0.920296847820282, -0.7225778698921204, -0.8482556939125061, -0.9136475324630737, -1.1216460466384888, -1.193672776222229, -1.1334331035614014, -0.7049924731254578, -1.2112455368041992, -0.9832174777984619, -1.4280726909637451, -0.7231109738349915, -0.9153605103492737, -1.113293170928955, -1.527273416519165, -1.248937964439392, -1.328314185142517, -1.056881070137024, -1.2141484022140503, -0.7823763489723206, -1.0631639957427979, -1.9850260019302368, -2.074476718902588, -1.0165046453475952, -0.8689963221549988, -1.0479940176010132, -1.3922289609909058, -1.7913694381713867, -1.7913694381713867, -1.5027397871017456, -1.4076323509216309, -1.1214230060577393, -1.0706743001937866, -1.2402219772338867, -1.2402219772338867, -1.7413274049758911, -1.7413274049758911, -0.8334762454032898, -1.0388911962509155, -1.643681526184082, -1.643681526184082, -1.0551469326019287, -0.9362248182296753, -0.5829758644104004, -0.5829758644104004, -1.3012837171554565, -1.5422742366790771, -1.8361775875091553, -1.8361775875091553]}, "acc_test": 0.51, "precision_test": 0.5060240963855421, "recall_test": 0.84, "f1_test": 0.631578947368421, "auc_test": 0.5912000000000001}
{"name": "entropy_threshold", "predictions": {"test": [3.0847246646881104, 3.143174409866333, 1.2726342678070068, 1.3238457441329956, 3.7266347408294678, 3.71985125541687, 2.9840104579925537, 2.9840104579925537, 2.8790805339813232, 2.8790805339813232, 3.335610866546631, 3.406606674194336, 3.2212419509887695, 3.251073122024536, 3.0949792861938477, 3.176007032394409, 2.707843542098999, 2.7614662647247314, 2.995497226715088, 3.0198333263397217, 2.923715114593506, 3.142624855041504, 2.45078706741333, 2.436150550842285, 3.2522099018096924, 3.17850399017334, 2.8254952430725098, 2.972437858581543, 3.168339729309082, 3.208827018737793, 3.387704849243164, 3.419430732727051, 3.088594913482666, 2.895744800567627, 3.2703967094421387, 3.424583673477173, 2.106257915496826, 2.1485137939453125, 2.5291860103607178, 2.549805164337158, 3.520603895187378, 3.51259446144104, 3.716883897781372, 3.64509654045105, 3.390637159347534, 3.4184420108795166, 2.4221861362457275, 2.5291900634765625, 3.120577335357666, 3.3275387287139893, 2.5064194202423096, 2.484405040740967, 2.180030584335327, 2.1954185962677, 2.907682180404663, 2.993842840194702, 3.5118727684020996, 3.3783366680145264, 2.937112331390381, 3.1081953048706055, 3.193931818008423, 3.2914834022521973, 2.9603896141052246, 3.031066656112671, 3.4082207679748535, 3.504082441329956, 2.9086132049560547, 2.960731267929077, 3.199099540710449, 3.1694231033325195, 2.825287103652954, 3.009783983230591, 3.720973014831543, 3.8584156036376953, 2.500544309616089, 2.5675222873687744, 3.0560519695281982, 3.1365931034088135, 3.5485665798187256, 3.5485665798187256, 3.394118547439575, 3.462455987930298, 3.277146339416504, 3.2149767875671387, 2.7710273265838623, 2.7710273265838623, 3.2837159633636475, 3.2837159633636475, 2.663940906524658, 2.6540002822875977, 3.5319406986236572, 3.5319406986236572, 3.126859426498413, 3.030712842941284, 2.2736337184906006, 2.2736337184906006, 3.2315480709075928, 3.259709358215332, 3.5610511302948, 3.5610511302948]}, "acc_test": 0.5, "precision_test": 0.5, "recall_test": 0.92, "f1_test": 0.647887323943662, "auc_test": 0.5312}
{"name": "rank_GLTR_threshold", "predictions": {"test": [[0.7083333333333334, 0.14166666666666666, 0.10833333333333334, 0.041666666666666664], [0.7, 0.15, 0.10833333333333334, 0.041666666666666664], [0.936, 0.032, 0.016, 0.016], [0.928, 0.048, 0.008, 0.016], [0.6612903225806451, 0.1774193548387097, 0.11290322580645161, 0.04838709677419355], [0.6666666666666666, 0.1774193548387097, 0.10752688172043011, 0.04838709677419355], [0.8148148148148148, 0.11851851851851852, 0.05185185185185185, 0.014814814814814815], [0.8148148148148148, 0.11851851851851852, 0.05185185185185185, 0.014814814814814815], [0.8933333333333333, 0.08666666666666667, 0.006666666666666667, 0.013333333333333334], [0.8933333333333333, 0.08666666666666667, 0.006666666666666667, 0.013333333333333334], [0.7063492063492064, 0.18253968253968253, 0.07936507936507936, 0.031746031746031744], [0.7, 0.16153846153846155, 0.11538461538461539, 0.023076923076923078], [0.8633093525179856, 0.10071942446043165, 0.02158273381294964, 0.014388489208633094], [0.7894736842105263, 0.14285714285714285, 0.05263157894736842, 0.015037593984962405], [0.7777777777777778, 0.16161616161616163, 0.030303030303030304, 0.030303030303030304], [0.7446808510638298, 0.1595744680851064, 0.06382978723404255, 0.031914893617021274], [0.8214285714285714, 0.13392857142857142, 0.044642857142857144, 0.0], [0.7767857142857143, 0.17857142857142858, 0.044642857142857144, 0.0], [0.8333333333333334, 0.13725490196078433, 0.029411764705882353, 0.0], [0.83, 0.13, 0.04, 0.0], [0.8838709677419355, 0.10967741935483871, 0.0, 0.0064516129032258064], [0.8540145985401459, 0.13138686131386862, 0.0072992700729927005, 0.0072992700729927005], [0.8809523809523809, 0.08928571428571429, 0.023809523809523808, 0.005952380952380952], [0.8787878787878788, 0.09090909090909091, 0.024242424242424242, 0.006060606060606061], [0.8608695652173913, 0.09565217391304348, 0.017391304347826087, 0.02608695652173913], [0.8347826086956521, 0.06956521739130435, 0.06956521739130435, 0.02608695652173913], [0.8819875776397516, 0.11180124223602485, 0.006211180124223602, 0.0], [0.8066666666666666, 0.16666666666666666, 0.02666666666666667, 0.0], [0.746031746031746, 0.16666666666666666, 0.05555555555555555, 0.031746031746031744], [0.7222222222222222, 0.16666666666666666, 0.07936507936507936, 0.031746031746031744], [0.68, 0.224, 0.072, 0.024], [0.676923076923077, 0.2230769230769231, 0.09230769230769231, 0.007692307692307693], [0.896, 0.072, 0.024, 0.008], [0.8360655737704918, 0.11475409836065574, 0.040983606557377046, 0.00819672131147541], [0.76, 0.19, 0.04, 0.01], [0.71, 0.14, 0.13, 0.02], [0.9426229508196722, 0.02459016393442623, 0.02459016393442623, 0.00819672131147541], [0.907563025210084, 0.06722689075630252, 0.01680672268907563, 0.008403361344537815], [0.8561151079136691, 0.11510791366906475, 0.02877697841726619, 0.0], [0.8444444444444444, 0.1259259259259259, 0.02962962962962963, 0.0], [0.7851239669421488, 0.1487603305785124, 0.04132231404958678, 0.024793388429752067], [0.7542372881355932, 0.1694915254237288, 0.05084745762711865, 0.025423728813559324], [0.6645569620253164, 0.14556962025316456, 0.13924050632911392, 0.05063291139240506], [0.6582278481012658, 0.15822784810126583, 0.13924050632911392, 0.04430379746835443], [0.6666666666666666, 0.20930232558139536, 0.10852713178294573, 0.015503875968992248], [0.6766917293233082, 0.21804511278195488, 0.09774436090225563, 0.007518796992481203], [0.9337748344370861, 0.06622516556291391, 0.0, 0.0], [0.9256756756756757, 0.06756756756756757, 0.006756756756756757, 0.0], [0.873015873015873, 0.1111111111111111, 0.007936507936507936, 0.007936507936507936], [0.7567567567567568, 0.18018018018018017, 0.05405405405405406, 0.009009009009009009], [0.9285714285714286, 0.05194805194805195, 0.01948051948051948, 0.0], [0.851063829787234, 0.09219858156028368, 0.04964539007092199, 0.0070921985815602835], [0.92, 0.048, 0.032, 0.0], [0.8524590163934426, 0.11475409836065574, 0.02459016393442623, 0.00819672131147541], [0.8907563025210085, 0.06722689075630252, 0.025210084033613446, 0.01680672268907563], [0.8256880733944955, 0.11009174311926606, 0.06422018348623854, 0.0], [0.84, 0.104, 0.048, 0.008], [0.8099173553719008, 0.1652892561983471, 0.024793388429752067, 0.0], [0.9120879120879121, 0.06593406593406594, 0.02197802197802198, 0.0], [0.8235294117647058, 0.10588235294117647, 0.07058823529411765, 0.0], [0.8373983739837398, 0.13821138211382114, 0.024390243902439025, 0.0], [0.7603305785123967, 0.1652892561983471, 0.0743801652892562, 0.0], [0.8984375, 0.0859375, 0.015625, 0.0], [0.8677685950413223, 0.09917355371900827, 0.03305785123966942, 0.0], [0.839622641509434, 0.11320754716981132, 0.03773584905660377, 0.009433962264150943], [0.7752808988764045, 0.14606741573033707, 0.06741573033707865, 0.011235955056179775], [0.7785714285714286, 0.15, 0.06428571428571428, 0.007142857142857143], [0.7682119205298014, 0.15894039735099338, 0.059602649006622516, 0.013245033112582781], [0.859504132231405, 0.09090909090909091, 0.04132231404958678, 0.008264462809917356], [0.808695652173913, 0.12173913043478261, 0.06956521739130435, 0.0], [0.9090909090909091, 0.06060606060606061, 0.020202020202020204, 0.010101010101010102], [0.8369565217391305, 0.13043478260869565, 0.03260869565217391, 0.0], [0.631578947368421, 0.24561403508771928, 0.08771929824561403, 0.03508771929824561], [0.6548672566371682, 0.18584070796460178, 0.10619469026548672, 0.05309734513274336], [0.8114285714285714, 0.15428571428571428, 0.022857142857142857, 0.011428571428571429], [0.865979381443299, 0.10309278350515463, 0.020618556701030927, 0.010309278350515464], [0.9047619047619048, 0.07142857142857142, 0.007936507936507936, 0.015873015873015872], [0.7906976744186046, 0.15503875968992248, 0.031007751937984496, 0.023255813953488372], [0.704, 0.152, 0.128, 0.016], [0.704, 0.152, 0.128, 0.016], [0.7459016393442623, 0.16393442622950818, 0.06557377049180328, 0.02459016393442623], [0.7419354838709677, 0.1693548387096774, 0.06451612903225806, 0.024193548387096774], [0.8362068965517241, 0.12931034482758622, 0.034482758620689655, 0.0], [0.8275862068965517, 0.15517241379310345, 0.017241379310344827, 0.0], [0.7833333333333333, 0.15, 0.06666666666666667, 0.0], [0.7833333333333333, 0.15, 0.06666666666666667, 0.0], [0.736, 0.144, 0.072, 0.048], [0.736, 0.144, 0.072, 0.048], [0.8857142857142857, 0.08571428571428572, 0.01904761904761905, 0.009523809523809525], [0.8571428571428571, 0.10476190476190476, 0.02857142857142857, 0.009523809523809525], [0.7627118644067796, 0.1016949152542373, 0.09322033898305085, 0.0423728813559322], [0.7627118644067796, 0.1016949152542373, 0.09322033898305085, 0.0423728813559322], [0.84375, 0.11458333333333333, 0.041666666666666664, 0.0], [0.87, 0.1, 0.03, 0.0], [0.9302325581395349, 0.031007751937984496, 0.031007751937984496, 0.007751937984496124], [0.9302325581395349, 0.031007751937984496, 0.031007751937984496, 0.007751937984496124], [0.7899159663865546, 0.13445378151260504, 0.05042016806722689, 0.025210084033613446], [0.75, 0.14423076923076922, 0.08653846153846154, 0.019230769230769232], [0.7117117117117117, 0.15315315315315314, 0.08108108108108109, 0.05405405405405406], [0.7117117117117117, 0.15315315315315314, 0.08108108108108109, 0.05405405405405406]]}, "acc_test": 0.5, "precision_test": 0.5, "recall_test": 0.82, "f1_test": 0.6212121212121212, "auc_test": 0.6083999999999999}
{"name": "perturbation_10_z", "predictions": {"test": [0.9125117197353592, 0.8829331737038161, 0.43045453026839703, 1.0457118356195074, -0.03365661410877591, -0.06888621150750046, 0.38819235893063714, 0.6756829330534059, 1.4434713722435888, 0.557641093667092, 0.09898763691859666, -0.09383746876888889, 1.4579433034583253, 0.3545330975037695, -0.2938194664164962, 0.16640424460906997, 1.3239856649291795, 1.258737706103947, 0.5262871099967418, 0.6083165140630103, 2.2861435894756847, 0.9607371855231536, 1.6374119701467984, 1.581734898755712, 1.4072179736137647, 0.32895392955463937, 1.2912614988051907, 1.7459954333454824, 0.7775687168264073, 1.2597998849862675, -0.32297370879158316, -0.27322815679512563, 1.9154127858634868, 1.1467551858661524, 2.302932784527076, 0.18642083041540994, 0.07162745060294483, -0.5149042384319624, 0.9663177251577494, 1.6280850423549442, 0.13889869385111134, 0.7160778814459525, 0.01034284962451098, 0.3173177674489317, 0.119106933220226, -0.9428421118721025, 0.9021074758093841, 1.2384599221741213, 0.4966675900755928, 0.11756136074520968, 1.2360321446443574, 1.1945072696085233, 1.7232249161305844, 0.7121665939039641, 0.5951311838216339, 1.0096733109477, 0.7339035129548972, 0.915717809318626, 0.9807725091696224, -0.10937391092974566, 0.8889595996740846, 0.03735115158760059, 0.8365026655808718, 1.7774575095665273, 0.801081266924842, 0.22827508979308692, 0.2954693928200872, -0.07742745794667051, 2.3593170928120917, 1.5492298314498603, 2.030177974438033, 1.3422438749478907, 0.22045149399603184, 0.37145615333752463, 2.0585549400116783, 1.787706330387103, 1.5632772772009815, 0.6698066113838709, -0.08062263095591768, -0.028193501161893446, 0.3751622745751171, 0.6028053597783298, -0.18339808616368192, 0.3578515762443044, 0.0999291405577579, -0.8604825799047043, -0.4670528079878931, 0.04562411011758, 0.9271248833205271, 0.36164938740345504, -0.029064446746166595, -0.4947015641866069, 0.6426745524457149, 0.7027132595166142, 1.9817301180243068, 1.564105236816875, 0.11779494079676053, 0.42908222101314275, 0.7101443154086013, 1.0395084236872751]}, "info": {"pct_words_masked": 0.3, "span_length": 2, "n_perturbations": 10}, "general": {"acc_test": 0.5, "precision_test": 0.5, "recall_test": 0.68, "f1_test": 0.576271186440678, "auc_test": 0.5644}}
{"name": "GPT-sentinel", "acc": 0.4897959183673469}
{"name": "roberta-base-openai-detector", "predictions": {"test": [0.00023087096633389592, 0.00023802326177246869, 0.9982604384422302, 0.9893492460250854, 0.0008024066919460893, 0.0003980014880653471, 0.9944871068000793, 0.9944871068000793, 0.6028531193733215, 0.6028531193733215, 0.0033309338614344597, 0.0007303366437554359, 0.17132455110549927, 0.0002750986022874713, 0.9992235898971558, 0.9955423474311829, 0.9912093877792358, 0.9953756332397461, 0.9993500113487244, 0.9992727637290955, 0.9998177886009216, 0.9998257756233215, 0.9995265007019043, 0.9992479681968689, 0.852998673915863, 0.9097034335136414, 0.9998247027397156, 0.9998262524604797, 0.07165483385324478, 0.00024906767066568136, 0.5414075255393982, 0.011593224480748177, 0.9998212456703186, 0.9998030066490173, 0.8768101334571838, 0.004385699983686209, 0.9995137453079224, 0.9998262524604797, 0.9997683167457581, 0.998672366142273, 0.9997430443763733, 0.3051277995109558, 0.0002609558287076652, 0.0004575662314891815, 0.005689506884664297, 0.027798498049378395, 0.9997946619987488, 0.9997960925102234, 0.9997702240943909, 0.10584153234958649, 0.9997990727424622, 0.5683826208114624, 0.9962970614433289, 0.9995254278182983, 0.5007665753364563, 0.5399395823478699, 0.9951270818710327, 0.9997506737709045, 0.9998049139976501, 0.6933903694152832, 0.9998183846473694, 0.21572354435920715, 0.9998267292976379, 0.9998090863227844, 0.9997900128364563, 0.22316686809062958, 0.8772062659263611, 0.8605067729949951, 0.9582007527351379, 0.051850222051143646, 0.999742329120636, 0.9783830046653748, 0.0020010587759315968, 0.00024446716997772455, 0.9939170479774475, 0.9997487664222717, 0.9998183846473694, 0.9998225569725037, 0.0002092740178341046, 0.0002092740178341046, 0.8731930255889893, 0.9240926504135132, 0.0031923421192914248, 0.003273595357313752, 0.003354294691234827, 0.003354294691234827, 0.007259745616465807, 0.007259745616465807, 0.9971458315849304, 0.9804210662841797, 0.008136999793350697, 0.008136999793350697, 0.9888755083084106, 0.9998061060905457, 0.9998237490653992, 0.9998237490653992, 0.9455521702766418, 0.10394506901502609, 0.0013645360013470054, 0.0013645360013470054]}, "logits": {"test": [-4.541580677032471, -4.52372932434082, 3.3536319732666016, 2.3313684463500977, -3.8253347873687744, -4.218525409698486, 2.6885900497436523, 2.6885900497436523, 0.14011824131011963, 0.14011824131011963, -3.0680012702941895, -3.8973469734191895, -0.8759059906005859, -4.441246032714844, 3.8129682540893555, 2.8094594478607178, 2.4252736568450928, 2.7881712913513184, 3.917365550994873, 3.853240728378296, 4.680624008178711, 4.695569038391113, 4.100150108337402, 3.830033540725708, 0.8379484415054321, 1.1209006309509277, 4.695990562438965, 4.695005416870117, -1.4082231521606445, -4.507119655609131, 0.018898850306868553, -2.390347480773926, 4.687295913696289, 4.619585037231445, 0.9457442164421082, -2.9175262451171875, 4.086246490478516, 4.699989318847656, 4.524998664855957, 3.5141453742980957, 4.4579949378967285, -0.5068573355674744, -4.460755348205566, -4.147751808166504, -2.7724480628967285, -1.9082040786743164, 4.628896236419678, 4.631758213043213, 4.525841236114502, -1.1757843494415283, 4.635009288787842, 0.06070895493030548, 2.913273334503174, 4.1051716804504395, -0.0845986157655716, -0.007845435291528702, 2.7599856853485107, 4.4773640632629395, 4.62330436706543, 0.34374865889549255, 4.667498588562012, -0.7394330501556396, 4.704310894012451, 4.6365275382995605, 4.578646183013916, -0.7071751952171326, 0.9506869912147522, 0.8729837536811829, 1.5604474544525146, -1.5818842649459839, 4.4542460441589355, 1.9218223094940186, -3.3569161891937256, -4.510232925415039, 2.6370856761932373, 4.474578857421875, 4.68033504486084, 4.681663513183594, -4.598975658416748, -4.598975658416748, 0.9229037165641785, 1.22951078414917, -3.0905568599700928, -3.0765748023986816, -3.057117462158203, -3.057117462158203, -2.6608726978302, -2.6608726978302, 3.0620174407958984, 1.9816806316375732, -2.5794763565063477, -2.5794763565063477, 2.292786121368408, 4.627936840057373, 4.6929144859313965, 4.6929144859313965, 1.4225722551345825, -1.173264980316162, -3.551971197128296, -3.551971197128296]}, "acc_test": 0.58, "precision_test": 0.5625, "recall_test": 0.72, "f1_test": 0.631578947368421, "auc_test": 0.5744, "preds": [0.00023087096633389592, 0.9982604384422302, 0.0008024066919460893, 0.9944871068000793, 0.6028531193733215, 0.0033309338614344597, 0.17132455110549927, 0.9992235898971558, 0.9912093877792358, 0.9993500113487244, 0.9998177886009216, 0.9995265007019043, 0.852998673915863, 0.9998247027397156, 0.07165483385324478, 0.5414075255393982, 0.9998212456703186, 0.8768101334571838, 0.9995137453079224, 0.9997683167457581, 0.9997430443763733, 0.0002609558287076652, 0.005689506884664297, 0.9997946619987488, 0.9997702240943909, 0.9997990727424622, 0.9962970614433289, 0.5007665753364563, 0.9951270818710327, 0.9998049139976501, 0.9998183846473694, 0.9998267292976379, 0.9997900128364563, 0.8772062659263611, 0.9582007527351379, 0.999742329120636, 0.0020010587759315968, 0.9939170479774475, 0.9998183846473694, 0.0002092740178341046, 0.8731930255889893, 0.0031923421192914248, 0.003354294691234827, 0.007259745616465807, 0.9971458315849304, 0.008136999793350697, 0.9888755083084106, 0.9998237490653992, 0.9455521702766418, 0.0013645360013470054]}
{"name": "Hello-SimpleAI/chatgpt-detector-roberta", "predictions": {"test": [0.020067201927304268, 0.013063134625554085, 0.0981334000825882, 0.15761695802211761, 0.04697398096323013, 0.04535596817731857, 0.2126583456993103, 0.2126583456993103, 0.9982403516769409, 0.9982403516769409, 0.007329641375690699, 0.006029860116541386, 0.999235987663269, 0.9991809725761414, 0.9992376565933228, 0.9992282390594482, 0.9989383816719055, 0.9990179538726807, 0.9992315769195557, 0.9992307424545288, 0.9992311000823975, 0.9992198944091797, 0.9966063499450684, 0.9978933930397034, 0.9992161989212036, 0.9986660480499268, 0.9992437362670898, 0.999241828918457, 0.017138345167040825, 0.007990163750946522, 0.0028985512908548117, 0.009159199893474579, 0.9951501488685608, 0.9951643943786621, 0.999238133430481, 0.9974168539047241, 0.9992333650588989, 0.9992293119430542, 0.9992361068725586, 0.9992278814315796, 0.9710864424705505, 0.23585245013237, 0.9759089350700378, 0.9512324333190918, 0.013431432656943798, 0.041921116411685944, 0.9992374181747437, 0.9992375373840332, 0.9990092515945435, 0.913424551486969, 0.9992326498031616, 0.9640107154846191, 0.9992413520812988, 0.999208390712738, 0.9992509484291077, 0.9992498755455017, 0.06800107657909393, 0.21090717613697052, 0.9992425441741943, 0.9986553192138672, 0.9991151690483093, 0.9988070726394653, 0.999241828918457, 0.9992353916168213, 0.9992467164993286, 0.9992415904998779, 0.0009260172955691814, 0.008605347946286201, 0.999237060546875, 0.9991242289543152, 0.9992361068725586, 0.9972104430198669, 0.027151692658662796, 0.03090173378586769, 0.8506856560707092, 0.9739782810211182, 0.9985778331756592, 0.26665350794792175, 0.2893873453140259, 0.2893873453140259, 0.1251785308122635, 0.004195462912321091, 0.9992409944534302, 0.9992412328720093, 0.9981920123100281, 0.9981920123100281, 0.9238389134407043, 0.9238389134407043, 0.999241828918457, 0.9992270469665527, 0.9960499405860901, 0.9960499405860901, 0.9978908896446228, 0.9992331266403198, 0.9989176988601685, 0.9989176988601685, 0.9982692003250122, 0.9526365399360657, 0.004750079941004515, 0.004750079941004515]}, "logits": {"test": [-1.930128574371338, -2.1210825443267822, -1.1887229681015015, -0.9445371627807617, -1.5419669151306152, -1.5582914352416992, -0.7765758633613586, -0.7765758633613586, 2.827484607696533, 2.827484607696533, -2.373641014099121, -2.4577624797821045, 3.123926877975464, 3.1095221042633057, 3.123960494995117, 3.1234512329101562, 3.0209875106811523, 3.0491178035736084, 3.1237916946411133, 3.123720169067383, 3.123755693435669, 3.121805191040039, 2.5628812313079834, 2.756026029586792, 3.120880126953125, 2.9352633953094482, 3.124553918838501, 3.1242635250091553, -2.0006515979766846, -2.3362462520599365, -2.7673847675323486, -2.276853084564209, 2.4154515266418457, 2.416677236557007, 3.1239261627197266, 2.6740195751190186, 3.1238903999328613, 3.1235880851745605, 3.1239054203033447, 3.1233911514282227, 1.6505330801010132, -0.7143991589546204, 1.7308549880981445, 1.4166589975357056, -2.108802556991577, -1.5948318243026733, 3.1239659786224365, 3.123972177505493, 3.0459630489349365, 1.1506284475326538, 3.1238677501678467, 1.553344964981079, 3.1241984367370605, 3.1186635494232178, 3.124610662460327, 3.1248579025268555, -1.367374300956726, -0.7813208103179932, 3.12436580657959, 2.9322166442871094, 3.085129976272583, 2.977691411972046, 3.124328851699829, 3.1239352226257324, 3.124882459640503, 3.124234676361084, -3.2255184650421143, -2.304018974304199, 3.1239073276519775, 3.0885159969329834, 3.1239004135131836, 2.642850637435913, -1.7938148975372314, -1.7349696159362793, 0.8830470442771912, 1.6969882249832153, 2.9106342792510986, -0.6386693120002747, -0.5860543251037598, -0.5860543251037598, -1.0657742023468018, -2.612332820892334, 3.1241142749786377, 3.12416672706604, 2.816807746887207, 2.816807746887207, 1.2112046480178833, 1.2112046480178833, 3.12418532371521, 3.123270034790039, 2.5004470348358154, 2.5004470348358154, 2.755537509918213, 3.1238906383514404, 3.013885498046875, 3.013885498046875, 2.8340156078338623, 1.4299042224884033, -2.559675693511963, -2.559675693511963]}, "acc_test": 0.52, "precision_test": 0.5142857142857142, "recall_test": 0.72, "f1_test": 0.6, "auc_test": 0.5732, "preds": [0.020067201927304268, 0.0981334000825882, 0.04697398096323013, 0.2126583456993103, 0.9982403516769409, 0.007329641375690699, 0.999235987663269, 0.9992376565933228, 0.9989383816719055, 0.9992315769195557, 0.9992311000823975, 0.9966063499450684, 0.9992161989212036, 0.9992437362670898, 0.017138345167040825, 0.0028985512908548117, 0.9951501488685608, 0.999238133430481, 0.9992333650588989, 0.9992361068725586, 0.9710864424705505, 0.9759089350700378, 0.013431432656943798, 0.9992374181747437, 0.9990092515945435, 0.9992326498031616, 0.9992413520812988, 0.9992509484291077, 0.06800107657909393, 0.9992425441741943, 0.9991151690483093, 0.999241828918457, 0.9992467164993286, 0.0009260172955691814, 0.999237060546875, 0.9992361068725586, 0.027151692658662796, 0.8506856560707092, 0.9985778331756592, 0.2893873453140259, 0.1251785308122635, 0.9992409944534302, 0.9981920123100281, 0.9238389134407043, 0.999241828918457, 0.9960499405860901, 0.9978908896446228, 0.9989176988601685, 0.9982692003250122, 0.004750079941004515]}
{"name": "distilbert-base-uncased", "predictions": {"test": [0.9727598428726196, 0.9677569270133972, 0.9933720827102661, 0.9931107759475708, 0.9817847013473511, 0.981131911277771, 0.9859107732772827, 0.9859107732772827, 0.9677486419677734, 0.9677486419677734, 0.9838171005249023, 0.9849432706832886, 0.9308907985687256, 0.8886386156082153, 0.9839665293693542, 0.9914926886558533, 0.931179940700531, 0.9131453633308411, 0.9944735169410706, 0.9946131110191345, 0.9939279556274414, 0.9939936995506287, 0.991934061050415, 0.9921067953109741, 0.9917035102844238, 0.9837214350700378, 0.9763755798339844, 0.8702980279922485, 0.977827250957489, 0.9800868034362793, 0.9232572317123413, 0.9545249938964844, 0.9953374862670898, 0.9923833012580872, 0.9958416819572449, 0.9786242842674255, 0.9849197864532471, 0.9854676127433777, 0.9788419604301453, 0.9815469980239868, 0.9883236885070801, 0.9783715009689331, 0.9952077269554138, 0.9955703616142273, 0.9528080821037292, 0.9135424494743347, 0.9967532753944397, 0.9967446327209473, 0.9921332597732544, 0.9825415015220642, 0.992797315120697, 0.9903077483177185, 0.9643020033836365, 0.519743800163269, 0.9722647666931152, 0.3725350797176361, 0.9895240664482117, 0.9875081181526184, 0.9955871105194092, 0.9578917026519775, 0.9497447609901428, 0.9089131951332092, 0.9948358535766602, 0.9891490340232849, 0.9560043215751648, 0.967203676700592, 0.9938232898712158, 0.9968611001968384, 0.993122398853302, 0.9913877844810486, 0.9693536162376404, 0.9635820388793945, 0.9825136065483093, 0.9735238552093506, 0.991928219795227, 0.9954028129577637, 0.9713202118873596, 0.9138041734695435, 0.9934772253036499, 0.9934772253036499, 0.9312040209770203, 0.9837347269058228, 0.9083660840988159, 0.9362961053848267, 0.9906657934188843, 0.9906657934188843, 0.9798081517219543, 0.9798081517219543, 0.9821747541427612, 0.9418334364891052, 0.8526620864868164, 0.8526620864868164, 0.9634479284286499, 0.5445098280906677, 0.9969146251678467, 0.9969146251678467, 0.9877234697341919, 0.9895375967025757, 0.9810165762901306, 0.9810165762901306]}, "logits": {"test": [1.9530527591705322, 1.8683468103408813, 2.650251626968384, 2.632028579711914, 2.1521949768066406, 2.1346395015716553, 2.2688677310943604, 2.2688677310943604, 1.8692840337753296, 1.8692840337753296, 2.188021183013916, 2.2283406257629395, 1.3575962781906128, 1.040518879890442, 2.2021405696868896, 2.54638934135437, 1.2701438665390015, 1.14609956741333, 2.748729944229126, 2.766848564147949, 2.677032709121704, 2.6853525638580322, 2.513690948486328, 2.526693105697632, 2.5173799991607666, 2.1395199298858643, 1.8887490034103394, 0.9570281505584717, 2.0259006023406982, 2.0770492553710938, 1.3105945587158203, 1.610107421875, 2.8439414501190186, 2.549675464630127, 2.855295419692993, 1.967888355255127, 2.1515231132507324, 2.1715335845947266, 2.0028843879699707, 2.066608428955078, 2.3250112533569336, 2.0049469470977783, 2.833348035812378, 2.8651368618011475, 1.580830693244934, 1.2364227771759033, 2.990508556365967, 2.987546920776367, 2.5595200061798096, 2.1458370685577393, 2.544313907623291, 2.3960511684417725, 1.704635739326477, 0.007004274986684322, 1.8570609092712402, -0.3300263583660126, 2.4162983894348145, 2.303300619125366, 2.8419241905212402, 1.673622488975525, 1.5689254999160767, 1.2446304559707642, 2.772418975830078, 2.3842029571533203, 1.5969380140304565, 1.774755835533142, 2.7445974349975586, 3.092857599258423, 2.6290009021759033, 2.530081033706665, 1.8754112720489502, 1.7866073846817017, 2.1093099117279053, 1.8780847787857056, 2.5388314723968506, 2.876655340194702, 1.8888171911239624, 1.2589918375015259, 2.6799137592315674, 2.6799137592315674, 1.3529958724975586, 2.153642177581787, 1.2383768558502197, 1.4451419115066528, 2.4952332973480225, 2.4952332973480225, 2.137437105178833, 2.137437105178833, 2.1411216259002686, 1.5189296007156372, 0.8769090175628662, 0.8769090175628662, 1.7059578895568848, 0.04872355982661247, 3.054442882537842, 3.054442882537842, 2.3043017387390137, 2.39493989944458, 2.0720059871673584, 2.0720059871673584]}, "acc_test": 0.51, "precision_test": 0.5050505050505051, "recall_test": 1.0, "f1_test": 0.6711409395973155, "auc_test": 0.5688, "preds": [0.9727598428726196, 0.9933720827102661, 0.9817847013473511, 0.9859107732772827, 0.9677486419677734, 0.9838171005249023, 0.9308907985687256, 0.9839665293693542, 0.931179940700531, 0.9944735169410706, 0.9939279556274414, 0.991934061050415, 0.9917035102844238, 0.9763755798339844, 0.977827250957489, 0.9232572317123413, 0.9953374862670898, 0.9958416819572449, 0.9849197864532471, 0.9788419604301453, 0.9883236885070801, 0.9952077269554138, 0.9528080821037292, 0.9967532753944397, 0.9921332597732544, 0.992797315120697, 0.9643020033836365, 0.9722647666931152, 0.9895240664482117, 0.9955871105194092, 0.9497447609901428, 0.9948358535766602, 0.9560043215751648, 0.9938232898712158, 0.993122398853302, 0.9693536162376404, 0.9825136065483093, 0.991928219795227, 0.9713202118873596, 0.9934772253036499, 0.9312040209770203, 0.9083660840988159, 0.9906657934188843, 0.9798081517219543, 0.9821747541427612, 0.8526620864868164, 0.9634479284286499, 0.9969146251678467, 0.9877234697341919, 0.9810165762901306]}
{"name": "Radar", "total_logits": [[[1.547010898590088, -1.9879475831985474]], [[1.4608948230743408, -1.8876261711120605]], [[3.833397388458252, -3.8751800060272217]], [[3.8712732791900635, -3.858851909637451]], [[-1.8152438402175903, 1.7375068664550781]], [[-1.9636446237564087, 1.8955186605453491]], [[2.6593592166900635, -3.002931594848633]], [[2.6593592166900635, -3.002931594848633]], [[2.2483530044555664, -2.388061285018921]], [[2.2483530044555664, -2.388061285018921]], [[0.2993844151496887, -0.3056509494781494]], [[0.00877241138368845, -0.01371681783348322]], [[2.4725639820098877, -2.720806837081909]], [[2.286834955215454, -2.5660080909729004]], [[3.348712682723999, -3.568408489227295]], [[3.1177854537963867, -3.420623540878296]], [[0.510174036026001, -0.89267498254776]], [[1.0515320301055908, -1.4728891849517822]], [[2.8122870922088623, -3.0391054153442383]], [[2.8776323795318604, -3.0904455184936523]], [[1.3950411081314087, -1.9008957147598267]], [[1.4702781438827515, -1.924770474433899]], [[1.6567531824111938, -2.2536230087280273]], [[1.524954080581665, -2.090973377227783]], [[2.2903337478637695, -2.448124647140503]], [[1.6654330492019653, -1.9841333627700806]], [[2.1432387828826904, -2.5107667446136475]], [[1.9797180891036987, -2.3712892532348633]], [[-0.05098256841301918, -0.3692828416824341]], [[-0.11974082887172699, -0.28073129057884216]], [[1.4581633806228638, -1.7780956029891968]], [[-0.31355446577072144, -0.07006509602069855]], [[3.8276047706604004, -4.026717185974121]], [[3.7572667598724365, -3.866053342819214]], [[3.0318853855133057, -3.0848755836486816]], [[2.582812786102295, -2.7314305305480957]], [[2.534410238265991, -2.7574963569641113]], [[2.288468360900879, -2.541585683822632]], [[-0.6759111881256104, 0.15152879059314728]], [[-0.5089040398597717, -0.057732339948415756]], [[3.087481737136841, -3.3211405277252197]], [[2.9929823875427246, -3.2575151920318604]], [[-0.31062307953834534, -0.005693064071238041]], [[-0.3769831657409668, 0.08816245943307877]], [[-2.4487428665161133, 2.2685658931732178]], [[-2.128082275390625, 1.9404994249343872]], [[0.872596800327301, -1.4114699363708496]], [[0.854556143283844, -1.3944932222366333]], [[2.2326908111572266, -2.4814188480377197]], [[2.9893929958343506, -3.046086311340332]], [[2.5593018531799316, -2.8162856101989746]], [[1.9735997915267944, -2.273460626602173]], [[2.009793281555176, -2.411278486251831]], [[1.7076237201690674, -2.0279030799865723]], [[2.5515098571777344, -3.041923761367798]], [[2.1842339038848877, -2.7686541080474854]], [[3.447613477706909, -3.541747808456421]], [[3.657975196838379, -3.807710886001587]], [[3.4763362407684326, -3.6623528003692627]], [[2.7103326320648193, -2.8535075187683105]], [[2.9911839962005615, -3.40334415435791]], [[2.6098458766937256, -2.883312463760376]], [[3.0276355743408203, -3.352102756500244]], [[2.9272079467773438, -3.070585012435913]], [[3.4068241119384766, -3.6328797340393066]], [[3.2817466259002686, -3.4497857093811035]], [[-0.509121835231781, -0.06273452192544937]], [[-0.828961968421936, 0.31814444065093994]], [[0.948173999786377, -1.3957879543304443]], [[0.9301398396492004, -1.4576622247695923]], [[3.296654224395752, -3.453401803970337]], [[3.36179518699646, -3.5782039165496826]], [[1.3351181745529175, -1.7044453620910645]], [[0.8965373635292053, -1.337573528289795]], [[-1.1747618913650513, 0.8397692441940308]], [[-0.9446789026260376, 0.5298949480056763]], [[1.469913125038147, -1.9997608661651611]], [[1.0645196437835693, -1.476871371269226]], [[-0.7923287749290466, 0.6048750281333923]], [[-0.7923287749290466, 0.6048750281333923]], [[3.6537108421325684, -3.892001152038574]], [[3.5549848079681396, -3.828080177307129]], [[3.051769495010376, -3.2347962856292725]], [[2.986950397491455, -3.175229072570801]], [[-0.579112708568573, 0.36989614367485046]], [[-0.579112708568573, 0.36989614367485046]], [[-0.23769886791706085, -0.2082100361585617]], [[-0.23769886791706085, -0.2082100361585617]], [[2.600825548171997, -2.8641533851623535]], [[2.6818320751190186, -3.029193162918091]], [[2.046661138534546, -2.320812225341797]], [[2.046661138534546, -2.320812225341797]], [[2.5348052978515625, -2.873314380645752]], [[2.718898057937622, -2.8681204319000244]], [[2.200918197631836, -2.590131998062134]], [[2.200918197631836, -2.590131998062134]], [[2.8941543102264404, -3.277496814727783]], [[2.3317131996154785, -2.9122514724731445]], [[-1.1505863666534424, 0.6131496429443359]], [[-1.1505863666534424, 0.6131496429443359]]], "acc": 0.51, "Notice": "LABEL_0 stands for MGT and LABEL_1 stands for HWT."}
{"name": "Retrained GPT-sentinel", "before": {"acc_test": 0.46, "precision_test": 0.47619047619047616, "recall_test": 0.8, "f1_test": 0.5970149253731344, "auc_test": 0.4508}, "acc_test": 0.5, "precision_test": 0.5, "recall_test": 1.0, "f1_test": 0.6666666666666666, "auc_test": 0.43720000000000003}
