{"name": "likelihood_threshold", "predictions": {"test": [-3.663397789001465, -3.197319507598877, -3.8680522441864014, -3.1106767654418945, -3.4434127807617188, -3.483752965927124, -3.161073684692383, -2.559431552886963, -3.5504255294799805, -2.9220380783081055, -3.784250497817993, -3.627936363220215, -3.4575021266937256, -3.0835392475128174, -3.1530041694641113, -2.7186949253082275, -3.03277850151062, -3.143124580383301, -3.4426109790802, -3.1511900424957275, -3.12778902053833, -3.4227569103240967, -2.974510669708252, -2.7879393100738525, -3.100517988204956, -3.2498979568481445, -3.0035855770111084, -3.3101418018341064, -3.5380656719207764, -3.249077558517456, -2.8927876949310303, -3.022451877593994, -3.884739875793457, -3.3524255752563477, -3.822526454925537, -3.685779333114624, -2.9146311283111572, -2.7686758041381836, -3.1067440509796143, -4.1127190589904785, -3.3726375102996826, -3.3229737281799316, -3.5428667068481445, -3.1848037242889404, -3.101884603500366, -2.851383924484253, -3.466717004776001, -3.340991497039795, -3.1391594409942627, -2.8097174167633057, -3.0251753330230713, -3.100554943084717, -3.566256046295166, -2.92744517326355, -3.2680957317352295, -2.865732192993164, -4.021907806396484, -3.4191689491271973, -3.029212474822998, -3.3712148666381836, -3.355395555496216, -2.7507050037384033, -3.880352735519409, -3.2380850315093994, -3.5515847206115723, -3.81430721282959, -3.06132173538208, -3.0289437770843506, -3.939885139465332, -3.1127688884735107, -2.574453830718994, -2.4685521125793457, -3.5313358306884766, -3.1748201847076416, -2.8814969062805176, -2.653822422027588, -3.880347967147827, -3.721132755279541, -3.064866781234741, -3.29359769821167, -3.9775068759918213, -3.064150333404541, -2.9304373264312744, -3.155567169189453, -3.365036964416504, -3.1256484985351562, -3.587735652923584, -3.324493885040283, -3.2914254665374756, -3.236172676086426, -2.9755072593688965, -3.0556509494781494, -3.411576271057129, -2.9755966663360596, -3.15973162651062, -3.028151273727417, -3.5104289054870605, -3.8252036571502686, -3.9774539470672607, -3.477696180343628]}, "acc_test": 0.42, "precision_test": 0.42, "recall_test": 0.42, "f1_test": 0.41999999999999993, "auc_test": 0.35200000000000004}
{"name": "rank_threshold", "predictions": {"test": [-229.3832550048828, -344.90740966796875, -254.53623962402344, -131.81118774414062, -250.9659881591797, -279.8344421386719, -105.9230728149414, -88.89115142822266, -180.57894897460938, -139.446533203125, -185.84828186035156, -382.59478759765625, -209.73292541503906, -128.6844940185547, -36.93877410888672, -143.3913116455078, -50.58124923706055, -126.49090576171875, -62.1055908203125, -245.87820434570312, -86.5602798461914, -303.8888854980469, -65.49689483642578, -123.97468566894531, -142.9290008544922, -215.74545288085938, -131.47682189941406, -342.2605895996094, -125.37500762939453, -151.30201721191406, -36.20270538330078, -84.07142639160156, -271.32354736328125, -54.80864334106445, -177.82676696777344, -185.1234588623047, -57.92353057861328, -59.90860366821289, -135.89334106445312, -353.5856628417969, -161.10638427734375, -338.190185546875, -116.06382751464844, -127.00609588623047, -88.775146484375, -107.79267883300781, -98.03225708007812, -134.1241912841797, -68.05042266845703, -254.44586181640625, -66.33098602294922, -122.47333526611328, -174.03125, -167.76087951660156, -48.042423248291016, -205.20730590820312, -228.52984619140625, -257.59375, -87.5041732788086, -187.7663116455078, -101.39156341552734, -39.546051025390625, -235.83193969726562, -89.87574005126953, -132.68992614746094, -306.87249755859375, -58.10810852050781, -164.5, -186.00794982910156, -89.24285888671875, -47.484130859375, -148.44927978515625, -114.43870544433594, -100.55033874511719, -54.521209716796875, -139.7385711669922, -180.109375, -261.664794921875, -136.8000030517578, -309.1190490722656, -232.23333740234375, -62.050724029541016, -34.02339172363281, -92.05594635009766, -58.44865036010742, -94.96470642089844, -279.41326904296875, -147.56082153320312, -135.40267944335938, -169.356689453125, -70.36764526367188, -61.53845977783203, -86.77483367919922, -71.43225860595703, -58.64788818359375, -121.60588836669922, -231.55101013183594, -575.9876098632812, -232.77357482910156, -205.77438354492188]}, "acc_test": 0.53, "precision_test": 0.5230769230769231, "recall_test": 0.68, "f1_test": 0.591304347826087, "auc_test": 0.6396}
{"name": "log_rank_threshold", "predictions": {"test": [-2.0811305046081543, -1.6615945100784302, -2.1608757972717285, -1.620785117149353, -1.7995351552963257, -1.8776754140853882, -1.6790387630462646, -1.2129688262939453, -1.9476951360702515, -1.5587868690490723, -2.1480445861816406, -2.0641634464263916, -1.8617897033691406, -1.660825490951538, -1.6107027530670166, -1.2980594635009766, -1.5768083333969116, -1.585797667503357, -1.8613171577453613, -1.6418120861053467, -1.6729928255081177, -1.8367359638214111, -1.5542545318603516, -1.3715580701828003, -1.696412205696106, -1.7334626913070679, -1.62286376953125, -1.7484071254730225, -1.9563205242156982, -1.6818459033966064, -1.47470223903656, -1.5107784271240234, -2.2710235118865967, -1.754647970199585, -2.245439291000366, -2.0148439407348633, -1.5340710878372192, -1.388899564743042, -1.7070565223693848, -2.307927370071411, -1.8839001655578613, -1.6993448734283447, -1.9483927488327026, -1.6749334335327148, -1.6385154724121094, -1.4064280986785889, -1.9085838794708252, -1.726657509803772, -1.6694049835205078, -1.4103633165359497, -1.5693668127059937, -1.636112093925476, -1.9415960311889648, -1.4486064910888672, -1.7541557550430298, -1.462693691253662, -2.278517007827759, -1.8737419843673706, -1.520288109779358, -1.8258317708969116, -1.8278313875198364, -1.3430064916610718, -2.169881582260132, -1.6887171268463135, -1.9439823627471924, -2.155956506729126, -1.4635554552078247, -1.5106306076049805, -2.2868669033050537, -1.6423453092575073, -1.289293646812439, -1.137257695198059, -1.9198194742202759, -1.665698528289795, -1.459191083908081, -1.3393255472183228, -2.2610902786254883, -2.09210467338562, -1.5974009037017822, -1.7925723791122437, -2.22062349319458, -1.5216152667999268, -1.5282585620880127, -1.6085350513458252, -1.8447797298431396, -1.6404814720153809, -1.9569733142852783, -1.7917579412460327, -1.8517957925796509, -1.7340331077575684, -1.6313599348068237, -1.5653327703475952, -1.8479135036468506, -1.5030066967010498, -1.684180736541748, -1.6020511388778687, -1.9271053075790405, -2.2126431465148926, -2.2160091400146484, -1.8349379301071167]}, "acc_test": 0.38, "precision_test": 0.38461538461538464, "recall_test": 0.4, "f1_test": 0.39215686274509803, "auc_test": 0.3184}
{"name": "entropy_threshold", "predictions": {"test": [3.975806951522827, 3.946267604827881, 3.566277027130127, 3.2134385108947754, 3.2127597332000732, 3.528266668319702, 3.358470916748047, 2.9968161582946777, 3.5705878734588623, 3.2061307430267334, 3.6281821727752686, 3.791299819946289, 3.298999071121216, 3.2502710819244385, 3.2833662033081055, 3.197566032409668, 3.3256828784942627, 3.421308994293213, 3.4455759525299072, 3.4592230319976807, 3.4561562538146973, 3.3327584266662598, 3.040100336074829, 2.802168130874634, 3.318434238433838, 3.696507453918457, 3.0260984897613525, 3.569157838821411, 3.7484652996063232, 3.4479165077209473, 3.0770139694213867, 3.3963258266448975, 3.748884916305542, 3.4852309226989746, 3.7015140056610107, 3.6460540294647217, 2.9995555877685547, 2.887233257293701, 3.5194427967071533, 4.229419708251953, 3.3136188983917236, 3.4590277671813965, 3.585207939147949, 3.5271694660186768, 3.283109188079834, 3.30265212059021, 3.592660665512085, 3.3219499588012695, 3.286261796951294, 3.178894281387329, 3.30753755569458, 3.523080348968506, 3.800612688064575, 3.2134454250335693, 3.2748775482177734, 3.1708760261535645, 3.938336133956909, 3.6047165393829346, 3.51173734664917, 3.4474222660064697, 3.305873155593872, 3.2342169284820557, 3.6068758964538574, 3.5126945972442627, 3.400294065475464, 3.7993786334991455, 3.1619246006011963, 2.912135601043701, 3.824138641357422, 3.406130790710449, 2.853398561477661, 2.7599544525146484, 3.2148611545562744, 3.293154239654541, 2.920628547668457, 2.7151429653167725, 3.753608226776123, 3.722368001937866, 3.2417447566986084, 3.5750014781951904, 3.376085042953491, 3.2250869274139404, 3.2651524543762207, 3.6716833114624023, 3.5188305377960205, 3.3182661533355713, 3.562912940979004, 3.5578505992889404, 3.653149127960205, 3.461763381958008, 3.234560012817383, 3.292348861694336, 3.6152124404907227, 3.2560622692108154, 3.2867367267608643, 3.2721877098083496, 3.528891086578369, 3.973037004470825, 4.062135696411133, 3.587005853652954]}, "acc_test": 0.46, "precision_test": 0.4666666666666667, "recall_test": 0.56, "f1_test": 0.509090909090909, "auc_test": 0.4628}
{"name": "rank_GLTR_threshold", "predictions": {"test": [[0.6299559471365639, 0.22466960352422907, 0.09251101321585903, 0.05286343612334802], [0.7222222222222222, 0.14814814814814814, 0.08641975308641975, 0.043209876543209874], [0.6304347826086957, 0.17391304347826086, 0.15217391304347827, 0.043478260869565216], [0.7622377622377622, 0.15384615384615385, 0.055944055944055944, 0.027972027972027972], [0.6870748299319728, 0.19727891156462585, 0.061224489795918366, 0.05442176870748299], [0.695364238410596, 0.19205298013245034, 0.059602649006622516, 0.052980132450331126], [0.7272727272727273, 0.15384615384615385, 0.07692307692307693, 0.04195804195804196], [0.8435374149659864, 0.08843537414965986, 0.047619047619047616, 0.02040816326530612], [0.7105263157894737, 0.125, 0.09868421052631579, 0.06578947368421052], [0.7672955974842768, 0.12578616352201258, 0.06289308176100629, 0.0440251572327044], [0.6, 0.2206896551724138, 0.14482758620689656, 0.034482758620689655], [0.6666666666666666, 0.13725490196078433, 0.13725490196078433, 0.058823529411764705], [0.6770186335403726, 0.18633540372670807, 0.07453416149068323, 0.062111801242236024], [0.7058823529411765, 0.17647058823529413, 0.09090909090909091, 0.026737967914438502], [0.7142857142857143, 0.19387755102040816, 0.09183673469387756, 0.0], [0.8115942028985508, 0.12318840579710146, 0.036231884057971016, 0.028985507246376812], [0.71875, 0.1875, 0.09375, 0.0], [0.7515151515151515, 0.13333333333333333, 0.07878787878787878, 0.03636363636363636], [0.6521739130434783, 0.2360248447204969, 0.09937888198757763, 0.012422360248447204], [0.6987179487179487, 0.23076923076923078, 0.04487179487179487, 0.02564102564102564], [0.6737588652482269, 0.2198581560283688, 0.0851063829787234, 0.02127659574468085], [0.7, 0.18333333333333332, 0.05, 0.06666666666666667], [0.7142857142857143, 0.19254658385093168, 0.07453416149068323, 0.018633540372670808], [0.7721518987341772, 0.13924050632911392, 0.06962025316455696, 0.0189873417721519], [0.6923076923076923, 0.1834319526627219, 0.09467455621301775, 0.029585798816568046], [0.7212121212121212, 0.15151515151515152, 0.09090909090909091, 0.03636363636363636], [0.7019867549668874, 0.17218543046357615, 0.09271523178807947, 0.033112582781456956], [0.6909090909090909, 0.18787878787878787, 0.07878787878787878, 0.04242424242424243], [0.6166666666666667, 0.26666666666666666, 0.1, 0.016666666666666666], [0.738255033557047, 0.1476510067114094, 0.09395973154362416, 0.020134228187919462], [0.7364864864864865, 0.16216216216216217, 0.0945945945945946, 0.006756756756756757], [0.7272727272727273, 0.17532467532467533, 0.08441558441558442, 0.012987012987012988], [0.611764705882353, 0.15294117647058825, 0.18235294117647058, 0.052941176470588235], [0.654320987654321, 0.2654320987654321, 0.07407407407407407, 0.006172839506172839], [0.6220472440944882, 0.1732283464566929, 0.14173228346456693, 0.06299212598425197], [0.6296296296296297, 0.24074074074074073, 0.09876543209876543, 0.030864197530864196], [0.7058823529411765, 0.18235294117647058, 0.1, 0.011764705882352941], [0.7634408602150538, 0.15591397849462366, 0.06989247311827956, 0.010752688172043012], [0.6977777777777778, 0.1688888888888889, 0.08444444444444445, 0.04888888888888889], [0.6022099447513812, 0.2154696132596685, 0.13812154696132597, 0.04419889502762431], [0.675531914893617, 0.17553191489361702, 0.11702127659574468, 0.031914893617021274], [0.7423312883435583, 0.15950920245398773, 0.06748466257668712, 0.03067484662576687], [0.6524822695035462, 0.2127659574468085, 0.10638297872340426, 0.028368794326241134], [0.7195121951219512, 0.15853658536585366, 0.0975609756097561, 0.024390243902439025], [0.7218934911242604, 0.15976331360946747, 0.10059171597633136, 0.01775147928994083], [0.7560975609756098, 0.15853658536585366, 0.06707317073170732, 0.018292682926829267], [0.6451612903225806, 0.21935483870967742, 0.12258064516129032, 0.012903225806451613], [0.6862745098039216, 0.19607843137254902, 0.08496732026143791, 0.032679738562091505], [0.7142857142857143, 0.16806722689075632, 0.09243697478991597, 0.025210084033613446], [0.7770700636942676, 0.1337579617834395, 0.07643312101910828, 0.012738853503184714], [0.7323943661971831, 0.1619718309859155, 0.09154929577464789, 0.014084507042253521], [0.7533333333333333, 0.15333333333333332, 0.06, 0.03333333333333333], [0.675, 0.18125, 0.0875, 0.05625], [0.782608695652174, 0.13768115942028986, 0.057971014492753624, 0.021739130434782608], [0.7090909090909091, 0.1393939393939394, 0.15151515151515152, 0.0], [0.7378048780487805, 0.1951219512195122, 0.036585365853658534, 0.03048780487804878], [0.5746268656716418, 0.26865671641791045, 0.11194029850746269, 0.04477611940298507], [0.7, 0.1625, 0.075, 0.0625], [0.7625, 0.12083333333333333, 0.09583333333333334, 0.020833333333333332], [0.6413043478260869, 0.2391304347826087, 0.09239130434782608, 0.02717391304347826], [0.6807228915662651, 0.1686746987951807, 0.12048192771084337, 0.030120481927710843], [0.7828947368421053, 0.17105263157894737, 0.03289473684210526, 0.013157894736842105], [0.6470588235294118, 0.18487394957983194, 0.14285714285714285, 0.025210084033613446], [0.7337278106508875, 0.15976331360946747, 0.08284023668639054, 0.023668639053254437], [0.6976744186046512, 0.13178294573643412, 0.13953488372093023, 0.031007751937984496], [0.610738255033557, 0.2550335570469799, 0.0738255033557047, 0.06040268456375839], [0.7747747747747747, 0.10810810810810811, 0.0990990990990991, 0.018018018018018018], [0.7642857142857142, 0.15714285714285714, 0.05, 0.02857142857142857], [0.5873015873015873, 0.18253968253968253, 0.15873015873015872, 0.07142857142857142], [0.7357142857142858, 0.15, 0.1, 0.014285714285714285], [0.7698412698412699, 0.19047619047619047, 0.031746031746031744, 0.007936507936507936], [0.8260869565217391, 0.12318840579710146, 0.043478260869565216, 0.007246376811594203], [0.6258064516129033, 0.25161290322580643, 0.0967741935483871, 0.025806451612903226], [0.7114093959731543, 0.1610738255033557, 0.11409395973154363, 0.013422818791946308], [0.7393939393939394, 0.16363636363636364, 0.08484848484848485, 0.012121212121212121], [0.7777777777777778, 0.17647058823529413, 0.013071895424836602, 0.032679738562091505], [0.5989583333333334, 0.19270833333333334, 0.15104166666666666, 0.057291666666666664], [0.6368715083798883, 0.21787709497206703, 0.09497206703910614, 0.05027932960893855], [0.7277777777777777, 0.16111111111111112, 0.07222222222222222, 0.03888888888888889], [0.7321428571428571, 0.13095238095238096, 0.08928571428571429, 0.047619047619047616], [0.6222222222222222, 0.18888888888888888, 0.12222222222222222, 0.06666666666666667], [0.782608695652174, 0.13768115942028986, 0.06521739130434782, 0.014492753623188406], [0.7076023391812866, 0.22807017543859648, 0.05847953216374269, 0.005847953216374269], [0.7482517482517482, 0.17482517482517482, 0.04895104895104895, 0.027972027972027972], [0.6864864864864865, 0.1783783783783784, 0.12432432432432433, 0.010810810810810811], [0.7352941176470589, 0.18823529411764706, 0.058823529411764705, 0.01764705882352941], [0.673469387755102, 0.1989795918367347, 0.07142857142857142, 0.05612244897959184], [0.6891891891891891, 0.20945945945945946, 0.06756756756756757, 0.033783783783783786], [0.6845637583892618, 0.18120805369127516, 0.087248322147651, 0.04697986577181208], [0.7261146496815286, 0.1337579617834395, 0.10828025477707007, 0.03184713375796178], [0.6838235294117647, 0.22058823529411764, 0.08088235294117647, 0.014705882352941176], [0.7412587412587412, 0.16783216783216784, 0.07692307692307693, 0.013986013986013986], [0.695364238410596, 0.152317880794702, 0.1390728476821192, 0.013245033112582781], [0.7161290322580646, 0.2, 0.07741935483870968, 0.0064516129032258064], [0.7230046948356808, 0.1784037558685446, 0.0892018779342723, 0.009389671361502348], [0.7470588235294118, 0.1411764705882353, 0.08235294117647059, 0.029411764705882353], [0.6683673469387755, 0.1836734693877551, 0.11224489795918367, 0.03571428571428571], [0.6521739130434783, 0.14285714285714285, 0.12422360248447205, 0.08074534161490683], [0.6540880503144654, 0.16352201257861634, 0.12578616352201258, 0.05660377358490566], [0.7012195121951219, 0.21951219512195122, 0.036585365853658534, 0.042682926829268296]]}, "acc_test": 0.32, "precision_test": 0.3125, "recall_test": 0.3, "f1_test": 0.3061224489795918, "auc_test": 0.27040000000000003}
{"name": "perturbation_10_z", "predictions": {"test": [0.049032774981617136, 0.6896875721431959, -0.47720162042635383, 1.0521406709273544, 0.03795273346774992, 0.17015525107893684, 0.4713546837554435, 0.8009454187041615, -0.14965849608490905, 0.2661723602827425, 0.25691283228910483, 0.7880258018225362, 0.26090450596493303, 1.4169380013931623, 0.22894435662632656, 0.9782264826637446, 0.11987657348982601, 0.5240757606487682, 0.30244335774982806, 0.6692581629791268, 0.9935737794177936, 0.29973469666303754, 0.04224236611312993, 0.9663193352215744, 0.8535676677239951, -0.06490029639619131, 0.4305101334823324, 0.8487762537420285, -0.3706867217617447, 0.45584861309600877, 1.0998865188621085, 0.4233984299571958, -0.015521308702993638, 1.0188890265692174, -0.3250453902236182, 0.6474834305542314, 0.11478398472840644, 0.9226904229285997, 0.3293553602667234, 0.3408012690811069, -0.03663695100633128, 0.5641422433371905, 0.9250071036395713, 0.2839558896584864, 0.3678234786590105, 0.7452654429163761, -0.1651550009040771, -0.5421318629999693, 0.10837149869954135, 0.14536207278157792, 0.5173604925735386, 0.12437411032139271, -0.3900454739617704, 0.4674762686529205, 0.3996805896854783, 0.6984082494047023, -0.9155471070880393, -0.3170139503386712, 0.3046069472335127, -0.131497392092942, -0.11580352182636709, 0.9079423972884829, 0.7155952216826107, 0.10195632756250388, 0.6242875179439045, -0.05268697206839884, -0.07338896275470468, -0.11344769891496886, -0.14185256521869688, 1.4977446938674503, 0.6061046745035578, 0.7129975106953941, -0.5235018548084435, -0.11833455690965326, 0.7626901316699708, 0.8128249677577383, 0.14197779386982357, -0.057969962660568176, 0.3077886239835389, 0.20194946495308458, 0.13142212100955888, 1.4951589829053895, 0.25872599780097555, -0.2614169320918013, 0.4989636389149499, 0.6595398214037733, -0.9329378887632558, 0.2147011750062635, 0.29510524524345993, 0.1956099971685582, 0.7486965304518783, -0.09206880697297155, 0.15993478425996815, 0.3557298839849839, 0.8589889826194079, 1.743628996522716, 0.4168291906085224, 0.05248037511307566, 0.17368989617273656, 1.6819067507771297]}, "info": {"pct_words_masked": 0.3, "span_length": 2, "n_perturbations": 10}, "general": {"acc_test": 0.39, "precision_test": 0.37209302325581395, "recall_test": 0.32, "f1_test": 0.3440860215053763, "auc_test": 0.35239999999999994}}
{"name": "GPT-sentinel", "acc": 0.88}
{"name": "roberta-base-openai-detector", "predictions": {"test": [0.00019316509133204818, 0.001285659265704453, 0.0002628623624332249, 0.00016897404566407204, 0.008663498796522617, 0.00017197791021317244, 0.0038253883831202984, 0.0009459447464905679, 0.0002416471397737041, 0.10202263295650482, 0.00017045244749169797, 0.00017135620873887092, 0.0001702200243016705, 0.014850117266178131, 0.8396331667900085, 0.006233598571270704, 0.9516229629516602, 0.17016460001468658, 0.00019627508299890906, 0.04987223073840141, 0.007128020282834768, 0.00018139768508262932, 0.00017876509809866548, 0.00024352014588657767, 0.0075768535025417805, 0.00017666746862232685, 0.00017666495114099234, 0.002129994099959731, 0.011406670324504375, 0.00024090023362077773, 0.0005690527614206076, 0.002688715700060129, 0.00017375557217746973, 0.0005498509272001684, 0.0005664870259352028, 0.6149576902389526, 0.00017171016952488571, 0.00016929273260757327, 0.005058665759861469, 0.020309295505285263, 0.0001942918897839263, 0.00017821334768086672, 0.00017617172852624208, 0.00018483794701751322, 0.00019125943072140217, 0.0007248105248436332, 0.0003206988621968776, 0.026018371805548668, 0.0001837533782236278, 0.0007172587211243808, 0.00017580357962287962, 0.0019131946610286832, 0.0001932323502842337, 0.0006019151187501848, 0.08578097820281982, 0.0004839498142246157, 0.0025509272236377, 0.00017221731832250953, 0.00022775733668822795, 0.00027553830295801163, 0.00019513271399773657, 0.0008293126011267304, 0.0035327356308698654, 0.04508712515234947, 0.0001697936822893098, 0.00017955296789295971, 0.00019340560538694263, 0.00018198619363829494, 0.0022735039237886667, 0.00017854552424978465, 0.00027844429132528603, 0.021354006603360176, 0.00017677580763120204, 0.00033660425106063485, 0.00017843353271018714, 0.00021898098930250853, 0.00017827654664870352, 0.00046843706513755023, 0.0003104784700553864, 0.00017054268391802907, 0.7965538501739502, 0.39605432748794556, 0.3182949125766754, 0.8462778925895691, 0.0001732584205456078, 0.00018256128532812, 0.00016974286700133234, 0.0022272923961281776, 0.002691742265596986, 0.0005339100607670844, 0.0026595781091600657, 0.12674807012081146, 0.00016872126434464008, 0.00043976076995022595, 0.0003173541044816375, 0.0002353998424950987, 0.00017089607717934996, 0.00016789733490440995, 0.0001685249590082094, 0.00026578822871670127]}, "logits": {"test": [-4.635303020477295, -3.5890989303588867, -4.456389427185059, -4.714416980743408, -2.568554401397705, -4.705385208129883, -2.9955828189849854, -3.750912666320801, -4.509371757507324, -1.1979446411132812, -4.706455707550049, -4.703958988189697, -4.708643913269043, -2.254193067550659, 0.7829256653785706, -2.729247570037842, 1.5134806632995605, -0.8630470037460327, -4.626119136810303, -1.5980216264724731, -2.6571285724639893, -4.670258045196533, -4.684386253356934, -4.5046706199646, -2.6083860397338867, -4.680461406707764, -4.6891770362854, -3.302039384841919, -2.3925366401672363, -4.510347843170166, -4.044943809509277, -3.186537981033325, -4.698347091674805, -4.048520088195801, -4.0253472328186035, 0.1840171217918396, -4.701679229736328, -4.715237140655518, -2.835023880004883, -2.0583176612854004, -4.637168884277344, -4.682336330413818, -4.691287517547607, -4.6623854637146, -4.644151210784912, -3.900494337081909, -4.350827693939209, -1.9483014345169067, -4.674612045288086, -3.908032178878784, -4.69351863861084, -3.3663856983184814, -4.637333869934082, -4.008166313171387, -1.2868326902389526, -4.1210174560546875, -3.204867362976074, -4.7010273933410645, -4.541081428527832, -4.4337382316589355, -4.627469539642334, -3.821125030517578, -3.0370049476623535, -1.6568278074264526, -4.709673881530762, -4.678645610809326, -4.640568733215332, -4.668489933013916, -3.2553350925445557, -4.677560806274414, -4.425421714782715, -2.052730083465576, -4.689100742340088, -4.321430206298828, -4.688076019287109, -4.566871643066406, -4.675929069519043, -4.143939018249512, -4.369544506072998, -4.71060848236084, 0.6483327150344849, -0.2771139442920685, -0.44965019822120667, 0.8156682848930359, -4.701575756072998, -4.670618534088135, -4.710740089416504, -3.291489839553833, -3.1868948936462402, -4.062132835388184, -3.181561231613159, -1.0481587648391724, -4.713837146759033, -4.182376861572266, -4.350264072418213, -4.516098976135254, -4.702235221862793, -4.717751502990723, -4.717669486999512, -4.455366611480713]}, "acc_test": 0.51, "precision_test": 0.6, "recall_test": 0.06, "f1_test": 0.1090909090909091, "auc_test": 0.4204, "preds": [0.00019316509133204818, 0.0002628623624332249, 0.008663498796522617, 0.0038253883831202984, 0.0002416471397737041, 0.00017045244749169797, 0.0001702200243016705, 0.8396331667900085, 0.9516229629516602, 0.00019627508299890906, 0.007128020282834768, 0.00017876509809866548, 0.0075768535025417805, 0.00017666495114099234, 0.011406670324504375, 0.0005690527614206076, 0.00017375557217746973, 0.0005664870259352028, 0.00017171016952488571, 0.005058665759861469, 0.0001942918897839263, 0.00017617172852624208, 0.00019125943072140217, 0.0003206988621968776, 0.0001837533782236278, 0.00017580357962287962, 0.0001932323502842337, 0.08578097820281982, 0.0025509272236377, 0.00022775733668822795, 0.00019513271399773657, 0.0035327356308698654, 0.0001697936822893098, 0.00019340560538694263, 0.0022735039237886667, 0.00027844429132528603, 0.00017677580763120204, 0.00017843353271018714, 0.00017827654664870352, 0.0003104784700553864, 0.7965538501739502, 0.3182949125766754, 0.0001732584205456078, 0.00016974286700133234, 0.002691742265596986, 0.0026595781091600657, 0.00016872126434464008, 0.0003173541044816375, 0.00017089607717934996, 0.0001685249590082094]}
{"name": "Hello-SimpleAI/chatgpt-detector-roberta", "predictions": {"test": [0.0012815576046705246, 0.2961009442806244, 0.00221121683716774, 0.990143895149231, 0.2537269592285156, 0.0006805001758038998, 0.015067588537931442, 0.051089461892843246, 0.0009143684874288738, 0.44955307245254517, 0.00038250352372415364, 0.04754111170768738, 0.028332578018307686, 0.2875921428203583, 0.8863707780838013, 0.11745363473892212, 0.030642298981547356, 0.10417945683002472, 0.08204864710569382, 0.9898180365562439, 0.9920064806938171, 0.014316904358565807, 0.20199158787727356, 0.059577733278274536, 0.04848608374595642, 0.014593689702451229, 0.06092109531164169, 0.9390746355056763, 0.014105195179581642, 0.06972923129796982, 0.26043620705604553, 0.9930712580680847, 0.0003212655719835311, 0.9021484851837158, 0.0040573799051344395, 0.07030937075614929, 0.005289985798299313, 0.13835255801677704, 0.2414179891347885, 0.0007813590345904231, 0.0028083312790840864, 0.00027802909607999027, 0.022870128974318504, 0.04525655508041382, 0.058966007083654404, 0.05645149573683739, 0.8519871830940247, 0.8642202019691467, 0.0003988361277151853, 0.05228765681385994, 0.00036419404204934835, 0.0035048688296228647, 0.003404231509193778, 0.2961519956588745, 0.3439929783344269, 0.968285322189331, 0.018917594105005264, 0.006709489040076733, 0.016235770657658577, 0.008850098587572575, 0.09840639680624008, 0.12297175824642181, 0.00035450729774311185, 0.0014487787848338485, 0.02685065008699894, 0.0010870539117604494, 0.05120118334889412, 0.8943162560462952, 0.0004930818104185164, 0.30272796750068665, 0.04540091007947922, 0.0010770880617201328, 0.01379958912730217, 0.009215189144015312, 0.06070674583315849, 0.9052544236183167, 0.0004988467553630471, 0.3064027726650238, 0.0008846273995004594, 0.0003310573229100555, 0.004192366264760494, 0.29011258482933044, 0.26772984862327576, 0.9519271850585938, 0.02490859292447567, 0.02071869932115078, 0.002043898217380047, 0.04842653125524521, 0.0007215895457193255, 0.0011864032130688429, 0.0003357722016517073, 0.0003409493656363338, 0.023892158642411232, 0.9841984510421753, 0.15533658862113953, 0.32731717824935913, 0.003896972630172968, 0.0009185904054902494, 0.0003331732877995819, 0.014104427769780159]}, "logits": {"test": [-3.098642110824585, -0.5712088942527771, -2.879042148590088, 2.116960287094116, -0.6697911620140076, -3.3425793647766113, -2.057908773422241, -1.5027137994766235, -3.230396032333374, 0.0128928292542696, -3.5487897396087646, -1.5363585948944092, -1.774495244026184, -0.5902159214019775, 1.0197311639785767, -1.0983805656433105, -1.73881995677948, -1.1532186269760132, -1.2767314910888672, 2.10310435295105, 2.205859661102295, -2.0805790424346924, -0.8066034317016602, -1.4303265810012817, -1.5271693468093872, -2.0720789432525635, -1.4197533130645752, 1.314887285232544, -2.0871546268463135, -1.3553357124328613, -0.6537680625915527, 2.26619291305542, -3.6061015129089355, 1.0921226739883423, -2.626469373703003, -1.3513728380203247, -2.5138063430786133, -1.0138319730758667, -0.7007051706314087, -3.290487766265869, -2.780515432357788, -3.650161027908325, -1.8713818788528442, -1.5593063831329346, -1.4351898431777954, -1.4557760953903198, 0.8875119686126709, 0.9312838315963745, -3.5346362590789795, -1.491845726966858, -3.56520676612854, -2.6880853176116943, -2.7002968788146973, -0.5711274147033691, -0.47004690766334534, 1.6095895767211914, -1.9565613269805908, -2.411797523498535, -2.024749517440796, -2.29182505607605, -1.187343955039978, -1.0749266147613525, -3.574127197265625, -3.0499508380889893, -1.79886794090271, -3.1633169651031494, -1.5016751289367676, 1.055047631263733, -3.4606313705444336, -0.5568532943725586, -1.557814359664917, -3.166914939880371, -2.0968544483184814, -2.2742011547088623, -1.4214084148406982, 1.1077595949172974, -3.456475019454956, -0.5485318899154663, -3.2431085109710693, -3.596468925476074, -2.612637519836426, -0.5846738219261169, -0.6359800696372986, 1.4231514930725098, -1.8328545093536377, -1.9158084392547607, -2.9111826419830322, -1.5277472734451294, -3.3205666542053223, -3.1290557384490967, -3.591895580291748, -3.5869195461273193, -1.8516732454299927, 1.9144562482833862, -0.9524010419845581, -0.5041484832763672, -2.6434926986694336, -3.228623867034912, -3.5944125652313232, -2.0871827602386475]}, "acc_test": 0.42, "precision_test": 0.21428571428571427, "recall_test": 0.06, "f1_test": 0.09375, "auc_test": 0.344, "preds": [0.0012815576046705246, 0.00221121683716774, 0.2537269592285156, 0.015067588537931442, 0.0009143684874288738, 0.00038250352372415364, 0.028332578018307686, 0.8863707780838013, 0.030642298981547356, 0.08204864710569382, 0.9920064806938171, 0.20199158787727356, 0.04848608374595642, 0.06092109531164169, 0.014105195179581642, 0.26043620705604553, 0.0003212655719835311, 0.0040573799051344395, 0.005289985798299313, 0.2414179891347885, 0.0028083312790840864, 0.022870128974318504, 0.058966007083654404, 0.8519871830940247, 0.0003988361277151853, 0.00036419404204934835, 0.003404231509193778, 0.3439929783344269, 0.018917594105005264, 0.016235770657658577, 0.09840639680624008, 0.00035450729774311185, 0.02685065008699894, 0.05120118334889412, 0.0004930818104185164, 0.04540091007947922, 0.01379958912730217, 0.06070674583315849, 0.0004988467553630471, 0.0008846273995004594, 0.004192366264760494, 0.26772984862327576, 0.02490859292447567, 0.002043898217380047, 0.0007215895457193255, 0.0003357722016517073, 0.023892158642411232, 0.15533658862113953, 0.003896972630172968, 0.0003331732877995819]}
{"name": "distilbert-base-uncased", "predictions": {"test": [0.9928696751594543, 0.7022562026977539, 0.997236967086792, 0.02936512418091297, 0.9556311964988708, 0.8244096636772156, 0.9923072457313538, 0.5996143817901611, 0.9970610737800598, 0.9730708003044128, 0.9920795559883118, 0.9225780367851257, 0.9976925849914551, 0.963493287563324, 0.9976590871810913, 0.04962698370218277, 0.9969781637191772, 0.5375606417655945, 0.9643215537071228, 0.004513883497565985, 0.9452480673789978, 0.8901047706604004, 0.9977970123291016, 0.9963704347610474, 0.9956884980201721, 0.062034789472818375, 0.9962080717086792, 0.9955020546913147, 0.997533917427063, 0.03548964485526085, 0.9573830962181091, 0.8362275958061218, 0.9953659772872925, 0.014582250267267227, 0.9319045543670654, 0.41012436151504517, 0.9946160912513733, 0.20184947550296783, 0.9977549910545349, 0.08907197415828705, 0.9973760843276978, 0.9944190382957458, 0.9960885047912598, 0.9959571957588196, 0.989224374294281, 0.9500335454940796, 0.9260159134864807, 0.8660734295845032, 0.9972594976425171, 0.9589415788650513, 0.9945270419120789, 0.9163417816162109, 0.9944882988929749, 0.6089006066322327, 0.9949238896369934, 0.8565656542778015, 0.9978795051574707, 0.09392598271369934, 0.9943419694900513, 0.8714845776557922, 0.9960371851921082, 0.4123757779598236, 0.9978771209716797, 0.09894473850727081, 0.9974855184555054, 0.9640166759490967, 0.996679425239563, 0.984272837638855, 0.9962888956069946, 0.8367729783058167, 0.984667956829071, 0.0660560131072998, 0.996806263923645, 0.01976781338453293, 0.9281560182571411, 0.6828203797340393, 0.9969913959503174, 0.9682331085205078, 0.9972935318946838, 0.9811952114105225, 0.993444561958313, 0.019049037247896194, 0.9899826645851135, 0.844386100769043, 0.9959855675697327, 0.7020133137702942, 0.9969869256019592, 0.11514174193143845, 0.9968961477279663, 0.9877004623413086, 0.9964730143547058, 0.034824956208467484, 0.9943723678588867, 0.3926360011100769, 0.9935120940208435, 0.08629244565963745, 0.997256338596344, 0.9912918210029602, 0.996772825717926, 0.03336901590228081]}, "logits": {"test": [2.7079131603240967, 0.5245837569236755, 3.2110304832458496, -1.711416244506836, 1.7273674011230469, 0.9686567187309265, 2.715718984603882, 0.34922194480895996, 3.149178981781006, 1.9836461544036865, 2.6490821838378906, 1.4519606828689575, 3.2547500133514404, 1.8025637865066528, 3.211604356765747, -1.4387438297271729, 3.1611168384552, 0.19646771252155304, 1.8955078125, -2.7110776901245117, 1.5972639322280884, 1.240678071975708, 3.277427911758423, 3.0601179599761963, 2.9508635997772217, -1.3653526306152344, 3.066804885864258, 2.923180103302002, 3.2828238010406494, -1.593858242034912, 1.7672978639602661, 0.9466977119445801, 2.948861837387085, -2.1120808124542236, 1.5241080522537231, -0.061181288212537766, 2.8461804389953613, -0.5994131565093994, 3.264991521835327, -1.0565903186798096, 3.1987247467041016, 2.836406707763672, 2.9889426231384277, 3.022988796234131, 2.461991310119629, 1.6034972667694092, 1.4617233276367188, 1.1407383680343628, 3.1968138217926025, 1.7162312269210815, 2.860732078552246, 1.3764851093292236, 2.8502798080444336, 0.316986620426178, 2.9140625, 1.0693727731704712, 3.3009588718414307, -1.109032392501831, 2.8240981101989746, 1.1416897773742676, 3.0041375160217285, -0.07105360925197601, 3.32851505279541, -0.9935521483421326, 3.2070846557617188, 1.8044097423553467, 3.1565463542938232, 2.2492575645446777, 3.0151758193969727, 0.9986806511878967, 2.335671901702881, -1.2578967809677124, 3.0977368354797363, -1.8844468593597412, 1.4429447650909424, 0.46966302394866943, 3.0972299575805664, 1.932359218597412, 3.1962180137634277, 2.1773061752319336, 2.7605228424072266, -1.961246132850647, 2.5268163681030273, 0.9648544192314148, 3.0245261192321777, 0.5530493259429932, 3.1844568252563477, -0.9999461770057678, 3.1681253910064697, 2.4576523303985596, 3.038210868835449, -1.6028119325637817, 2.8380062580108643, -0.125433087348938, 2.804903030395508, -1.087267279624939, 3.1723244190216064, 2.5731406211853027, 3.0824801921844482, -1.6665091514587402]}, "acc_test": 0.7, "precision_test": 0.625, "recall_test": 1.0, "f1_test": 0.7692307692307693, "auc_test": 0.9368000000000001, "preds": [0.9928696751594543, 0.997236967086792, 0.9556311964988708, 0.9923072457313538, 0.9970610737800598, 0.9920795559883118, 0.9976925849914551, 0.9976590871810913, 0.9969781637191772, 0.9643215537071228, 0.9452480673789978, 0.9977970123291016, 0.9956884980201721, 0.9962080717086792, 0.997533917427063, 0.9573830962181091, 0.9953659772872925, 0.9319045543670654, 0.9946160912513733, 0.9977549910545349, 0.9973760843276978, 0.9960885047912598, 0.989224374294281, 0.9260159134864807, 0.9972594976425171, 0.9945270419120789, 0.9944882988929749, 0.9949238896369934, 0.9978795051574707, 0.9943419694900513, 0.9960371851921082, 0.9978771209716797, 0.9974855184555054, 0.996679425239563, 0.9962888956069946, 0.984667956829071, 0.996806263923645, 0.9281560182571411, 0.9969913959503174, 0.9972935318946838, 0.993444561958313, 0.9899826645851135, 0.9959855675697327, 0.9969869256019592, 0.9968961477279663, 0.9964730143547058, 0.9943723678588867, 0.9935120940208435, 0.997256338596344, 0.996772825717926]}
