{"name": "likelihood_threshold", "predictions": {"test": [-2.7873892784118652, -3.197319507598877, -3.531973123550415, -3.1106767654418945, -2.5183088779449463, -3.483752965927124, -2.057344675064087, -2.559431552886963, -2.7726259231567383, -2.9220380783081055, -2.3660800457000732, -3.627936363220215, -2.203845500946045, -3.0835392475128174, -2.7908360958099365, -2.7186949253082275, -2.3850584030151367, -3.143124580383301, -2.3407602310180664, -3.1511900424957275, -2.332797050476074, -3.4227569103240967, -2.3484911918640137, -2.7879393100738525, -2.1171813011169434, -3.2498979568481445, -2.314342975616455, -3.3101418018341064, -2.2433969974517822, -3.249077558517456, -2.2750887870788574, -3.022451877593994, -2.2585833072662354, -3.3524255752563477, -2.846325397491455, -3.685779333114624, -1.9743435382843018, -2.7686758041381836, -2.8480191230773926, -4.1127190589904785, -2.0330660343170166, -3.3229737281799316, -2.349086046218872, -3.1848037242889404, -2.536010980606079, -2.851383924484253, -2.7399322986602783, -3.340991497039795, -2.1273574829101562, -2.8097174167633057, -2.3082499504089355, -3.100554943084717, -2.3630118370056152, -2.92744517326355, -2.0069475173950195, -2.865732192993164, -2.4935216903686523, -3.4191689491271973, -2.438596725463867, -3.3712148666381836, -2.4127466678619385, -2.7507050037384033, -2.3573508262634277, -3.2380850315093994, -3.2134547233581543, -3.81430721282959, -2.260903835296631, -3.0289437770843506, -2.314157247543335, -3.1127688884735107, -2.0105443000793457, -2.4685521125793457, -2.4232771396636963, -3.1748201847076416, -2.1407229900360107, -2.653822422027588, -2.8009886741638184, -3.721132755279541, -2.6991376876831055, -3.29359769821167, -2.5684642791748047, -3.064150333404541, -2.184558868408203, -3.155567169189453, -2.5790629386901855, -3.1256484985351562, -2.904630184173584, -3.324493885040283, -2.504317283630371, -3.236172676086426, -2.1695594787597656, -3.0556509494781494, -2.5813279151916504, -2.9755966663360596, -2.575030565261841, -3.028151273727417, -3.0285816192626953, -3.8252036571502686, -2.8414485454559326, -3.477696180343628]}, "acc_test": 0.69, "precision_test": 0.6233766233766234, "recall_test": 0.96, "f1_test": 0.7559055118110236, "auc_test": 0.9332}
{"name": "rank_threshold", "predictions": {"test": [-117.21854400634766, -344.90740966796875, -106.01176452636719, -131.81118774414062, -59.97761154174805, -279.8344421386719, -11.681818962097168, -88.89115142822266, -85.41935729980469, -139.446533203125, -43.967594146728516, -382.59478759765625, -46.73722457885742, -128.6844940185547, -18.80487823486328, -143.3913116455078, -39.866668701171875, -126.49090576171875, -54.07272720336914, -245.87820434570312, -65.55757141113281, -303.8888854980469, -33.9383544921875, -123.97468566894531, -15.972890853881836, -215.74545288085938, -40.328125, -342.2605895996094, -18.917051315307617, -151.30201721191406, -14.990824699401855, -84.07142639160156, -18.22857093811035, -54.80864334106445, -103.61375427246094, -185.1234588623047, -21.67672348022461, -59.90860366821289, -193.6056365966797, -353.5856628417969, -26.873685836791992, -338.190185546875, -56.09090805053711, -127.00609588623047, -34.29861068725586, -107.79267883300781, -40.860137939453125, -134.1241912841797, -16.86111068725586, -254.44586181640625, -38.61928939819336, -122.47333526611328, -58.216217041015625, -167.76087951660156, -21.141080856323242, -205.20730590820312, -29.798967361450195, -257.59375, -69.71428680419922, -187.7663116455078, -23.560344696044922, -39.546051025390625, -19.340425491333008, -89.87574005126953, -106.66455841064453, -306.87249755859375, -8.164178848266602, -164.5, -16.60869598388672, -89.24285888671875, -8.967033386230469, -148.44927978515625, -66.40601348876953, -100.55033874511719, -17.782894134521484, -139.7385711669922, -64.19999694824219, -261.664794921875, -110.81918334960938, -309.1190490722656, -20.510066986083984, -62.050724029541016, -21.52678680419922, -92.05594635009766, -55.77922058105469, -94.96470642089844, -95.14173126220703, -147.56082153320312, -27.741378784179688, -169.356689453125, -17.91549301147461, -61.53845977783203, -21.72269058227539, -71.43225860595703, -25.40458106994629, -121.60588836669922, -184.70338439941406, -575.9876098632812, -66.7315444946289, -205.77438354492188]}, "acc_test": 0.67, "precision_test": 0.6075949367088608, "recall_test": 0.96, "f1_test": 0.7441860465116279, "auc_test": 0.9239999999999999}
{"name": "log_rank_threshold", "predictions": {"test": [-1.400275468826294, -1.6615945100784302, -1.8868935108184814, -1.620785117149353, -1.2312474250793457, -1.8776754140853882, -0.8822507262229919, -1.2129688262939453, -1.4065252542495728, -1.5587868690490723, -1.1926133632659912, -2.0641634464263916, -1.0354081392288208, -1.660825490951538, -1.2907475233078003, -1.2980594635009766, -1.118603229522705, -1.585797667503357, -1.1321947574615479, -1.6418120861053467, -1.0908515453338623, -1.8367359638214111, -1.035570502281189, -1.3715580701828003, -0.9595727920532227, -1.7334626913070679, -1.129390001296997, -1.7484071254730225, -1.0807417631149292, -1.6818459033966064, -1.0313000679016113, -1.5107784271240234, -1.027273416519165, -1.754647970199585, -1.473504900932312, -2.0148439407348633, -0.9223527312278748, -1.388899564743042, -1.4707194566726685, -2.307927370071411, -0.8747499585151672, -1.6993448734283447, -1.1410315036773682, -1.6749334335327148, -1.2211742401123047, -1.4064280986785889, -1.3071931600570679, -1.726657509803772, -0.9806545972824097, -1.4103633165359497, -1.1414159536361694, -1.636112093925476, -1.102663278579712, -1.4486064910888672, -0.9296685457229614, -1.462693691253662, -1.220827579498291, -1.8737419843673706, -1.1212882995605469, -1.8258317708969116, -1.1454838514328003, -1.3430064916610718, -1.0975724458694458, -1.6887171268463135, -1.686031699180603, -2.155956506729126, -1.0058387517929077, -1.5106306076049805, -1.0624589920043945, -1.6423453092575073, -0.9018748998641968, -1.137257695198059, -1.1640242338180542, -1.665698528289795, -0.9924137592315674, -1.3393255472183228, -1.4123549461364746, -2.09210467338562, -1.348043441772461, -1.7925723791122437, -1.3036593198776245, -1.5216152667999268, -1.04356849193573, -1.6085350513458252, -1.2368398904800415, -1.6404814720153809, -1.4564353227615356, -1.7917579412460327, -1.2325074672698975, -1.7340331077575684, -0.9915351271629333, -1.5653327703475952, -1.2287471294403076, -1.5030066967010498, -1.2450913190841675, -1.6020511388778687, -1.6461180448532104, -2.2126431465148926, -1.4491517543792725, -1.8349379301071167]}, "acc_test": 0.69, "precision_test": 0.6233766233766234, "recall_test": 0.96, "f1_test": 0.7559055118110236, "auc_test": 0.9211999999999999}
{"name": "entropy_threshold", "predictions": {"test": [3.658751964569092, 3.946267604827881, 3.269397735595703, 3.2134385108947754, 2.973745584487915, 3.528266668319702, 2.9951915740966797, 2.9968161582946777, 2.999335765838623, 3.2061307430267334, 2.891996145248413, 3.791299819946289, 2.9481041431427, 3.2502710819244385, 3.4989514350891113, 3.197566032409668, 2.996715784072876, 3.421308994293213, 3.0050711631774902, 3.4592230319976807, 2.659558057785034, 3.3327584266662598, 2.7763454914093018, 2.802168130874634, 2.9000284671783447, 3.696507453918457, 2.923191547393799, 3.569157838821411, 2.8923633098602295, 3.4479165077209473, 3.0594022274017334, 3.3963258266448975, 2.9533495903015137, 3.4852309226989746, 3.3836159706115723, 3.6460540294647217, 2.505033493041992, 2.887233257293701, 3.530597448348999, 4.229419708251953, 2.6524837017059326, 3.4590277671813965, 2.9047651290893555, 3.5271694660186768, 3.3191919326782227, 3.30265212059021, 3.2647035121917725, 3.3219499588012695, 2.825174570083618, 3.178894281387329, 2.984477996826172, 3.523080348968506, 3.1624655723571777, 3.2134454250335693, 2.541958808898926, 3.1708760261535645, 2.991433620452881, 3.6047165393829346, 3.1037678718566895, 3.4474222660064697, 2.9806292057037354, 3.2342169284820557, 3.031409978866577, 3.5126945972442627, 3.134190797805786, 3.7993786334991455, 2.802631139755249, 2.912135601043701, 3.109609603881836, 3.406130790710449, 2.738759756088257, 2.7599544525146484, 2.9583942890167236, 3.293154239654541, 2.4756593704223633, 2.7151429653167725, 3.4105453491210938, 3.722368001937866, 3.309004545211792, 3.5750014781951904, 2.9479377269744873, 3.2250869274139404, 2.8352439403533936, 3.6716833114624023, 2.964517831802368, 3.3182661533355713, 3.2774674892425537, 3.5578505992889404, 3.250581979751587, 3.461763381958008, 2.976909875869751, 3.292348861694336, 3.2918953895568848, 3.2560622692108154, 3.171787977218628, 3.2721877098083496, 3.478792667388916, 3.973037004470825, 3.126941680908203, 3.587005853652954]}, "acc_test": 0.63, "precision_test": 0.5764705882352941, "recall_test": 0.98, "f1_test": 0.7259259259259259, "auc_test": 0.8140000000000001}
{"name": "rank_GLTR_threshold", "predictions": {"test": [[0.7682119205298014, 0.1456953642384106, 0.052980132450331126, 0.033112582781456956], [0.7222222222222222, 0.14814814814814814, 0.08641975308641975, 0.043209876543209874], [0.6647058823529411, 0.21176470588235294, 0.08235294117647059, 0.041176470588235294], [0.7622377622377622, 0.15384615384615385, 0.055944055944055944, 0.027972027972027972], [0.7985074626865671, 0.12686567164179105, 0.05223880597014925, 0.022388059701492536], [0.695364238410596, 0.19205298013245034, 0.059602649006622516, 0.052980132450331126], [0.8787878787878788, 0.10227272727272728, 0.01893939393939394, 0.0], [0.8435374149659864, 0.08843537414965986, 0.047619047619047616, 0.02040816326530612], [0.7935483870967742, 0.12258064516129032, 0.05806451612903226, 0.025806451612903226], [0.7672955974842768, 0.12578616352201258, 0.06289308176100629, 0.0440251572327044], [0.7962962962962963, 0.1388888888888889, 0.05555555555555555, 0.009259259259259259], [0.6666666666666666, 0.13725490196078433, 0.13725490196078433, 0.058823529411764705], [0.8394160583941606, 0.11678832116788321, 0.0364963503649635, 0.0072992700729927005], [0.7058823529411765, 0.17647058823529413, 0.09090909090909091, 0.026737967914438502], [0.7642276422764228, 0.18699186991869918, 0.04878048780487805, 0.0], [0.8115942028985508, 0.12318840579710146, 0.036231884057971016, 0.028985507246376812], [0.8066666666666666, 0.16, 0.02666666666666667, 0.006666666666666667], [0.7515151515151515, 0.13333333333333333, 0.07878787878787878, 0.03636363636363636], [0.8090909090909091, 0.13333333333333333, 0.048484848484848485, 0.00909090909090909], [0.6987179487179487, 0.23076923076923078, 0.04487179487179487, 0.02564102564102564], [0.8121212121212121, 0.15151515151515152, 0.030303030303030304, 0.006060606060606061], [0.7, 0.18333333333333332, 0.05, 0.06666666666666667], [0.821917808219178, 0.1506849315068493, 0.02054794520547945, 0.00684931506849315], [0.7721518987341772, 0.13924050632911392, 0.06962025316455696, 0.0189873417721519], [0.8524096385542169, 0.12951807228915663, 0.015060240963855422, 0.0030120481927710845], [0.7212121212121212, 0.15151515151515152, 0.09090909090909091, 0.03636363636363636], [0.8125, 0.125, 0.0546875, 0.0078125], [0.6909090909090909, 0.18787878787878787, 0.07878787878787878, 0.04242424242424243], [0.8202764976958525, 0.1382488479262673, 0.03686635944700461, 0.004608294930875576], [0.738255033557047, 0.1476510067114094, 0.09395973154362416, 0.020134228187919462], [0.8532110091743119, 0.12385321100917432, 0.022935779816513763, 0.0], [0.7272727272727273, 0.17532467532467533, 0.08441558441558442, 0.012987012987012988], [0.8171428571428572, 0.13714285714285715, 0.045714285714285714, 0.0], [0.654320987654321, 0.2654320987654321, 0.07407407407407407, 0.006172839506172839], [0.7248677248677249, 0.17989417989417988, 0.07936507936507936, 0.015873015873015872], [0.6296296296296297, 0.24074074074074073, 0.09876543209876543, 0.030864197530864196], [0.853448275862069, 0.12931034482758622, 0.01293103448275862, 0.004310344827586207], [0.7634408602150538, 0.15591397849462366, 0.06989247311827956, 0.010752688172043012], [0.7535211267605634, 0.16901408450704225, 0.06338028169014084, 0.014084507042253521], [0.6022099447513812, 0.2154696132596685, 0.13812154696132597, 0.04419889502762431], [0.8842105263157894, 0.07894736842105263, 0.031578947368421054, 0.005263157894736842], [0.7423312883435583, 0.15950920245398773, 0.06748466257668712, 0.03067484662576687], [0.8138528138528138, 0.16883116883116883, 0.008658008658008658, 0.008658008658008658], [0.7195121951219512, 0.15853658536585366, 0.0975609756097561, 0.024390243902439025], [0.7986111111111112, 0.1388888888888889, 0.05555555555555555, 0.006944444444444444], [0.7560975609756098, 0.15853658536585366, 0.06707317073170732, 0.018292682926829267], [0.7832167832167832, 0.1258741258741259, 0.08391608391608392, 0.006993006993006993], [0.6862745098039216, 0.19607843137254902, 0.08496732026143791, 0.032679738562091505], [0.8518518518518519, 0.09876543209876543, 0.04938271604938271, 0.0], [0.7770700636942676, 0.1337579617834395, 0.07643312101910828, 0.012738853503184714], [0.8223350253807107, 0.116751269035533, 0.050761421319796954, 0.01015228426395939], [0.7533333333333333, 0.15333333333333332, 0.06, 0.03333333333333333], [0.8243243243243243, 0.12837837837837837, 0.033783783783783786, 0.013513513513513514], [0.782608695652174, 0.13768115942028986, 0.057971014492753624, 0.021739130434782608], [0.8755186721991701, 0.07468879668049792, 0.04149377593360996, 0.008298755186721992], [0.7378048780487805, 0.1951219512195122, 0.036585365853658534, 0.03048780487804878], [0.7989690721649485, 0.14432989690721648, 0.04639175257731959, 0.010309278350515464], [0.7, 0.1625, 0.075, 0.0625], [0.8136645962732919, 0.14906832298136646, 0.024844720496894408, 0.012422360248447204], [0.6413043478260869, 0.2391304347826087, 0.09239130434782608, 0.02717391304347826], [0.8362068965517241, 0.10344827586206896, 0.0603448275862069, 0.0], [0.7828947368421053, 0.17105263157894737, 0.03289473684210526, 0.013157894736842105], [0.8351063829787234, 0.11702127659574468, 0.047872340425531915, 0.0], [0.7337278106508875, 0.15976331360946747, 0.08284023668639054, 0.023668639053254437], [0.6835443037974683, 0.24050632911392406, 0.056962025316455694, 0.0189873417721519], [0.610738255033557, 0.2550335570469799, 0.0738255033557047, 0.06040268456375839], [0.8407960199004975, 0.14427860696517414, 0.014925373134328358, 0.0], [0.7642857142857142, 0.15714285714285714, 0.05, 0.02857142857142857], [0.8379446640316206, 0.1225296442687747, 0.039525691699604744, 0.0], [0.7357142857142858, 0.15, 0.1, 0.014285714285714285], [0.8571428571428571, 0.1282051282051282, 0.014652014652014652, 0.0], [0.8260869565217391, 0.12318840579710146, 0.043478260869565216, 0.007246376811594203], [0.8120300751879699, 0.14285714285714285, 0.03759398496240601, 0.007518796992481203], [0.7114093959731543, 0.1610738255033557, 0.11409395973154363, 0.013422818791946308], [0.8355263157894737, 0.13815789473684212, 0.019736842105263157, 0.006578947368421052], [0.7777777777777778, 0.17647058823529413, 0.013071895424836602, 0.032679738562091505], [0.772093023255814, 0.17209302325581396, 0.04186046511627907, 0.013953488372093023], [0.6368715083798883, 0.21787709497206703, 0.09497206703910614, 0.05027932960893855], [0.7753424657534247, 0.13972602739726028, 0.06575342465753424, 0.019178082191780823], [0.7321428571428571, 0.13095238095238096, 0.08928571428571429, 0.047619047619047616], [0.8120805369127517, 0.1342281879194631, 0.053691275167785234, 0.0], [0.782608695652174, 0.13768115942028986, 0.06521739130434782, 0.014492753623188406], [0.84375, 0.11607142857142858, 0.03571428571428571, 0.004464285714285714], [0.7482517482517482, 0.17482517482517482, 0.04895104895104895, 0.027972027972027972], [0.8051948051948052, 0.13636363636363635, 0.05194805194805195, 0.006493506493506494], [0.7352941176470589, 0.18823529411764706, 0.058823529411764705, 0.01764705882352941], [0.7244094488188977, 0.2204724409448819, 0.03937007874015748, 0.015748031496062992], [0.6891891891891891, 0.20945945945945946, 0.06756756756756757, 0.033783783783783786], [0.7974137931034483, 0.15517241379310345, 0.04310344827586207, 0.004310344827586207], [0.7261146496815286, 0.1337579617834395, 0.10828025477707007, 0.03184713375796178], [0.8415492957746479, 0.12323943661971831, 0.035211267605633804, 0.0], [0.7412587412587412, 0.16783216783216784, 0.07692307692307693, 0.013986013986013986], [0.7815126050420168, 0.15126050420168066, 0.06722689075630252, 0.0], [0.7161290322580646, 0.2, 0.07741935483870968, 0.0064516129032258064], [0.7786259541984732, 0.17557251908396945, 0.04580152671755725, 0.0], [0.7470588235294118, 0.1411764705882353, 0.08235294117647059, 0.029411764705882353], [0.7457627118644068, 0.1271186440677966, 0.0847457627118644, 0.0423728813559322], [0.6521739130434783, 0.14285714285714285, 0.12422360248447205, 0.08074534161490683], [0.738255033557047, 0.21476510067114093, 0.03355704697986577, 0.013422818791946308], [0.7012195121951219, 0.21951219512195122, 0.036585365853658534, 0.042682926829268296]]}, "acc_test": 0.66, "precision_test": 0.6025641025641025, "recall_test": 0.94, "f1_test": 0.7343749999999999, "auc_test": 0.8692000000000001}
{"name": "perturbation_10_z", "predictions": {"test": [1.7295428259299106, 0.7301558044911447, -0.807682339378859, 0.8855676009781801, 0.4655363872750496, -0.1291195378422224, 3.072326398938952, 0.6973038666506887, 0.6983771038818309, -0.4120034511934465, 0.962454083512733, 1.2537304501492792, 2.660367469392573, 1.297234653249496, 1.4374762798357839, 0.4411905997123197, 0.7799517718985344, 0.5522609053594745, 2.7625263518191403, 0.36640649526005975, 1.2069967359920792, 0.5378184345414136, 0.901836867719313, 0.6281984584146855, 1.8542880061593119, 0.5355504049226963, 1.7021698420162965, 0.3875033022175422, 0.9223919918957877, -0.12652864630721716, 1.7982411842376707, 0.05126844163066729, 1.0012426475003793, 0.3069570754241278, 0.9195542748593972, 0.35877456904966565, 1.3063850982673597, 0.6303090981462459, 0.7685056112722981, 0.11400849508399319, 2.102577834889102, 0.26429727742994996, 1.7684636578942696, 0.40914844791316046, 0.9715684028789205, 1.006555223375623, 0.9225152744913071, 0.29513390944416484, 2.280130887928234, 0.35224051918355065, 0.845872140481488, 0.4487494915331007, 0.08769350904368364, 0.12080475925748162, 2.334525788663467, 0.634234349035145, 0.7373397417382391, 0.3458209725510851, 0.5992383442265716, 0.029043807864656955, 0.6834538519517667, -0.1637131547190678, 0.9904704560405654, 0.13701278625752344, 0.5262606958748588, -0.5918722634000482, 1.3901615180801512, -0.3654257503317625, 1.526473886499897, -0.026881278892539252, 1.0431368489321204, 0.8360205795273901, 0.9472794211337201, 0.2589264403735416, 0.37991725495931294, 1.2235580270291928, 0.19670480164245419, 0.16364864102053636, 2.678331446928364, 0.4623428176652437, 0.3275640881490973, 0.7557329551277154, 1.362203775869155, -0.180625181576019, 1.581265023490573, -0.17395179302785815, 0.4255317195359323, 0.5017650830087015, 1.565059265598045, -0.0944493866018022, 2.56496403397962, 0.1509625624457207, 0.16531648885021627, -0.5132898263177587, 1.4085311511584107, 0.5152366569375777, 0.9730884910200952, 0.34966273140475856, 0.5641200542317307, 0.6599561174941616]}, "info": {"pct_words_masked": 0.3, "span_length": 2, "n_perturbations": 10}, "general": {"acc_test": 0.68, "precision_test": 0.6216216216216216, "recall_test": 0.92, "f1_test": 0.7419354838709677, "auc_test": 0.852}}
{"name": "GPT-sentinel", "acc": 0.8}
{"name": "roberta-base-openai-detector", "predictions": {"test": [0.0015407000901177526, 0.0012856678804382682, 0.00019189312297385186, 0.00016897404566407204, 0.0004857877211179584, 0.00017197791021317244, 0.9998154044151306, 0.0009459556313231587, 0.00837962981313467, 0.10202373564243317, 0.002471656771376729, 0.0001713560486678034, 0.0003060516610275954, 0.014850117266178131, 0.9987001419067383, 0.006233598571270704, 0.14596112072467804, 0.17016541957855225, 0.00017270422540605068, 0.049872979521751404, 0.008751329965889454, 0.00018139768508262932, 0.013574083335697651, 0.0002435203641653061, 0.9998243451118469, 0.00017666746862232685, 0.0067736124619841576, 0.0021300206426531076, 0.0009525316418148577, 0.00024090023362077773, 0.9021346569061279, 0.002688723150640726, 0.07880201935768127, 0.0005498509272001684, 0.012681148014962673, 0.6149576902389526, 0.9852340817451477, 0.00016929273260757327, 0.1380498856306076, 0.020309295505285263, 0.999721348285675, 0.00017821334768086672, 0.0002597672864794731, 0.00018483794701751322, 0.99928879737854, 0.0007248105248436332, 0.4561637043952942, 0.026018371805548668, 0.007530811242759228, 0.0007172603509388864, 0.9973618388175964, 0.0019132000161334872, 0.9829719662666321, 0.000601915642619133, 0.9994932413101196, 0.0004839449829887599, 0.16928604245185852, 0.00017221731832250953, 0.9581542611122131, 0.00027553774998523295, 0.791100025177002, 0.0008293133578263223, 0.000873367243912071, 0.04508715122938156, 0.00018370819452684373, 0.00017955296789295971, 0.9887125492095947, 0.00018198635370936245, 0.9154722690582275, 0.00017854552424978465, 0.0045888121239840984, 0.021354028955101967, 0.00016951367433648556, 0.0003366047458257526, 0.7025354504585266, 0.0002189807710237801, 0.9671834111213684, 0.0004684350569732487, 0.0002863977279048413, 0.00017054250929504633, 0.9081078171730042, 0.39605382084846497, 0.9997182488441467, 0.8462778925895691, 0.19391408562660217, 0.0001825609360821545, 0.78572678565979, 0.0022273126523941755, 0.9995344877243042, 0.0005339100607670844, 0.99982088804245, 0.12674695253372192, 0.6521006226539612, 0.0004397622251417488, 0.011172150261700153, 0.00023540007532574236, 0.00018373287457507104, 0.00016789749497547746, 0.12664803862571716, 0.0002657884615473449]}, "logits": {"test": [-3.4970901012420654, -3.589095115661621, -4.637840747833252, -4.714416980743408, -4.132626533508301, -4.705384731292725, 4.668795108795166, -3.750906467437744, -2.567755699157715, -1.197938323020935, -3.233041286468506, -4.7039594650268555, -4.38458776473999, -2.25419282913208, 3.5160751342773438, -2.729247808456421, -0.9610337615013123, -0.8630439639091492, -4.700647830963135, -1.5980132818222046, -2.54691219329834, -4.670258522033691, -2.3224873542785645, -4.504669666290283, 4.692127704620361, -4.680461406707764, -2.697843551635742, -3.302032709121704, -3.7495155334472656, -4.510348320007324, 1.0991160869598389, -3.1865367889404297, -1.3481206893920898, -4.048520088195801, -2.332723617553711, 0.1840171217918396, 2.1611263751983643, -4.715237140655518, -1.001382827758789, -2.0583176612854004, 4.412484169006348, -4.682336330413818, -4.477997779846191, -4.6623854637146, 3.8688161373138428, -3.900494337081909, -0.16273820400238037, -1.9483014345169067, -2.630781412124634, -3.9080305099487305, 3.1252193450927734, -3.366384267807007, 2.063680410385132, -4.0081658363342285, 4.067925453186035, -4.121023178100586, -0.8717002272605896, -4.7010273933410645, 1.5773420333862305, -4.433739185333252, 0.6029190421104431, -3.8211240768432617, -3.7835607528686523, -1.6568273305892944, -4.66731595993042, -4.678646087646484, 2.326658248901367, -4.668489456176758, 1.201265811920166, -4.677560806274414, -2.8907318115234375, -2.052729368209839, -4.709453105926514, -4.32142972946167, 0.3592134416103363, -4.5668721199035645, 1.7134209871292114, -4.143941879272461, -4.408914089202881, -4.71060848236084, 1.117414951324463, -0.2771148383617401, 4.40153169631958, 0.8156684637069702, -0.8100418448448181, -4.670619964599609, 0.588983952999115, -3.2914843559265137, 4.126093864440918, -4.062132835388184, 4.685812473297119, -1.048163890838623, 0.2552497982978821, -4.182374954223633, -2.4091808795928955, -4.516098499298096, -4.666388988494873, -4.7177510261535645, -1.058559775352478, -4.455366134643555]}, "acc_test": 0.7, "precision_test": 0.9166666666666666, "recall_test": 0.44, "f1_test": 0.5945945945945945, "auc_test": 0.7968000000000001, "preds": [0.0015407000901177526, 0.00019189312297385186, 0.0004857877211179584, 0.9998154044151306, 0.00837962981313467, 0.002471656771376729, 0.0003060516610275954, 0.9987001419067383, 0.14596112072467804, 0.00017270422540605068, 0.008751329965889454, 0.013574083335697651, 0.9998243451118469, 0.0067736124619841576, 0.0009525316418148577, 0.9021346569061279, 0.07880201935768127, 0.012681148014962673, 0.9852340817451477, 0.1380498856306076, 0.999721348285675, 0.0002597672864794731, 0.99928879737854, 0.4561637043952942, 0.007530811242759228, 0.9973618388175964, 0.9829719662666321, 0.9994932413101196, 0.16928604245185852, 0.9581542611122131, 0.791100025177002, 0.000873367243912071, 0.00018370819452684373, 0.9887125492095947, 0.9154722690582275, 0.0045888121239840984, 0.00016951367433648556, 0.7025354504585266, 0.9671834111213684, 0.0002863977279048413, 0.9081078171730042, 0.9997182488441467, 0.19391408562660217, 0.78572678565979, 0.9995344877243042, 0.99982088804245, 0.6521006226539612, 0.011172150261700153, 0.00018373287457507104, 0.12664803862571716]}
{"name": "Hello-SimpleAI/chatgpt-detector-roberta", "predictions": {"test": [0.9793382287025452, 0.2961008846759796, 0.9828593134880066, 0.990143895149231, 0.9988190531730652, 0.0006805001758038998, 0.9990314245223999, 0.051089510321617126, 0.9947776794433594, 0.449565052986145, 0.9989283680915833, 0.04754117131233215, 0.9934033751487732, 0.287592351436615, 0.9548552632331848, 0.11745336651802063, 0.9793806672096252, 0.10419221222400665, 0.9854975938796997, 0.9898180365562439, 0.9972840547561646, 0.014316911809146404, 0.9785715341567993, 0.059577733278274536, 0.9961962699890137, 0.014593766070902348, 0.9936633110046387, 0.9390746355056763, 0.957934558391571, 0.06972907483577728, 0.9992393255233765, 0.9930712580680847, 0.9992272853851318, 0.9021484851837158, 0.02548849582672119, 0.07030937075614929, 0.891345739364624, 0.13835255801677704, 0.1457156091928482, 0.0007813590345904231, 0.9983354210853577, 0.00027802909607999027, 0.9986294507980347, 0.04525655508041382, 0.998877227306366, 0.05645149573683739, 0.9981924891471863, 0.8642202019691467, 0.031156228855252266, 0.05228783190250397, 0.9656134843826294, 0.003504878841340542, 0.9981130361557007, 0.29615211486816406, 0.9971628785133362, 0.968285322189331, 0.9951578974723816, 0.006709501147270203, 0.9988765120506287, 0.008850077167153358, 0.021921522915363312, 0.12297161668539047, 0.011030448600649834, 0.0014487802982330322, 0.0038525662384927273, 0.001087052864022553, 0.9992257356643677, 0.8943163752555847, 0.9962169528007507, 0.3027286231517792, 0.9686756134033203, 0.0010770880617201328, 0.9638264775276184, 0.009215214289724827, 0.9936376214027405, 0.9052543044090271, 0.9988822340965271, 0.3064028024673462, 0.0009512880351394415, 0.0003310573229100555, 0.9961189031600952, 0.29011279344558716, 0.9992275238037109, 0.9519270658493042, 0.9722259044647217, 0.020718716084957123, 0.934273898601532, 0.04842658340930939, 0.25900697708129883, 0.001186403795145452, 0.03783455863595009, 0.00034094968577846885, 0.974550724029541, 0.9841983318328857, 0.9992079138755798, 0.3273172974586487, 0.8705173134803772, 0.0009185918024741113, 0.20568479597568512, 0.014104441739618778]}, "logits": {"test": [1.7980177402496338, -0.5712092518806458, 1.8792510032653809, 2.1169612407684326, 2.9814822673797607, -3.3425796031951904, 3.0539791584014893, -1.5027133226394653, 2.3846499919891357, 0.012914473190903664, 3.01754093170166, -1.536358118057251, 2.286850929260254, -0.5902152061462402, 1.4515703916549683, -1.098381757736206, 1.7989495992660522, -1.1531567573547363, 1.9515401124954224, 2.10310435295105, 2.6537117958068848, -2.0805788040161133, 1.7821108102798462, -1.4303263425827026, 2.516014814376831, -2.0720760822296143, 2.303730010986328, 1.3148882389068604, 1.4833623170852661, -1.3553366661071777, 3.1240029335021973, 2.2661921977996826, 3.12329363822937, 1.0921226739883423, -1.8224585056304932, -1.3513728380203247, 1.0414904356002808, -1.0138319730758667, -0.9865095019340515, -3.290487766265869, 2.849336862564087, -3.650161027908325, 2.9248664379119873, -1.5593063831329346, 3.000318765640259, -1.4557760953903198, 2.8169045448303223, 0.9312838315963745, -1.731231451034546, -1.4918440580368042, 1.57362961769104, -2.688084125518799, 2.799865245819092, -0.5711271166801453, 2.636002540588379, 1.6095901727676392, 2.416128158569336, -2.411796808242798, 3.0001022815704346, -2.291826009750366, -1.89045250415802, -1.0749272108078003, -2.1955296993255615, -3.04995059967041, -2.6483418941497803, -3.1633174419403076, 3.1230454444885254, 1.0550481081008911, 2.51825213432312, -0.556851863861084, 1.6150761842727661, -3.16691517829895, 1.5510239601135254, -2.274200201034546, 2.3020360469818115, 1.1077589988708496, 3.0019898414611816, -0.5485317707061768, -3.2151339054107666, -3.596468925476074, 2.507704734802246, -0.584673285484314, 3.123349905014038, 1.423150897026062, 1.6682931184768677, -1.915807843208313, 1.2798224687576294, -1.5277466773986816, -0.6504657864570618, -3.129056215286255, -1.4387915134429932, -3.586919069290161, 1.7067421674728394, 1.9144541025161743, 3.1185152530670166, -0.5041483640670776, 0.9551566243171692, -3.228623390197754, -0.7958646416664124, -2.08718204498291]}, "acc_test": 0.79, "precision_test": 0.7843137254901961, "recall_test": 0.8, "f1_test": 0.792079207920792, "auc_test": 0.8472000000000001, "preds": [0.9793382287025452, 0.9828593134880066, 0.9988190531730652, 0.9990314245223999, 0.9947776794433594, 0.9989283680915833, 0.9934033751487732, 0.9548552632331848, 0.9793806672096252, 0.9854975938796997, 0.9972840547561646, 0.9785715341567993, 0.9961962699890137, 0.9936633110046387, 0.957934558391571, 0.9992393255233765, 0.9992272853851318, 0.02548849582672119, 0.891345739364624, 0.1457156091928482, 0.9983354210853577, 0.9986294507980347, 0.998877227306366, 0.9981924891471863, 0.031156228855252266, 0.9656134843826294, 0.9981130361557007, 0.9971628785133362, 0.9951578974723816, 0.9988765120506287, 0.021921522915363312, 0.011030448600649834, 0.0038525662384927273, 0.9992257356643677, 0.9962169528007507, 0.9686756134033203, 0.9638264775276184, 0.9936376214027405, 0.9988822340965271, 0.0009512880351394415, 0.9961189031600952, 0.9992275238037109, 0.9722259044647217, 0.934273898601532, 0.25900697708129883, 0.03783455863595009, 0.974550724029541, 0.9992079138755798, 0.8705173134803772, 0.20568479597568512]}
{"name": "distilbert-base-uncased", "predictions": {"test": [0.9558258652687073, 0.9280630946159363, 0.987287163734436, 0.02689964510500431, 0.9892704486846924, 0.9182410836219788, 0.9862674474716187, 0.8845027089118958, 0.9883257150650024, 0.9681280851364136, 0.9962162375450134, 0.9161320328712463, 0.9821798801422119, 0.9499906897544861, 0.9959511756896973, 0.019947217777371407, 0.9965838193893433, 0.837171196937561, 0.9836536049842834, 0.04725038260221481, 0.9936580061912537, 0.9817429780960083, 0.9957777261734009, 0.9950980544090271, 0.9962849617004395, 0.020304637029767036, 0.996253490447998, 0.9907733201980591, 0.997582197189331, 0.06609264761209488, 0.971820056438446, 0.9419019818305969, 0.9917710423469543, 0.033635299652814865, 0.9862666130065918, 0.8604946732521057, 0.9960055947303772, 0.885504961013794, 0.997488260269165, 0.4111059010028839, 0.996377170085907, 0.978425920009613, 0.9628642201423645, 0.9947887659072876, 0.9950984120368958, 0.9674332737922668, 0.9853858947753906, 0.991448700428009, 0.9966514706611633, 0.977726399898529, 0.9930175542831421, 0.9789739847183228, 0.9933057427406311, 0.5284985303878784, 0.9975739121437073, 0.9758110046386719, 0.9974254965782166, 0.8044345378875732, 0.9909045100212097, 0.982262909412384, 0.9966128468513489, 0.6681432723999023, 0.9935154914855957, 0.09154481440782547, 0.9492114782333374, 0.9931821227073669, 0.992931604385376, 0.9602707028388977, 0.9871106147766113, 0.916273832321167, 0.9965912103652954, 0.7488499283790588, 0.9934661984443665, 0.5452561378479004, 0.8399271965026855, 0.5372700691223145, 0.9927581548690796, 0.950508177280426, 0.995031476020813, 0.9674056172370911, 0.9670527577400208, 0.0941544622182846, 0.9834117889404297, 0.9697167277336121, 0.9940279722213745, 0.9873099327087402, 0.9766279458999634, 0.012652631849050522, 0.998008668422699, 0.9573678970336914, 0.9970404505729675, 0.04410543665289879, 0.9832049012184143, 0.8351009488105774, 0.9933810234069824, 0.5842278599739075, 0.9847279787063599, 0.9867085218429565, 0.7550185322761536, 0.05118481442332268]}, "logits": {"test": [1.681986927986145, 1.4000744819641113, 2.4060940742492676, -1.836137294769287, 2.416185140609741, 1.3781285285949707, 2.302133560180664, 1.18535315990448, 2.3520638942718506, 1.798410177230835, 2.9653286933898926, 1.3530926704406738, 2.1601364612579346, 1.5415867567062378, 2.9152603149414062, -1.9736967086791992, 3.0098700523376465, 0.8907541036605835, 2.2921881675720215, -1.471885323524475, 2.749410390853882, 2.1958506107330322, 2.9505088329315186, 2.8240585327148438, 2.938400983810425, -2.032097339630127, 2.965221881866455, 2.5050461292266846, 3.2086031436920166, -1.2871894836425781, 1.9532511234283447, 1.4895929098129272, 2.622479200363159, -1.6850042343139648, 2.329111337661743, 1.0288552045822144, 2.951249361038208, 1.1447817087173462, 3.221611261367798, -0.04851911589503288, 2.9361793994903564, 2.0045900344848633, 1.740797519683838, 2.819077253341675, 2.832707405090332, 1.7838423252105713, 2.2606635093688965, 2.5996644496917725, 3.0825212001800537, 1.9791253805160522, 2.6809942722320557, 2.073704719543457, 2.713183879852295, 0.0895901620388031, 3.2392022609710693, 2.0886635780334473, 3.0908312797546387, 0.7591512203216553, 2.49645733833313, 2.2175028324127197, 2.961193084716797, 0.39024341106414795, 2.7630422115325928, -1.0749139785766602, 1.6201728582382202, 2.6551673412323, 2.6955251693725586, 1.743080735206604, 2.3413684368133545, 1.3147648572921753, 3.0127766132354736, 0.6785319447517395, 2.651813507080078, 0.13685302436351776, 0.9627331495285034, 0.15813560783863068, 2.615537643432617, 1.6239534616470337, 2.8075649738311768, 1.7856417894363403, 1.8735110759735107, -1.1606988906860352, 2.144304037094116, 1.8602697849273682, 2.681741237640381, 2.315915107727051, 2.0092878341674805, -2.1883625984191895, 3.33255934715271, 1.7604568004608154, 3.0875260829925537, -1.5348159074783325, 2.185516595840454, 0.9589471220970154, 2.654616117477417, 0.2261330634355545, 2.2034425735473633, 2.2928266525268555, 0.5628546476364136, -1.547010898590088]}, "acc_test": 0.62, "precision_test": 0.5681818181818182, "recall_test": 1.0, "f1_test": 0.7246376811594203, "auc_test": 0.8927999999999999, "preds": [0.9558258652687073, 0.987287163734436, 0.9892704486846924, 0.9862674474716187, 0.9883257150650024, 0.9962162375450134, 0.9821798801422119, 0.9959511756896973, 0.9965838193893433, 0.9836536049842834, 0.9936580061912537, 0.9957777261734009, 0.9962849617004395, 0.996253490447998, 0.997582197189331, 0.971820056438446, 0.9917710423469543, 0.9862666130065918, 0.9960055947303772, 0.997488260269165, 0.996377170085907, 0.9628642201423645, 0.9950984120368958, 0.9853858947753906, 0.9966514706611633, 0.9930175542831421, 0.9933057427406311, 0.9975739121437073, 0.9974254965782166, 0.9909045100212097, 0.9966128468513489, 0.9935154914855957, 0.9492114782333374, 0.992931604385376, 0.9871106147766113, 0.9965912103652954, 0.9934661984443665, 0.8399271965026855, 0.9927581548690796, 0.995031476020813, 0.9670527577400208, 0.9834117889404297, 0.9940279722213745, 0.9766279458999634, 0.998008668422699, 0.9970404505729675, 0.9832049012184143, 0.9933810234069824, 0.9847279787063599, 0.7550185322761536]}
