{"name": "likelihood_threshold", "predictions": {"test": [-2.88389253616333, -3.7729249000549316, -0.8623782396316528, -3.571908712387085, -3.590430974960327, -3.676255702972412, -2.2651727199554443, -3.314650297164917, -2.432988405227661, -3.2727930545806885, -3.345688819885254, -3.4039926528930664, -2.022440195083618, -3.790379285812378, -2.091463327407837, -3.767954111099243, -2.4522876739501953, -3.4970498085021973, -2.276989698410034, -3.0320980548858643, -1.9201587438583374, -3.606097936630249, -1.814741611480713, -3.550675868988037, -2.39117431640625, -3.2557034492492676, -1.855143427848816, -3.2101619243621826, -2.914802312850952, -3.8057360649108887, -3.315427303314209, -3.5411107540130615, -2.1137187480926514, -3.291588306427002, -2.81020188331604, -3.4328739643096924, -1.4411365985870361, -3.4767088890075684, -2.5095691680908203, -3.0129106044769287, -2.7371997833251953, -4.146044731140137, -3.496633768081665, -3.6900088787078857, -3.632734537124634, -3.721700429916382, -1.505628228187561, -3.2446205615997314, -2.255605697631836, -2.9934275150299072, -1.5315288305282593, -3.434563636779785, -1.6339218616485596, -3.9512698650360107, -2.142117977142334, -3.3870739936828613, -2.637336254119873, -3.4917614459991455, -1.9386329650878906, -3.3823375701904297, -2.382077217102051, -3.4899213314056396, -1.8404045104980469, -3.716887950897217, -2.5247840881347656, -3.780508518218994, -2.4868810176849365, -3.8710432052612305, -2.3539912700653076, -3.6413302421569824, -1.7800616025924683, -3.2046029567718506, -3.585561990737915, -3.7799816131591797, -1.8072290420532227, -3.13647723197937, -2.3226945400238037, -3.2983968257904053, -2.9631266593933105, -3.6567249298095703, -2.834228992462158, -3.713371992111206, -2.014176845550537, -3.4226768016815186, -2.7070109844207764, -3.9339778423309326, -3.5880627632141113, -3.8233017921447754, -1.907870888710022, -3.294398546218872, -2.8738512992858887, -3.3513245582580566, -1.8318519592285156, -3.2490038871765137, -2.3296871185302734, -3.222085952758789, -2.6773014068603516, -3.7102904319763184, -3.401209592819214, -3.590864419937134]}, "acc_test": 0.86, "precision_test": 0.875, "recall_test": 0.84, "f1_test": 0.8571428571428572, "auc_test": 0.9236}
{"name": "rank_threshold", "predictions": {"test": [-87.36666870117188, -217.3663787841797, -80.96000671386719, -149.11428833007812, -332.4810791015625, -231.2411346435547, -61.03007507324219, -97.7983627319336, -87.817138671875, -107.08275604248047, -259.32000732421875, -80.01744079589844, -9.67391300201416, -188.74481201171875, -22.891088485717773, -132.4250030517578, -19.428571701049805, -168.75, -168.6732635498047, -60.75454330444336, -45.051612854003906, -155.3831787109375, -36.19047546386719, -232.3791046142578, -132.24346923828125, -79.09954833984375, -6.776397705078125, -49.69056701660156, -88.20635223388672, -325.9666748046875, -85.10400390625, -101.7704849243164, -25.632001876831055, -76.29717254638672, -96.33333587646484, -97.26697540283203, -59.50819396972656, -136.242919921875, -221.92086791992188, -95.81600189208984, -86.4380111694336, -268.35955810546875, -158.51266479492188, -181.4895782470703, -174.05426025390625, -279.3496398925781, -3.238410711288452, -62.580787658691406, -273.6031799316406, -73.66431427001953, -9.580644607543945, -240.22540283203125, -13.744000434875488, -199.039306640625, -40.49580001831055, -184.06964111328125, -36.832000732421875, -79.7283935546875, -33.344085693359375, -132.4213104248047, -16.94444465637207, -142.9345703125, -7.3828125, -207.5313720703125, -31.24761962890625, -128.54891967773438, -82.99275207519531, -133.43667602539062, -25.59503936767578, -284.07244873046875, -21.270000457763672, -76.70588684082031, -171.377197265625, -100.63948822021484, -99.6021499633789, -155.91798400878906, -160.90476989746094, -157.0673370361328, -50.529415130615234, -129.96641540527344, -88.04838562011719, -200.49020385742188, -9.631579399108887, -152.78282165527344, -32.71794891357422, -206.4923858642578, -288.2291564941406, -230.92739868164062, -27.056074142456055, -231.1979217529297, -83.5314712524414, -128.5483856201172, -12.064516067504883, -167.18856811523438, -383.1969909667969, -183.46763610839844, -110.3277359008789, -251.93023681640625, -264.0243835449219, -143.00961303710938]}, "acc_test": 0.62, "precision_test": 0.581081081081081, "recall_test": 0.86, "f1_test": 0.6935483870967741, "auc_test": 0.7528}
{"name": "log_rank_threshold", "predictions": {"test": [-1.4823721647262573, -1.969936490058899, -0.3927241563796997, -1.8373819589614868, -1.9391921758651733, -2.001032829284668, -1.1187974214553833, -1.7281876802444458, -1.121699333190918, -1.6720935106277466, -1.8100539445877075, -1.807905673980713, -0.8313326239585876, -2.0287492275238037, -0.8880733847618103, -2.008622169494629, -1.1843894720077515, -1.8808226585388184, -1.0323612689971924, -1.5124095678329468, -0.8051332831382751, -1.9441754817962646, -0.8361642956733704, -1.9100549221038818, -1.1235138177871704, -1.648478388786316, -0.7574282288551331, -1.66130530834198, -1.4795160293579102, -2.0966978073120117, -1.75788414478302, -1.8577102422714233, -0.8924294710159302, -1.7310916185379028, -1.3860501050949097, -1.8042114973068237, -0.543388843536377, -1.8377525806427002, -1.227563738822937, -1.5365701913833618, -1.3405286073684692, -2.391068696975708, -1.9957427978515625, -2.0835320949554443, -1.962188720703125, -1.986262559890747, -0.5298862457275391, -1.5979031324386597, -0.9363034963607788, -1.5416611433029175, -0.5516535639762878, -1.8028450012207031, -0.7225778698921204, -2.0914995670318604, -0.9136475324630737, -1.7848838567733765, -1.193672776222229, -1.8407917022705078, -0.7752448320388794, -1.7605575323104858, -1.0468207597732544, -1.8806613683700562, -0.7231109738349915, -1.9604421854019165, -1.1188490390777588, -2.075378656387329, -1.2704534530639648, -2.124922037124634, -1.056881070137024, -1.8533953428268433, -0.7151866555213928, -1.6398009061813354, -1.9850260019302368, -2.0052738189697266, -0.8177006244659424, -1.6661088466644287, -1.0479940176010132, -1.701641321182251, -1.577429175376892, -2.0357282161712646, -1.4076323509216309, -2.043466329574585, -0.8079723715782166, -1.7463219165802002, -1.3044297695159912, -2.1683452129364014, -1.973430871963501, -2.1717631816864014, -0.7972075343132019, -1.7162612676620483, -1.3669919967651367, -1.740207552909851, -0.6980440020561218, -1.6892098188400269, -1.2470009326934814, -1.6394842863082886, -1.2998424768447876, -2.0328125953674316, -1.8231929540634155, -1.9478247165679932]}, "acc_test": 0.81, "precision_test": 0.7924528301886793, "recall_test": 0.84, "f1_test": 0.8155339805825242, "auc_test": 0.908}
{"name": "entropy_threshold", "predictions": {"test": [2.992021322250366, 3.9248902797698975, 1.2726342678070068, 3.9869325160980225, 3.6062235832214355, 3.8776586055755615, 2.9028403759002686, 3.34035325050354, 3.2989861965179443, 3.7150845527648926, 3.329655170440674, 3.8724777698516846, 3.0899765491485596, 3.7355093955993652, 2.92232084274292, 4.03259801864624, 2.707843542098999, 3.5434958934783936, 3.1355412006378174, 3.6211915016174316, 2.923715114593506, 3.6890480518341064, 2.45078706741333, 3.474334239959717, 3.2522099018096924, 3.6311473846435547, 2.8254952430725098, 3.491985321044922, 3.168339729309082, 3.810544013977051, 3.387704849243164, 3.6897940635681152, 3.088594913482666, 3.6074447631835938, 3.4057891368865967, 3.609891653060913, 2.106257915496826, 3.5730457305908203, 2.9511117935180664, 3.0607588291168213, 3.5158851146698, 4.010621070861816, 3.716883897781372, 4.074227333068848, 3.390637159347534, 4.045238494873047, 2.4221861362457275, 3.6503207683563232, 3.120577335357666, 3.6880767345428467, 2.5213241577148438, 3.6779894828796387, 2.180030584335327, 4.008157253265381, 2.907682180404663, 3.6580846309661865, 3.5118727684020996, 3.8756368160247803, 3.0455098152160645, 3.7519242763519287, 3.2046282291412354, 3.310556411743164, 2.9603896141052246, 3.7342052459716797, 3.4177308082580566, 3.9937217235565186, 2.920469045639038, 3.877329111099243, 3.199099540710449, 3.7712042331695557, 2.855668783187866, 3.764047861099243, 3.720973014831543, 3.9638917446136475, 2.4068126678466797, 3.195403575897217, 3.0560519695281982, 3.4324936866760254, 3.3998451232910156, 3.7577879428863525, 3.462455987930298, 3.791271924972534, 3.0358004570007324, 3.626652479171753, 2.8146474361419678, 4.013477325439453, 3.565342903137207, 3.9086358547210693, 2.6858553886413574, 3.3164114952087402, 3.5537471771240234, 3.683535099029541, 2.9092936515808105, 3.5508739948272705, 3.2039542198181152, 3.6672444343566895, 3.261028528213501, 3.652543067932129, 3.5362329483032227, 3.760127544403076]}, "acc_test": 0.84, "precision_test": 0.84, "recall_test": 0.84, "f1_test": 0.8399999999999999, "auc_test": 0.9364}
{"name": "rank_GLTR_threshold", "predictions": {"test": [[0.75, 0.14166666666666666, 0.08333333333333333, 0.025], [0.6379310344827587, 0.19827586206896552, 0.1336206896551724, 0.03017241379310345], [0.944, 0.024, 0.016, 0.016], [0.7, 0.16666666666666666, 0.10952380952380952, 0.023809523809523808], [0.6810810810810811, 0.16216216216216217, 0.11351351351351352, 0.043243243243243246], [0.6453900709219859, 0.2127659574468085, 0.09574468085106383, 0.04609929078014184], [0.8195488721804511, 0.11278195488721804, 0.05263157894736842, 0.015037593984962405], [0.6866485013623979, 0.19346049046321526, 0.10626702997275204, 0.013623978201634877], [0.8342857142857143, 0.10285714285714286, 0.045714285714285714, 0.017142857142857144], [0.7, 0.19310344827586207, 0.0896551724137931, 0.017241379310344827], [0.688, 0.176, 0.112, 0.024], [0.6686046511627907, 0.22093023255813954, 0.08139534883720931, 0.029069767441860465], [0.8840579710144928, 0.08695652173913043, 0.028985507246376812, 0.0], [0.658753709198813, 0.18694362017804153, 0.12759643916913946, 0.026706231454005934], [0.8514851485148515, 0.12871287128712872, 0.019801980198019802, 0.0], [0.64, 0.205, 0.115, 0.04], [0.8214285714285714, 0.13392857142857142, 0.044642857142857144, 0.0], [0.6693548387096774, 0.1935483870967742, 0.10887096774193548, 0.028225806451612902], [0.8217821782178217, 0.13861386138613863, 0.0297029702970297, 0.009900990099009901], [0.740909090909091, 0.17727272727272728, 0.06818181818181818, 0.013636363636363636], [0.8838709677419355, 0.10967741935483871, 0.0, 0.0064516129032258064], [0.677570093457944, 0.17289719626168223, 0.10747663551401869, 0.04205607476635514], [0.8809523809523809, 0.08928571428571429, 0.023809523809523808, 0.005952380952380952], [0.6805970149253732, 0.1701492537313433, 0.11641791044776119, 0.03283582089552239], [0.8608695652173913, 0.09565217391304348, 0.017391304347826087, 0.02608695652173913], [0.7104072398190046, 0.18552036199095023, 0.07239819004524888, 0.03167420814479638], [0.8819875776397516, 0.11180124223602485, 0.006211180124223602, 0.0], [0.690566037735849, 0.20754716981132076, 0.09056603773584905, 0.011320754716981131], [0.746031746031746, 0.16666666666666666, 0.05555555555555555, 0.031746031746031744], [0.6222222222222222, 0.2388888888888889, 0.07222222222222222, 0.06666666666666667], [0.68, 0.224, 0.072, 0.024], [0.6598360655737705, 0.24180327868852458, 0.07377049180327869, 0.02459016393442623], [0.896, 0.072, 0.024, 0.008], [0.6792452830188679, 0.20754716981132076, 0.09905660377358491, 0.014150943396226415], [0.7575757575757576, 0.18181818181818182, 0.030303030303030304, 0.030303030303030304], [0.6561085972850679, 0.248868778280543, 0.07692307692307693, 0.01809954751131222], [0.9426229508196722, 0.02459016393442623, 0.02459016393442623, 0.00819672131147541], [0.680161943319838, 0.18218623481781376, 0.11740890688259109, 0.020242914979757085], [0.7985611510791367, 0.14388489208633093, 0.050359712230215826, 0.007194244604316547], [0.74, 0.156, 0.076, 0.028], [0.7851239669421488, 0.1487603305785124, 0.04132231404958678, 0.024793388429752067], [0.5617977528089888, 0.25280898876404495, 0.12921348314606743, 0.056179775280898875], [0.6645569620253164, 0.14556962025316456, 0.13924050632911392, 0.05063291139240506], [0.6354166666666666, 0.19444444444444445, 0.13541666666666666, 0.034722222222222224], [0.6666666666666666, 0.20930232558139536, 0.10852713178294573, 0.015503875968992248], [0.6616541353383458, 0.19924812030075187, 0.10150375939849623, 0.03759398496240601], [0.9337748344370861, 0.06622516556291391, 0.0, 0.0], [0.7117903930131004, 0.20087336244541484, 0.07423580786026202, 0.013100436681222707], [0.873015873015873, 0.1111111111111111, 0.007936507936507936, 0.007936507936507936], [0.7173144876325088, 0.19081272084805653, 0.07420494699646643, 0.0176678445229682], [0.9290322580645162, 0.05161290322580645, 0.01935483870967742, 0.0], [0.6857142857142857, 0.1746031746031746, 0.09841269841269841, 0.04126984126984127], [0.92, 0.048, 0.032, 0.0], [0.6157205240174672, 0.2445414847161572, 0.09606986899563319, 0.043668122270742356], [0.8907563025210085, 0.06722689075630252, 0.025210084033613446, 0.01680672268907563], [0.681592039800995, 0.19402985074626866, 0.10945273631840796, 0.014925373134328358], [0.84, 0.104, 0.048, 0.008], [0.6831275720164609, 0.18930041152263374, 0.09876543209876543, 0.02880658436213992], [0.9139784946236559, 0.053763440860215055, 0.021505376344086023, 0.010752688172043012], [0.6852791878172588, 0.2131979695431472, 0.07614213197969544, 0.025380710659898477], [0.8333333333333334, 0.12698412698412698, 0.03968253968253968, 0.0], [0.6962616822429907, 0.16355140186915887, 0.102803738317757, 0.037383177570093455], [0.8984375, 0.0859375, 0.015625, 0.0], [0.6401673640167364, 0.20502092050209206, 0.11715481171548117, 0.03765690376569038], [0.8380952380952381, 0.12380952380952381, 0.02857142857142857, 0.009523809523809525], [0.592391304347826, 0.28804347826086957, 0.09782608695652174, 0.021739130434782608], [0.7753623188405797, 0.15217391304347827, 0.06521739130434782, 0.007246376811594203], [0.62, 0.22333333333333333, 0.12, 0.03666666666666667], [0.859504132231405, 0.09090909090909091, 0.04132231404958678, 0.008264462809917356], [0.6956521739130435, 0.19806763285024154, 0.0821256038647343, 0.024154589371980676], [0.92, 0.07, 0.0, 0.01], [0.7205882352941176, 0.13725490196078433, 0.12254901960784313, 0.0196078431372549], [0.631578947368421, 0.24561403508771928, 0.08771929824561403, 0.03508771929824561], [0.6523605150214592, 0.2017167381974249, 0.12446351931330472, 0.02145922746781116], [0.8548387096774194, 0.11827956989247312, 0.016129032258064516, 0.010752688172043012], [0.7066246056782335, 0.167192429022082, 0.0946372239747634, 0.031545741324921134], [0.9047619047619048, 0.07142857142857142, 0.007936507936507936, 0.015873015873015872], [0.7205387205387206, 0.1717171717171717, 0.08080808080808081, 0.026936026936026935], [0.7226890756302521, 0.18487394957983194, 0.08403361344537816, 0.008403361344537815], [0.6156716417910447, 0.23507462686567165, 0.11194029850746269, 0.03731343283582089], [0.7419354838709677, 0.1693548387096774, 0.06451612903225806, 0.024193548387096774], [0.6392156862745098, 0.21176470588235294, 0.11764705882352941, 0.03137254901960784], [0.9385964912280702, 0.043859649122807015, 0.017543859649122806, 0.0], [0.7424242424242424, 0.15656565656565657, 0.06060606060606061, 0.04040404040404041], [0.7606837606837606, 0.15384615384615385, 0.08547008547008547, 0.0], [0.6142131979695431, 0.2131979695431472, 0.1319796954314721, 0.04060913705583756], [0.6736111111111112, 0.1597222222222222, 0.125, 0.041666666666666664], [0.636963696369637, 0.17491749174917492, 0.132013201320132, 0.056105610561056105], [0.897196261682243, 0.07476635514018691, 0.018691588785046728, 0.009345794392523364], [0.6822916666666666, 0.21875, 0.07291666666666667, 0.026041666666666668], [0.7692307692307693, 0.17482517482517482, 0.04195804195804196, 0.013986013986013986], [0.6989247311827957, 0.2007168458781362, 0.06810035842293907, 0.03225806451612903], [0.946236559139785, 0.043010752688172046, 0.010752688172043012, 0.0], [0.6914285714285714, 0.19428571428571428, 0.08571428571428572, 0.02857142857142857], [0.8106060606060606, 0.07575757575757576, 0.07575757575757576, 0.03787878787878788], [0.7302158273381295, 0.16906474820143885, 0.07553956834532374, 0.025179856115107913], [0.7899159663865546, 0.13445378151260504, 0.05042016806722689, 0.025210084033613446], [0.627906976744186, 0.20930232558139536, 0.11627906976744186, 0.046511627906976744], [0.6910569105691057, 0.16260162601626016, 0.0975609756097561, 0.04878048780487805], [0.6474358974358975, 0.22115384615384615, 0.08974358974358974, 0.041666666666666664]]}, "acc_test": 0.84, "precision_test": 0.84, "recall_test": 0.84, "f1_test": 0.8399999999999999, "auc_test": 0.9128}
{"name": "perturbation_10_z", "predictions": {"test": [0.6115170099349275, -0.0550618284109426, -0.6323081516733398, 0.009156560044920164, -0.10697764121370176, 0.005566488481762896, 0.14728296710627134, 0.4233427981241094, 1.432391279160952, 1.2530603502537094, 0.11792261739260716, 0.6890335500402878, 1.631907064307924, -0.17346192491261314, 0.9832020220157305, 0.10587043673605805, 0.8075154000673431, 0.16933187374807301, 0.46475547515639, 0.4888369350694337, 1.4369753536545438, -0.24235029080144765, 1.860108069609475, -0.1958101624697298, 0.5456193085789899, 0.9021271455041714, 1.7229141021804588, 0.5045326174896702, 0.8244998512300341, 0.08671473917141514, -1.1762614902869843, 0.14044380866896816, 1.1318670395318802, 0.20766438704718038, 0.9507076344335815, 0.1941910108238798, -0.43488669396482643, 0.08833406715670244, 0.7245561651442834, 0.24163889791663046, -0.06059354782224517, -0.2490809543532035, 0.10582859634502235, 0.37371115818197376, -0.5545806678679137, 0.26256589611115083, 1.300308640087218, 0.24708568923129762, 0.3407790829157379, 1.166178312097563, 2.200971075446673, 0.32278353064710974, 0.7532344275556407, 0.061611007396675556, 0.41226150548391094, 0.6392996575483985, 1.89486900463771, 0.4356550633810453, 0.27134067631095343, -0.03243835255181951, 2.1987217510513566, 0.592456952431766, 0.9778114465807944, 0.02105539630970398, 1.5736120428713885, 0.2174854949003068, 0.6184672444387176, 0.3184070932040703, 1.0579649401179534, -0.07865038049580954, 0.5532352959294967, 0.6383426907292374, -0.19028658292570813, 0.27377736640808376, 2.1798058093313517, 0.39275764195826635, 0.8642798981110654, 0.2285486312306495, 0.217579602041855, -0.19798940507922017, 0.23245783943428436, 0.6621859898064141, 0.731500793537227, -0.0033009674277453193, -0.45450679108080033, -0.5410762828660891, 0.023602918568986202, 0.10557727659172783, 1.3917895520747727, 0.28380762571517076, -0.19891146749002242, 0.32052201419268095, 1.0415388260843415, 0.3814515816536002, 0.48100693472227124, 1.073605636243511, -0.1588066662596156, 0.5039300713963597, 0.17820382995616743, 0.2214586147441835]}, "info": {"pct_words_masked": 0.3, "span_length": 2, "n_perturbations": 10}, "general": {"acc_test": 0.65, "precision_test": 0.6595744680851063, "recall_test": 0.62, "f1_test": 0.6391752577319586, "auc_test": 0.6648}}
{"name": "GPT-sentinel", "acc": 0.94}
{"name": "roberta-base-openai-detector", "predictions": {"test": [0.006536569446325302, 0.0006312626646831632, 0.9974907636642456, 0.9998112320899963, 0.0030508865602314472, 0.0004289714270271361, 0.9881882071495056, 0.0002220114547526464, 0.0004338046710472554, 0.00017413556633982807, 0.006840709131211042, 0.00018100910529028624, 0.9998262524604797, 0.00019872444681823254, 0.9998181462287903, 0.010207030922174454, 0.9912095069885254, 0.0002069103647954762, 0.9656395316123962, 0.00023128557950258255, 0.9998177886009216, 0.00040281188557855785, 0.9995265007019043, 0.0004500072682276368, 0.853000283241272, 0.00042510475032031536, 0.9998247027397156, 0.0001798461307771504, 0.0716547966003418, 0.00019509141566231847, 0.5414109826087952, 0.0001858769974205643, 0.9998212456703186, 0.0002280789485666901, 0.9378952980041504, 0.00030512487865053117, 0.9995137453079224, 0.00023657210113015026, 0.0036975527182221413, 0.00040046253707259893, 0.9997444748878479, 0.00026248994981870055, 0.0002609548100735992, 0.00042509083868935704, 0.005689520388841629, 0.0003548466193024069, 0.9997946619987488, 0.0001852338609751314, 0.9997702240943909, 0.00044601832632906735, 0.999795138835907, 0.0005094254156574607, 0.9962970614433289, 0.0002568842319305986, 0.500768780708313, 0.00024397563538514078, 0.9951270818710327, 0.00017564606969244778, 0.9993368983268738, 0.000187693236512132, 0.9998190999031067, 0.00017259755986742675, 0.9998267292976379, 0.00030914280796423554, 0.9994833469390869, 0.0002299129992024973, 0.576957106590271, 0.000521217763889581, 0.9582013487815857, 0.00020902234246023, 0.9998145699501038, 0.00031797835254110396, 0.002001055981963873, 0.0003512334660626948, 0.9998192191123962, 0.000178125366801396, 0.9998183846473694, 0.0002442491240799427, 0.47972092032432556, 0.00037932328996248543, 0.9240918159484863, 0.0003961439069826156, 0.9403393268585205, 0.00025263868155889213, 0.009785761125385761, 0.0001767658832250163, 0.00016784612671472132, 0.00031369092175737023, 0.9963208436965942, 0.00028194751939736307, 0.5325238704681396, 0.000245065544731915, 0.999825656414032, 0.0001944534742506221, 0.0009392796200700104, 0.000247415155172348, 0.9633320569992065, 0.00018789003661368042, 0.00030692326254211366, 0.00022967746190261096]}, "logits": {"test": [-2.70123553276062, -3.934699296951294, 3.1438236236572266, 4.665739059448242, -3.093670129776001, -4.181730270385742, 2.2603542804718018, -4.552999019622803, -4.176973342895508, -4.68892765045166, -2.678696393966675, -4.672659397125244, 4.699390411376953, -4.6149582862854, 4.665229797363281, -2.4115169048309326, 2.425281286239624, -4.596930027008057, 1.6752040386199951, -4.529937267303467, 4.680624008178711, -4.215900897979736, 4.100152492523193, -4.152346611022949, 0.8379549980163574, -4.187204360961914, 4.695990562438965, -4.673917293548584, -1.4082235097885132, -4.630770206451416, 0.018905648961663246, -4.657650470733643, 4.687295913696289, -4.538774490356445, 1.341737985610962, -4.376811504364014, 4.086246967315674, -4.518950939178467, -3.029310703277588, -4.2199811935424805, 4.4613237380981445, -4.461452484130859, -4.460757255554199, -4.18044376373291, -2.772446632385254, -4.283666133880615, 4.628896236419678, -4.653285980224609, 4.525841236114502, -4.158275604248047, 4.6261091232299805, -4.0825090408325195, 2.913271903991699, -4.473326206207275, -0.08459390699863434, -4.501387596130371, 2.759982109069824, -4.678138732910156, 3.895282745361328, -4.650439262390137, 4.669209957122803, -4.696626663208008, 4.704310894012451, -4.356659889221191, 4.047172546386719, -4.52699089050293, 0.0918278768658638, -4.068593978881836, 1.5604559183120728, -4.580018043518066, 4.652621269226074, -4.340236186981201, -3.356916904449463, -4.289332866668701, 4.67038631439209, -4.67575740814209, 4.68033504486084, -4.499889373779297, -0.11503172665834427, -4.251472473144531, 1.2295043468475342, -4.2228169441223145, 1.3615641593933105, -4.475741863250732, -2.478195905685425, -4.671727180480957, -4.720663547515869, -4.36063814163208, 2.916564702987671, -4.425965309143066, 0.0012409593909978867, -4.501306533813477, 4.6983723640441895, -4.630242824554443, -3.742783784866333, -4.491609573364258, 1.6460037231445312, -4.650595664978027, -4.367842197418213, -4.530383586883545]}, "acc_test": 0.85, "precision_test": 0.972972972972973, "recall_test": 0.72, "f1_test": 0.8275862068965518, "auc_test": 0.9436, "preds": [0.006536569446325302, 0.9974907636642456, 0.0030508865602314472, 0.9881882071495056, 0.0004338046710472554, 0.006840709131211042, 0.9998262524604797, 0.9998181462287903, 0.9912095069885254, 0.9656395316123962, 0.9998177886009216, 0.9995265007019043, 0.853000283241272, 0.9998247027397156, 0.0716547966003418, 0.5414109826087952, 0.9998212456703186, 0.9378952980041504, 0.9995137453079224, 0.0036975527182221413, 0.9997444748878479, 0.0002609548100735992, 0.005689520388841629, 0.9997946619987488, 0.9997702240943909, 0.999795138835907, 0.9962970614433289, 0.500768780708313, 0.9951270818710327, 0.9993368983268738, 0.9998190999031067, 0.9998267292976379, 0.9994833469390869, 0.576957106590271, 0.9582013487815857, 0.9998145699501038, 0.002001055981963873, 0.9998192191123962, 0.9998183846473694, 0.47972092032432556, 0.9240918159484863, 0.9403393268585205, 0.009785761125385761, 0.00016784612671472132, 0.9963208436965942, 0.5325238704681396, 0.999825656414032, 0.0009392796200700104, 0.9633320569992065, 0.00030692326254211366]}
{"name": "Hello-SimpleAI/chatgpt-detector-roberta", "predictions": {"test": [0.0009962634649127722, 0.0013824523193761706, 0.16868236660957336, 0.025299405679106712, 0.8621002435684204, 0.007334750145673752, 0.06861506402492523, 0.02430029585957527, 0.9960811734199524, 0.05918016657233238, 0.00958183128386736, 0.0017023943364620209, 0.9992426633834839, 0.00036717363400384784, 0.9992423057556152, 0.14383536577224731, 0.9989383816719055, 0.016832392662763596, 0.9992268085479736, 0.1332939714193344, 0.9992311000823975, 0.8392273187637329, 0.9966063499450684, 0.008828033693134785, 0.9992161989212036, 0.9779930114746094, 0.9992437362670898, 0.9991211295127869, 0.0171382874250412, 0.006627887953072786, 0.002898553851991892, 0.9925895929336548, 0.9951501488685608, 0.06612760573625565, 0.9992378950119019, 0.9576152563095093, 0.9992333650588989, 0.1709718257188797, 0.9992222785949707, 0.02924012579023838, 0.9721716642379761, 0.001072755316272378, 0.9759089350700378, 0.00481881108134985, 0.013431432656943798, 0.0011984686134383082, 0.9992374181747437, 0.10189931839704514, 0.9990092515945435, 0.9966118931770325, 0.9992332458496094, 0.9554559588432312, 0.9992413520812988, 0.0024188384413719177, 0.9992509484291077, 0.29198282957077026, 0.06800112128257751, 0.00033357759821228683, 0.9992419481277466, 0.04984494298696518, 0.003248291090130806, 0.0018093446269631386, 0.999241828918457, 0.01102516520768404, 0.9992446899414062, 0.015147422440350056, 0.000914151081815362, 0.0004114018811378628, 0.999237060546875, 0.9842484593391418, 0.9992399215698242, 0.006583488080650568, 0.027151620015501976, 0.0736812949180603, 0.999133288860321, 0.01607852801680565, 0.9985778331756592, 0.8648221492767334, 0.9840824604034424, 0.013021543622016907, 0.004195462912321091, 0.0009446879848837852, 0.9992469549179077, 0.00044347537914291024, 0.997043788433075, 0.24575868248939514, 0.060587022453546524, 0.0014749988913536072, 0.9992426633834839, 0.9854381084442139, 0.015838991850614548, 0.000470286380732432, 0.9991521835327148, 0.022047556936740875, 0.3815186321735382, 0.01610266976058483, 0.9982050657272339, 0.8859190344810486, 0.0015880806604400277, 0.006257433444261551]}, "logits": {"test": [-3.1972544193267822, -3.068603754043579, -0.9075888395309448, -1.825825572013855, 0.9235341548919678, -2.3733346462249756, -1.3630586862564087, -1.8445385694503784, 2.5037178993225098, -1.4334827661514282, -2.2571794986724854, -2.9852848052978516, 3.124406337738037, -3.5624876022338867, 3.1243560314178467, -0.9933688044548035, 3.0209875106811523, -2.008676767349243, 3.1232173442840576, -1.0332690477371216, 3.123755931854248, 0.844881534576416, 2.562880754470825, -2.2929019927978516, 3.120880365371704, 1.7704683542251587, 3.1245534420013428, 3.0874009132385254, -2.000653028488159, -2.417081356048584, -2.7673845291137695, 2.237867832183838, 2.415452718734741, -1.3807380199432373, 3.123915195465088, 1.4800206422805786, 3.1238906383514404, -0.9003083109855652, 3.1223535537719727, -1.7601540088653564, 1.6674219369888306, -3.168485164642334, 1.7308554649353027, -2.553571939468384, -2.108802556991577, -3.1250760555267334, 3.1239664554595947, -1.1699824333190918, 3.0459628105163574, 2.563581705093384, 3.1238901615142822, 1.4576278924942017, 3.1241984367370605, -2.8422000408172607, 3.1246111392974854, -0.5803459882736206, -1.3673738241195679, -3.5940191745758057, 3.1242525577545166, -1.5142585039138794, -2.7199478149414062, -2.960684061050415, 3.124329090118408, -2.1957428455352783, 3.124661684036255, -2.0555737018585205, -3.2304863929748535, -3.524038553237915, 3.1239078044891357, 1.9158378839492798, 3.1240274906158447, -2.4199795722961426, -1.7938164472579956, -1.3288401365280151, 3.0919361114501953, -2.029064655303955, 2.910634994506836, 0.9349801540374756, 1.911298394203186, -2.122497320175171, -2.612332820892334, -3.2178189754486084, 3.124890089035034, -3.498072624206543, 2.6192686557769775, -0.689576268196106, -1.4223403930664062, -3.042797803878784, 3.124293565750122, 1.9497305154800415, -2.035736322402954, -3.4774539470672607, 3.0990164279937744, -1.8878685235977173, -0.11647064983844757, -2.0284087657928467, 2.8196611404418945, 1.017777919769287, -3.0132291316986084, -2.441828966140747]}, "acc_test": 0.73, "precision_test": 0.7555555555555555, "recall_test": 0.68, "f1_test": 0.7157894736842104, "auc_test": 0.8028, "preds": [0.0009962634649127722, 0.16868236660957336, 0.8621002435684204, 0.06861506402492523, 0.9960811734199524, 0.00958183128386736, 0.9992426633834839, 0.9992423057556152, 0.9989383816719055, 0.9992268085479736, 0.9992311000823975, 0.9966063499450684, 0.9992161989212036, 0.9992437362670898, 0.0171382874250412, 0.002898553851991892, 0.9951501488685608, 0.9992378950119019, 0.9992333650588989, 0.9992222785949707, 0.9721716642379761, 0.9759089350700378, 0.013431432656943798, 0.9992374181747437, 0.9990092515945435, 0.9992332458496094, 0.9992413520812988, 0.9992509484291077, 0.06800112128257751, 0.9992419481277466, 0.003248291090130806, 0.999241828918457, 0.9992446899414062, 0.000914151081815362, 0.999237060546875, 0.9992399215698242, 0.027151620015501976, 0.999133288860321, 0.9985778331756592, 0.9840824604034424, 0.004195462912321091, 0.9992469549179077, 0.997043788433075, 0.060587022453546524, 0.9992426633834839, 0.015838991850614548, 0.9991521835327148, 0.3815186321735382, 0.9982050657272339, 0.0015880806604400277]}
{"name": "distilbert-base-uncased", "predictions": {"test": [0.48161718249320984, 0.0020343787036836147, 0.7522616982460022, 0.006344696972519159, 0.8155748844146729, 0.0031741491984575987, 0.7356805205345154, 0.0031581781804561615, 0.8629738688468933, 0.0012447710614651442, 0.6990696787834167, 0.001457239268347621, 0.7527149319648743, 0.0015199186746031046, 0.8139375448226929, 0.0017779242480173707, 0.7768644690513611, 0.0017452121246606112, 0.8712441325187683, 0.002775093074887991, 0.8219460248947144, 0.001990365795791149, 0.8458155989646912, 0.002592105884104967, 0.8104368448257446, 0.0020488922018557787, 0.8009618520736694, 0.0063971648924052715, 0.9342074990272522, 0.0029631538782268763, 0.7873027324676514, 0.001872325548902154, 0.8315998315811157, 0.002298214705660939, 0.8425537943840027, 0.002695259638130665, 0.8412158489227295, 0.0018856729147955775, 0.8307185769081116, 0.0030965320765972137, 0.8538981080055237, 0.0018517406424507499, 0.8295847177505493, 0.003833798225969076, 0.7216195464134216, 0.0018183066276833415, 0.6444344520568848, 0.007707723882049322, 0.43631237745285034, 0.002483091549947858, 0.8703572154045105, 0.0024077354464679956, 0.7535969018936157, 0.0019096587784588337, 0.7947555184364319, 0.0016182995168492198, 0.934917688369751, 0.0014803108060732484, 0.8546769618988037, 0.002012035343796015, 0.8069509863853455, 0.001999911619350314, 0.8477131128311157, 0.002706127241253853, 0.7992243766784668, 0.0014617304550483823, 0.7248653173446655, 0.001420586253516376, 0.7794536352157593, 0.0016419690800830722, 0.796239972114563, 0.0033128003124147654, 0.9681373238563538, 0.001393088954500854, 0.8124379515647888, 0.0032724461052566767, 0.7632845044136047, 0.0017453035106882453, 0.8158531785011292, 0.0018244957318529487, 0.7548676133155823, 0.00196505687199533, 0.8928329348564148, 0.0031905777286738157, 0.8629323840141296, 0.0013372870162129402, 0.8235986828804016, 0.002368292771279812, 0.8028469085693359, 0.0046948459930717945, 0.27685806155204773, 0.0027685831300914288, 0.9951800107955933, 0.0017995703965425491, 0.7918285727500916, 0.002032878343015909, 0.8114799857139587, 0.0034771268256008625, 0.732360303401947, 0.0020283530466258526]}, "logits": {"test": [0.11833446472883224, -3.1114227771759033, 0.6636995077133179, -2.485811948776245, 0.8735840320587158, -2.8592686653137207, 0.6226944327354431, -2.854971170425415, 1.058165431022644, -3.4408376216888428, 0.5273521542549133, -3.3283472061157227, 0.6323469281196594, -3.3132266998291016, 0.8380433917045593, -3.2181849479675293, 0.7006825804710388, -3.2212741374969482, 1.0739781856536865, -2.9526305198669434, 0.867880642414093, -3.1469502449035645, 0.9481094479560852, -3.0044989585876465, 0.7949860095977783, -3.121969699859619, 0.7703168392181396, -2.4777779579162598, 1.4558035135269165, -2.9304065704345703, 0.786008894443512, -3.1763195991516113, 0.9483161568641663, -3.0529439449310303, 0.9359004497528076, -2.9699923992156982, 0.9198761582374573, -3.1522624492645264, 0.9195145964622498, -2.8581461906433105, 1.092327356338501, -3.170984983444214, 0.9303606152534485, -2.7768969535827637, 0.5894816517829895, -3.1900527477264404, 0.4082507789134979, -2.403656244277954, -0.04776313155889511, -2.992872714996338, 1.0476351976394653, -3.0183629989624023, 0.6546953320503235, -3.173170566558838, 0.7620522975921631, -3.2646403312683105, 1.4491904973983765, -3.2945518493652344, 1.0030690431594849, -3.14229679107666, 0.8011209964752197, -3.163553237915039, 0.9512215852737427, -2.9457509517669678, 0.7988150715827942, -3.349576473236084, 0.5616695284843445, -3.367178201675415, 0.7372373938560486, -3.2672486305236816, 0.7677778005599976, -2.8227603435516357, 1.878146767616272, -3.3404431343078613, 0.7629032135009766, -2.913029193878174, 0.6705402135848999, -3.20700740814209, 0.869209349155426, -3.1568422317504883, 0.6716083288192749, -3.1371989250183105, 1.2045809030532837, -2.883352279663086, 1.0284106731414795, -3.3731961250305176, 0.914969265460968, -3.0193216800689697, 0.8005889654159546, -2.676868438720703, -0.4004082977771759, -2.9426932334899902, 2.9001693725585938, -3.2056009769439697, 0.77364581823349, -3.128910779953003, 0.8824285268783569, -2.816991090774536, 0.640602171421051, -3.1420795917510986]}, "acc_test": 0.97, "precision_test": 1.0, "recall_test": 0.94, "f1_test": 0.9690721649484536, "auc_test": 1.0, "preds": [0.48161718249320984, 0.7522616982460022, 0.8155748844146729, 0.7356805205345154, 0.8629738688468933, 0.6990696787834167, 0.7527149319648743, 0.8139375448226929, 0.7768644690513611, 0.8712441325187683, 0.8219460248947144, 0.8458155989646912, 0.8104368448257446, 0.8009618520736694, 0.9342074990272522, 0.7873027324676514, 0.8315998315811157, 0.8425537943840027, 0.8412158489227295, 0.8307185769081116, 0.8538981080055237, 0.8295847177505493, 0.7216195464134216, 0.6444344520568848, 0.43631237745285034, 0.8703572154045105, 0.7535969018936157, 0.7947555184364319, 0.934917688369751, 0.8546769618988037, 0.8069509863853455, 0.8477131128311157, 0.7992243766784668, 0.7248653173446655, 0.7794536352157593, 0.796239972114563, 0.9681373238563538, 0.8124379515647888, 0.7632845044136047, 0.8158531785011292, 0.7548676133155823, 0.8928329348564148, 0.8629323840141296, 0.8235986828804016, 0.8028469085693359, 0.27685806155204773, 0.9951800107955933, 0.7918285727500916, 0.8114799857139587, 0.732360303401947]}
{"name": "Radar", "total_logits": [[[1.7240431308746338, -2.2458672523498535]], [[-2.260815382003784, 1.9254289865493774]], [[3.7995612621307373, -3.8908488750457764]], [[2.3780462741851807, -2.525513172149658]], [[-2.224555253982544, 2.0030903816223145]], [[-2.323241710662842, 2.125882625579834]], [[2.8867311477661133, -3.2424943447113037]], [[-2.223829507827759, 1.8452976942062378]], [[2.059614419937134, -2.7694363594055176]], [[-0.23054534196853638, -0.4446413516998291]], [[-0.3519223928451538, 0.275648832321167]], [[-3.0264205932617188, 2.6960411071777344]], [[2.2123520374298096, -2.558323860168457]], [[-2.164018154144287, 1.7399293184280396]], [[3.3841347694396973, -3.6487317085266113]], [[-1.1705530881881714, 0.7755700349807739]], [[0.510174036026001, -0.89267498254776]], [[-1.8957880735397339, 1.5424555540084839]], [[2.7240700721740723, -2.950345039367676]], [[-1.1543399095535278, 0.6689574122428894]], [[1.3950411081314087, -1.9008957147598267]], [[-2.6961145401000977, 2.4086880683898926]], [[1.6567531824111938, -2.2536230087280273]], [[-2.1946218013763428, 1.9537276029586792]], [[2.2903337478637695, -2.448124647140503]], [[-2.804253339767456, 2.416273355484009]], [[2.1432387828826904, -2.5107667446136475]], [[-1.859708547592163, 1.4274626970291138]], [[-0.05098256841301918, -0.3692828416824341]], [[-2.326420783996582, 2.171342372894287]], [[1.4581633806228638, -1.7780956029891968]], [[-1.9883978366851807, 1.6168676614761353]], [[3.8276047706604004, -4.026717185974121]], [[-1.667223334312439, 1.4567523002624512]], [[3.4898786544799805, -3.4939048290252686]], [[-2.360031843185425, 2.00022292137146]], [[2.534410238265991, -2.7574963569641113]], [[-2.860961675643921, 2.430344820022583]], [[-0.2438751608133316, -0.32487499713897705]], [[-2.2150726318359375, 1.7892427444458008]], [[3.111783981323242, -3.3262033462524414]], [[-2.4874935150146484, 2.412654161453247]], [[-0.31062307953834534, -0.005693064071238041]], [[-1.7307603359222412, 1.3329473733901978]], [[-2.4487428665161133, 2.2685658931732178]], [[-2.725257635116577, 2.5060508251190186]], [[0.872596800327301, -1.4114699363708496]], [[-2.191815137863159, 1.8427304029464722]], [[2.2326908111572266, -2.4814188480377197]], [[-1.5092662572860718, 1.1558347940444946]], [[2.602125644683838, -2.857874631881714]], [[-0.8928598165512085, 0.5837960243225098]], [[2.009793281555176, -2.411278486251831]], [[-2.5531818866729736, 2.36850905418396]], [[2.5515098571777344, -3.041923761367798]], [[-1.635867953300476, 1.199803352355957]], [[3.447613477706909, -3.541747808456421]], [[-0.13080136477947235, -0.35715070366859436]], [[3.5575644969940186, -3.7471446990966797]], [[-0.971157968044281, 0.40786048769950867]], [[2.735283136367798, -3.0605595111846924]], [[-0.7747443914413452, 0.4942489266395569]], [[3.0276355743408203, -3.352102756500244]], [[-1.9374850988388062, 1.559075951576233]], [[3.4197323322296143, -3.640571355819702]], [[-1.0788882970809937, 0.6859773993492126]], [[-0.40974241495132446, -0.12415158748626709]], [[-2.4197046756744385, 2.1620945930480957]], [[0.948173999786377, -1.3957879543304443]], [[-2.708509922027588, 2.362546920776367]], [[3.395944356918335, -3.585481643676758]], [[-2.0294480323791504, 1.520128846168518]], [[1.3351181745529175, -1.7044453620910645]], [[-2.2535476684570312, 1.9713996648788452]], [[-1.0543197393417358, 0.6528193950653076]], [[-2.1036739349365234, 1.79112708568573]], [[1.469913125038147, -1.9997608661651611]], [[-2.1363959312438965, 1.8398436307907104]], [[-0.3919692933559418, 0.1660342812538147]], [[-2.3475987911224365, 2.2089498043060303]], [[3.5549848079681396, -3.828080177307129]], [[-1.8536770343780518, 1.4049183130264282]], [[3.1855783462524414, -3.3750481605529785]], [[-0.9226643443107605, 0.331944078207016]], [[-0.6970212459564209, 0.4839181900024414]], [[-2.39363431930542, 2.108981132507324]], [[-1.6625343561172485, 1.4555367231369019]], [[-2.028428316116333, 1.8180111646652222]], [[2.511894702911377, -2.7949535846710205]], [[-2.148054361343384, 1.8270374536514282]], [[1.482890248298645, -1.9429073333740234]], [[-1.980522871017456, 1.4482170343399048]], [[3.0401623249053955, -3.243602991104126]], [[-1.6003994941711426, 1.2800164222717285]], [[3.2969510555267334, -3.4583778381347656]], [[-1.630608081817627, 1.077730417251587]], [[2.963127613067627, -3.3529465198516846]], [[-2.3949403762817383, 2.126359462738037]], [[-0.5936567187309265, -0.0031878845766186714]], [[-2.1843740940093994, 1.8313461542129517]]], "acc": 0.87, "Notice": "LABEL_0 stands for MGT and LABEL_1 stands for HWT."}
{"name": "Retrained GPT-sentinel", "before": {"acc_test": 0.92, "precision_test": 1.0, "recall_test": 0.84, "f1_test": 0.9130434782608696, "auc_test": 1.0}, "acc_test": 0.94, "precision_test": 1.0, "recall_test": 0.88, "f1_test": 0.9361702127659575, "auc_test": 0.9976}
