{"name": "likelihood_threshold", "predictions": {"test": [-3.3712151050567627, -3.197319507598877, -3.238840341567993, -3.1106767654418945, -3.3239965438842773, -3.483752965927124, -2.7937841415405273, -2.559431552886963, -3.434705972671509, -2.9220380783081055, -3.4515175819396973, -3.627936363220215, -3.3971855640411377, -3.0835392475128174, -2.5985474586486816, -2.7186949253082275, -3.30031681060791, -3.143124580383301, -2.7439656257629395, -3.1511900424957275, -2.7428267002105713, -3.4227569103240967, -2.63519549369812, -2.7879393100738525, -2.9931280612945557, -3.2498979568481445, -2.5249130725860596, -3.3101418018341064, -3.3991904258728027, -3.249077558517456, -2.9326391220092773, -3.022451877593994, -2.8726301193237305, -3.3524255752563477, -3.688040256500244, -3.685779333114624, -2.0259244441986084, -2.7686758041381836, -3.037936210632324, -4.1127190589904785, -2.6351158618927, -3.3229737281799316, -3.3495986461639404, -3.1848037242889404, -2.561140298843384, -2.851383924484253, -3.2042198181152344, -3.340991497039795, -2.949725389480591, -2.8097174167633057, -2.3653883934020996, -3.100554943084717, -3.359424352645874, -2.92744517326355, -2.752952814102173, -2.865732192993164, -3.133976936340332, -3.4191689491271973, -2.997060537338257, -3.3712148666381836, -2.8005945682525635, -2.7507050037384033, -2.805887222290039, -3.2380850315093994, -3.516329765319824, -3.81430721282959, -2.775512456893921, -3.0289437770843506, -3.1485607624053955, -3.1127688884735107, -2.5774950981140137, -2.4685521125793457, -2.923865556716919, -3.1748201847076416, -3.0356156826019287, -2.653822422027588, -4.216270923614502, -3.721132755279541, -2.957991600036621, -3.29359769821167, -3.07038950920105, -3.064150333404541, -2.9090652465820312, -3.155567169189453, -3.0097849369049072, -3.1256484985351562, -3.177766799926758, -3.324493885040283, -3.5633082389831543, -3.236172676086426, -2.5133750438690186, -3.0556509494781494, -2.8590474128723145, -2.9755966663360596, -2.676365613937378, -3.028151273727417, -3.4223413467407227, -3.8252036571502686, -3.6582396030426025, -3.477696180343628]}, "acc_test": 0.55, "precision_test": 0.5396825396825397, "recall_test": 0.68, "f1_test": 0.6017699115044247, "auc_test": 0.6099999999999999}
{"name": "rank_threshold", "predictions": {"test": [-159.1727752685547, -344.90740966796875, -134.95419311523438, -131.81118774414062, -115.99137878417969, -279.8344421386719, -96.11111450195312, -88.89115142822266, -130.51922607421875, -139.446533203125, -174.16773986816406, -382.59478759765625, -275.370361328125, -128.6844940185547, -19.07826042175293, -143.3913116455078, -121.86884307861328, -126.49090576171875, -72.13793182373047, -245.87820434570312, -38.825504302978516, -303.8888854980469, -55.79452133178711, -123.97468566894531, -237.125, -215.74545288085938, -47.39411926269531, -342.2605895996094, -113.4765625, -151.30201721191406, -74.21126556396484, -84.07142639160156, -36.67222213745117, -54.80864334106445, -209.55714416503906, -185.1234588623047, -15.815476417541504, -59.90860366821289, -178.11038208007812, -353.5856628417969, -57.67597579956055, -338.190185546875, -178.60293579101562, -127.00609588623047, -38.81632614135742, -107.79267883300781, -107.71794891357422, -134.1241912841797, -39.66666793823242, -254.44586181640625, -39.4591178894043, -122.47333526611328, -120.11428833007812, -167.76087951660156, -50.077518463134766, -205.20730590820312, -98.23333740234375, -257.59375, -63.51704788208008, -187.7663116455078, -36.51592254638672, -39.546051025390625, -61.795772552490234, -89.87574005126953, -137.0546875, -306.87249755859375, -54.94630813598633, -164.5, -134.27951049804688, -89.24285888671875, -47.888893127441406, -148.44927978515625, -48.679012298583984, -100.55033874511719, -80.51282501220703, -139.7385711669922, -230.0, -261.664794921875, -233.53164672851562, -309.1190490722656, -53.730430603027344, -62.050724029541016, -32.00806427001953, -92.05594635009766, -65.41954040527344, -94.96470642089844, -224.32652282714844, -147.56082153320312, -116.69629669189453, -169.356689453125, -26.654321670532227, -61.53845977783203, -37.95121765136719, -71.43225860595703, -44.3684196472168, -121.60588836669922, -182.24160766601562, -575.9876098632812, -185.96026611328125, -205.77438354492188]}, "acc_test": 0.58, "precision_test": 0.5571428571428572, "recall_test": 0.78, "f1_test": 0.65, "auc_test": 0.7432}
{"name": "log_rank_threshold", "predictions": {"test": [-1.9013102054595947, -1.6615945100784302, -1.735055923461914, -1.620785117149353, -1.7564570903778076, -1.8776754140853882, -1.4212130308151245, -1.2129688262939453, -1.852636456489563, -1.5587868690490723, -1.9524472951889038, -2.0641634464263916, -1.8354514837265015, -1.660825490951538, -1.2941840887069702, -1.2980594635009766, -1.792506217956543, -1.585797667503357, -1.384696125984192, -1.6418120861053467, -1.3752175569534302, -1.8367359638214111, -1.3687260150909424, -1.3715580701828003, -1.6170164346694946, -1.7334626913070679, -1.2983208894729614, -1.7484071254730225, -1.8584481477737427, -1.6818459033966064, -1.5659890174865723, -1.5107784271240234, -1.440777063369751, -1.754647970199585, -2.058101177215576, -2.0148439407348633, -0.933668851852417, -1.388899564743042, -1.628676176071167, -2.307927370071411, -1.2727526426315308, -1.6993448734283447, -1.8725117444992065, -1.6749334335327148, -1.2274327278137207, -1.4064280986785889, -1.7708395719528198, -1.726657509803772, -1.5920696258544922, -1.4103633165359497, -1.132987380027771, -1.636112093925476, -1.816757082939148, -1.4486064910888672, -1.476366400718689, -1.462693691253662, -1.6774533987045288, -1.8737419843673706, -1.5356525182724, -1.8258317708969116, -1.3684285879135132, -1.3430064916610718, -1.476950764656067, -1.6887171268463135, -1.8875994682312012, -2.155956506729126, -1.3508955240249634, -1.5106306076049805, -1.7067689895629883, -1.6423453092575073, -1.2326325178146362, -1.137257695198059, -1.5341845750808716, -1.665698528289795, -1.5825448036193848, -1.3393255472183228, -2.4377949237823486, -2.09210467338562, -1.4841787815093994, -1.7925723791122437, -1.6394904851913452, -1.5216152667999268, -1.4644736051559448, -1.6085350513458252, -1.5095463991165161, -1.6404814720153809, -1.6784262657165527, -1.7917579412460327, -1.9812933206558228, -1.7340331077575684, -1.165080189704895, -1.5653327703475952, -1.4618878364562988, -1.5030066967010498, -1.3961418867111206, -1.6020511388778687, -1.9016934633255005, -2.2126431465148926, -2.0253937244415283, -1.8349379301071167]}, "acc_test": 0.52, "precision_test": 0.5161290322580645, "recall_test": 0.64, "f1_test": 0.5714285714285714, "auc_test": 0.5688}
{"name": "entropy_threshold", "predictions": {"test": [3.6181774139404297, 3.946267604827881, 3.312150001525879, 3.2134385108947754, 3.4731929302215576, 3.528266668319702, 2.9733095169067383, 2.9968161582946777, 3.1991498470306396, 3.2061307430267334, 3.688009023666382, 3.791299819946289, 3.3368022441864014, 3.2502710819244385, 3.0058088302612305, 3.197566032409668, 3.3201537132263184, 3.421308994293213, 3.242306709289551, 3.4592230319976807, 3.077242136001587, 3.3327584266662598, 2.688918113708496, 2.802168130874634, 3.47050404548645, 3.696507453918457, 3.0521650314331055, 3.569157838821411, 3.379026412963867, 3.4479165077209473, 3.1865391731262207, 3.3963258266448975, 3.1780283451080322, 3.4852309226989746, 3.53408145904541, 3.6460540294647217, 2.3095703125, 2.887233257293701, 3.4508302211761475, 4.229419708251953, 2.8299078941345215, 3.4590277671813965, 3.6273324489593506, 3.5271694660186768, 3.111145257949829, 3.30265212059021, 3.184560537338257, 3.3219499588012695, 3.210798740386963, 3.178894281387329, 3.0667073726654053, 3.523080348968506, 3.2379674911499023, 3.2134454250335693, 3.082786798477173, 3.1708760261535645, 3.313776731491089, 3.6047165393829346, 3.2277729511260986, 3.4474222660064697, 3.08831524848938, 3.2342169284820557, 3.033587694168091, 3.5126945972442627, 3.3921592235565186, 3.7993786334991455, 2.8106327056884766, 2.912135601043701, 3.354616641998291, 3.406130790710449, 3.0492899417877197, 2.7599544525146484, 2.9591078758239746, 3.293154239654541, 2.836313247680664, 2.7151429653167725, 4.049199104309082, 3.722368001937866, 3.3176324367523193, 3.5750014781951904, 3.334264039993286, 3.2250869274139404, 3.2579681873321533, 3.6716833114624023, 2.966290235519409, 3.3182661533355713, 3.307291269302368, 3.5578505992889404, 3.5957818031311035, 3.461763381958008, 3.1861157417297363, 3.292348861694336, 3.4557688236236572, 3.2560622692108154, 2.9923834800720215, 3.2721877098083496, 3.6310813426971436, 3.973037004470825, 3.7222788333892822, 3.587005853652954]}, "acc_test": 0.57, "precision_test": 0.5443037974683544, "recall_test": 0.86, "f1_test": 0.6666666666666666, "auc_test": 0.6563999999999999}
{"name": "rank_GLTR_threshold", "predictions": {"test": [[0.680628272251309, 0.18324607329842932, 0.09424083769633508, 0.041884816753926704], [0.7222222222222222, 0.14814814814814814, 0.08641975308641975, 0.043209876543209874], [0.7175572519083969, 0.15267175572519084, 0.08396946564885496, 0.04580152671755725], [0.7622377622377622, 0.15384615384615385, 0.055944055944055944, 0.027972027972027972], [0.6637931034482759, 0.2672413793103448, 0.02586206896551724, 0.04310344827586207], [0.695364238410596, 0.19205298013245034, 0.059602649006622516, 0.052980132450331126], [0.7948717948717948, 0.09401709401709402, 0.08547008547008547, 0.02564102564102564], [0.8435374149659864, 0.08843537414965986, 0.047619047619047616, 0.02040816326530612], [0.6666666666666666, 0.1858974358974359, 0.11538461538461539, 0.03205128205128205], [0.7672955974842768, 0.12578616352201258, 0.06289308176100629, 0.0440251572327044], [0.6516129032258065, 0.1935483870967742, 0.0967741935483871, 0.05806451612903226], [0.6666666666666666, 0.13725490196078433, 0.13725490196078433, 0.058823529411764705], [0.6666666666666666, 0.17901234567901234, 0.10493827160493827, 0.04938271604938271], [0.7058823529411765, 0.17647058823529413, 0.09090909090909091, 0.026737967914438502], [0.808695652173913, 0.11304347826086956, 0.0782608695652174, 0.0], [0.8115942028985508, 0.12318840579710146, 0.036231884057971016, 0.028985507246376812], [0.7295081967213115, 0.1557377049180328, 0.08196721311475409, 0.03278688524590164], [0.7515151515151515, 0.13333333333333333, 0.07878787878787878, 0.03636363636363636], [0.7517241379310344, 0.20689655172413793, 0.020689655172413793, 0.020689655172413793], [0.6987179487179487, 0.23076923076923078, 0.04487179487179487, 0.02564102564102564], [0.7919463087248322, 0.12080536912751678, 0.08053691275167785, 0.006711409395973154], [0.7, 0.18333333333333332, 0.05, 0.06666666666666667], [0.7602739726027398, 0.1506849315068493, 0.0821917808219178, 0.00684931506849315], [0.7721518987341772, 0.13924050632911392, 0.06962025316455696, 0.0189873417721519], [0.75, 0.1125, 0.1125, 0.025], [0.7212121212121212, 0.15151515151515152, 0.09090909090909091, 0.03636363636363636], [0.7647058823529411, 0.17058823529411765, 0.058823529411764705, 0.0058823529411764705], [0.6909090909090909, 0.18787878787878787, 0.07878787878787878, 0.04242424242424243], [0.65625, 0.2421875, 0.0625, 0.0390625], [0.738255033557047, 0.1476510067114094, 0.09395973154362416, 0.020134228187919462], [0.7183098591549296, 0.1619718309859155, 0.09154929577464789, 0.028169014084507043], [0.7272727272727273, 0.17532467532467533, 0.08441558441558442, 0.012987012987012988], [0.7388888888888889, 0.16666666666666666, 0.08888888888888889, 0.005555555555555556], [0.654320987654321, 0.2654320987654321, 0.07407407407407407, 0.006172839506172839], [0.6285714285714286, 0.25, 0.05, 0.07142857142857142], [0.6296296296296297, 0.24074074074074073, 0.09876543209876543, 0.030864197530864196], [0.8452380952380952, 0.11904761904761904, 0.03571428571428571, 0.0], [0.7634408602150538, 0.15591397849462366, 0.06989247311827956, 0.010752688172043012], [0.7402597402597403, 0.12337662337662338, 0.12337662337662338, 0.012987012987012988], [0.6022099447513812, 0.2154696132596685, 0.13812154696132597, 0.04419889502762431], [0.776536312849162, 0.16759776536312848, 0.0446927374301676, 0.0111731843575419], [0.7423312883435583, 0.15950920245398773, 0.06748466257668712, 0.03067484662576687], [0.6838235294117647, 0.19117647058823528, 0.08823529411764706, 0.03676470588235294], [0.7195121951219512, 0.15853658536585366, 0.0975609756097561, 0.024390243902439025], [0.7959183673469388, 0.12244897959183673, 0.07482993197278912, 0.006802721088435374], [0.7560975609756098, 0.15853658536585366, 0.06707317073170732, 0.018292682926829267], [0.6987179487179487, 0.15384615384615385, 0.10897435897435898, 0.038461538461538464], [0.6862745098039216, 0.19607843137254902, 0.08496732026143791, 0.032679738562091505], [0.6929824561403509, 0.19298245614035087, 0.11403508771929824, 0.0], [0.7770700636942676, 0.1337579617834395, 0.07643312101910828, 0.012738853503184714], [0.8176100628930818, 0.14465408805031446, 0.025157232704402517, 0.012578616352201259], [0.7533333333333333, 0.15333333333333332, 0.06, 0.03333333333333333], [0.6785714285714286, 0.2, 0.07857142857142857, 0.04285714285714286], [0.782608695652174, 0.13768115942028986, 0.057971014492753624, 0.021739130434782608], [0.751937984496124, 0.17054263565891473, 0.06201550387596899, 0.015503875968992248], [0.7378048780487805, 0.1951219512195122, 0.036585365853658534, 0.03048780487804878], [0.7, 0.21666666666666667, 0.05, 0.03333333333333333], [0.7, 0.1625, 0.075, 0.0625], [0.7159090909090909, 0.17613636363636365, 0.09659090909090909, 0.011363636363636364], [0.6413043478260869, 0.2391304347826087, 0.09239130434782608, 0.02717391304347826], [0.7961783439490446, 0.12738853503184713, 0.07006369426751592, 0.006369426751592357], [0.7828947368421053, 0.17105263157894737, 0.03289473684210526, 0.013157894736842105], [0.7323943661971831, 0.15492957746478872, 0.09859154929577464, 0.014084507042253521], [0.7337278106508875, 0.15976331360946747, 0.08284023668639054, 0.023668639053254437], [0.703125, 0.1953125, 0.0703125, 0.03125], [0.610738255033557, 0.2550335570469799, 0.0738255033557047, 0.06040268456375839], [0.8053691275167785, 0.15436241610738255, 0.026845637583892617, 0.013422818791946308], [0.7642857142857142, 0.15714285714285714, 0.05, 0.02857142857142857], [0.7018633540372671, 0.18633540372670807, 0.07453416149068323, 0.037267080745341616], [0.7357142857142858, 0.15, 0.1, 0.014285714285714285], [0.7777777777777778, 0.1794871794871795, 0.03418803418803419, 0.008547008547008548], [0.8260869565217391, 0.12318840579710146, 0.043478260869565216, 0.007246376811594203], [0.7469135802469136, 0.16666666666666666, 0.07407407407407407, 0.012345679012345678], [0.7114093959731543, 0.1610738255033557, 0.11409395973154363, 0.013422818791946308], [0.717948717948718, 0.1987179487179487, 0.0641025641025641, 0.019230769230769232], [0.7777777777777778, 0.17647058823529413, 0.013071895424836602, 0.032679738562091505], [0.5802469135802469, 0.19753086419753085, 0.16049382716049382, 0.06172839506172839], [0.6368715083798883, 0.21787709497206703, 0.09497206703910614, 0.05027932960893855], [0.7784810126582279, 0.12658227848101267, 0.06329113924050633, 0.03164556962025317], [0.7321428571428571, 0.13095238095238096, 0.08928571428571429, 0.047619047619047616], [0.6695652173913044, 0.25217391304347825, 0.06956521739130435, 0.008695652173913044], [0.782608695652174, 0.13768115942028986, 0.06521739130434782, 0.014492753623188406], [0.7903225806451613, 0.13709677419354838, 0.06451612903225806, 0.008064516129032258], [0.7482517482517482, 0.17482517482517482, 0.04895104895104895, 0.027972027972027972], [0.7471264367816092, 0.16666666666666666, 0.07471264367816093, 0.011494252873563218], [0.7352941176470589, 0.18823529411764706, 0.058823529411764705, 0.01764705882352941], [0.7006802721088435, 0.22448979591836735, 0.04081632653061224, 0.034013605442176874], [0.6891891891891891, 0.20945945945945946, 0.06756756756756757, 0.033783783783783786], [0.6592592592592592, 0.18518518518518517, 0.1111111111111111, 0.044444444444444446], [0.7261146496815286, 0.1337579617834395, 0.10828025477707007, 0.03184713375796178], [0.8148148148148148, 0.14814814814814814, 0.030864197530864196, 0.006172839506172839], [0.7412587412587412, 0.16783216783216784, 0.07692307692307693, 0.013986013986013986], [0.7398373983739838, 0.18699186991869918, 0.06504065040650407, 0.008130081300813009], [0.7161290322580646, 0.2, 0.07741935483870968, 0.0064516129032258064], [0.7631578947368421, 0.13815789473684212, 0.09210526315789473, 0.006578947368421052], [0.7470588235294118, 0.1411764705882353, 0.08235294117647059, 0.029411764705882353], [0.6845637583892618, 0.19463087248322147, 0.0738255033557047, 0.04697986577181208], [0.6521739130434783, 0.14285714285714285, 0.12422360248447205, 0.08074534161490683], [0.6291390728476821, 0.2185430463576159, 0.10596026490066225, 0.046357615894039736], [0.7012195121951219, 0.21951219512195122, 0.036585365853658534, 0.042682926829268296]]}, "acc_test": 0.47, "precision_test": 0.4745762711864407, "recall_test": 0.56, "f1_test": 0.5137614678899083, "auc_test": 0.5008}
{"name": "perturbation_10_z", "predictions": {"test": [0.48428438660788176, 0.6896875721431959, 0.46709904109755784, 0.49658759604660657, 1.0310166811990296, 0.053109388503481944, 1.0643800932524792, 1.2707904425561432, -0.22019303035675725, 0.051027063123471675, 1.06594034616848, 0.8956151817063865, 0.9367173774526485, 1.8805580695463, 0.8546631252499846, 0.7383792189507895, -0.19262471449351717, 0.24755446107483461, 1.48016595527567, 0.3329175464362717, 1.4671194053381889, 0.1614872809383719, 0.35591287542484984, 0.6244129235714788, 0.2536198480983499, 1.108429372587469, 0.9216760806568912, 0.8272354223895799, 0.2905901548994271, 0.1384294820613492, 0.3232541064507168, 0.25380596995937993, 0.6966682845492992, 0.4043882437109557, 0.24752956419508476, -0.013394542836144196, 1.842462863814594, 1.3497578725944377, 0.6585005483870779, -0.3240198182193711, 1.285812616726605, 0.05204987183354608, 0.5003844190109422, 0.9673230821299705, 0.4926596134203719, 0.7147589467164409, 0.8463695741605901, 0.7294723316978237, 0.6365739652610182, 0.41438922238620773, 1.0977074273780252, 0.21125554771264457, 0.4096325883594107, 0.16655460720332194, 0.8636747886714641, 0.44934983832373243, -0.5339874036109883, 0.2126773553973344, -0.21955829795916681, 0.011197621766035002, 0.45699177483939224, 0.3701935085601381, 0.6060566370188851, -0.4742091365547583, -0.3655500621114752, -0.3816456558711485, 1.0494605751515533, -0.23501733246764692, 0.5395890679295601, 0.1975041137744467, 1.6146602960138572, 0.5813894958312091, 0.7216984730490331, -0.052911038082341634, 0.30923592256074706, 0.8865200379111264, -0.1278458236675667, 0.2233264409281111, 0.7088804831638986, 0.07926721063215708, 0.15409113960040635, 1.283775152656319, 0.42081767922765745, 0.37320182879341934, 0.6811148230887925, 0.7386228633708191, 0.8691506779539693, 0.2184927790497532, -0.8469876857965564, 0.5139793300824037, 0.9900776449760135, -0.10071926311169002, 0.15730467606762036, -0.10752400682059805, 1.342087224625359, 1.2210248749869637, -0.03398354743076161, 0.1461540510938507, 0.22280874163175043, 0.05961106206401225]}, "info": {"pct_words_masked": 0.3, "span_length": 2, "n_perturbations": 10}, "general": {"acc_test": 0.61, "precision_test": 0.5901639344262295, "recall_test": 0.72, "f1_test": 0.6486486486486487, "auc_test": 0.6116}}
{"name": "GPT-sentinel", "acc": 0.85}
{"name": "roberta-base-openai-detector", "predictions": {"test": [0.007275853306055069, 0.001285665319301188, 0.00016790950030554086, 0.00016897404566407204, 0.0351608507335186, 0.00017197791021317244, 0.004732650239020586, 0.0009459492866881192, 0.00018620800983626395, 0.10202240943908691, 0.00017704909259919077, 0.00017135620873887092, 0.0006067631766200066, 0.014850117266178131, 0.9997835755348206, 0.006233526859432459, 0.001613949309103191, 0.17016460001468658, 0.0003818189725279808, 0.04987223073840141, 0.0001730862131807953, 0.00018139768508262932, 0.00019593065371736884, 0.00024352014588657767, 0.164015993475914, 0.00017666746862232685, 0.00018190431001130491, 0.002129994099959731, 0.0008853197796270251, 0.00024090023362077773, 0.0003747516602743417, 0.002688715700060129, 0.005297285038977861, 0.0005498509272001684, 0.0019509150879457593, 0.6149576902389526, 0.00023243627219926566, 0.00016929273260757327, 0.0004369664820842445, 0.020309295505285263, 0.00020471701282076538, 0.00017821334768086672, 0.00016974593745544553, 0.00018483794701751322, 0.9938836693763733, 0.0007248105248436332, 0.0005232251132838428, 0.026018371805548668, 0.0001890502026071772, 0.0007172587211243808, 0.9995546936988831, 0.0019131946610286832, 0.00016822201723698527, 0.0006019151187501848, 0.1064709722995758, 0.0004839498142246157, 0.0846744105219841, 0.00017221731832250953, 0.0003350088663864881, 0.00027553830295801163, 0.0007054738234728575, 0.0008293126011267304, 0.007767746224999428, 0.04508712515234947, 0.0002467896556481719, 0.00017955296789295971, 0.0006456596893258393, 0.00018198619363829494, 0.004057235084474087, 0.00017854552424978465, 0.30243971943855286, 0.02135397307574749, 0.0003716879291459918, 0.00033660506596788764, 0.00026856581098400056, 0.0002189807710237801, 0.001874491572380066, 0.0004684352898038924, 0.00025403816835023463, 0.00017054268391802907, 0.9801509380340576, 0.3960545063018799, 0.9826220273971558, 0.846278965473175, 0.00023584240989293903, 0.00018256128532812, 0.2416824847459793, 0.002227288205176592, 0.02233320288360119, 0.0005339074996300042, 0.8216031789779663, 0.12674760818481445, 0.17807945609092712, 0.0004397599259391427, 0.8089163899421692, 0.00023540027905255556, 0.00017260284221265465, 0.00016789749497547746, 0.001346406526863575, 0.0002657884615473449]}, "logits": {"test": [-2.63547682762146, -3.5890965461730957, -4.721397399902344, -4.714417457580566, -1.777040958404541, -4.705384731292725, -2.8882195949554443, -3.7509102821350098, -4.662423133850098, -1.1979458332061768, -4.688276290893555, -4.703958511352539, -3.9944419860839844, -2.25419282913208, 4.559124946594238, -2.7292535305023193, -3.459847927093506, -0.8630470037460327, -4.256505012512207, -1.5980216264724731, -4.7022857666015625, -4.670258045196533, -4.62847900390625, -4.5046706199646, -0.8981987237930298, -4.680461406707764, -4.673534393310547, -3.302039384841919, -3.7889139652252197, -4.510347843170166, -4.270473957061768, -3.186537981033325, -2.8157918453216553, -4.048520088195801, -3.3394775390625, 0.1840171217918396, -4.5325727462768555, -4.715237140655518, -4.17787504196167, -2.0583176612854004, -4.607115268707275, -4.682336330413818, -4.712419509887695, -4.6623854637146, 2.6481051445007324, -3.900494337081909, -4.079647541046143, -1.9483014345169067, -4.655883312225342, -3.908032178878784, 4.135401248931885, -3.3663856983184814, -4.717983722686768, -4.008166313171387, -1.171508550643921, -4.1210174560546875, -1.3094886541366577, -4.7010273933410645, -4.321793556213379, -4.4337382316589355, -3.910074234008789, -3.821125030517578, -2.617138624191284, -1.6568278074264526, -4.497710227966309, -4.678645610809326, -3.9654839038848877, -4.668490409851074, -2.937030792236328, -4.677560806274414, -0.4988435208797455, -2.0527307987213135, -4.268881797790527, -4.321429252624512, -4.453064918518066, -4.5668721199035645, -3.370950937271118, -4.143941402435303, -4.48625373840332, -4.710608005523682, 1.9714972972869873, -0.27711355686187744, 2.052597999572754, 0.8156725764274597, -4.5268144607543945, -4.670619010925293, -0.6578636765480042, -3.2914905548095703, -2.037766695022583, -4.062135219573975, 0.7342729568481445, -1.0481609106063843, -0.8563292026519775, -4.182377815246582, 0.6762932538986206, -4.5160980224609375, -4.701564311981201, -4.7177510261535645, -3.5526390075683594, -4.455366134643555]}, "acc_test": 0.55, "precision_test": 0.7777777777777778, "recall_test": 0.14, "f1_test": 0.23728813559322035, "auc_test": 0.5863999999999999, "preds": [0.007275853306055069, 0.00016790950030554086, 0.0351608507335186, 0.004732650239020586, 0.00018620800983626395, 0.00017704909259919077, 0.0006067631766200066, 0.9997835755348206, 0.001613949309103191, 0.0003818189725279808, 0.0001730862131807953, 0.00019593065371736884, 0.164015993475914, 0.00018190431001130491, 0.0008853197796270251, 0.0003747516602743417, 0.005297285038977861, 0.0019509150879457593, 0.00023243627219926566, 0.0004369664820842445, 0.00020471701282076538, 0.00016974593745544553, 0.9938836693763733, 0.0005232251132838428, 0.0001890502026071772, 0.9995546936988831, 0.00016822201723698527, 0.1064709722995758, 0.0846744105219841, 0.0003350088663864881, 0.0007054738234728575, 0.007767746224999428, 0.0002467896556481719, 0.0006456596893258393, 0.004057235084474087, 0.30243971943855286, 0.0003716879291459918, 0.00026856581098400056, 0.001874491572380066, 0.00025403816835023463, 0.9801509380340576, 0.9826220273971558, 0.00023584240989293903, 0.2416824847459793, 0.02233320288360119, 0.8216031789779663, 0.17807945609092712, 0.8089163899421692, 0.00017260284221265465, 0.001346406526863575]}
{"name": "Hello-SimpleAI/chatgpt-detector-roberta", "predictions": {"test": [0.005341107491403818, 0.2961008846759796, 0.9037256836891174, 0.990143895149231, 0.05220164358615875, 0.0006805001758038998, 0.744299590587616, 0.051089461892843246, 0.025315092876553535, 0.4495549201965332, 0.01713712513446808, 0.04754120856523514, 0.07616860419511795, 0.2875921428203583, 0.9941745400428772, 0.11745370179414749, 0.0214074719697237, 0.10417945683002472, 0.9757757782936096, 0.9898180365562439, 0.99600750207901, 0.014316904358565807, 0.7157674431800842, 0.059577733278274536, 0.014421951957046986, 0.014593689702451229, 0.989469051361084, 0.9390746355056763, 0.0004000089247711003, 0.06972923129796982, 0.9936925172805786, 0.9930712580680847, 0.04415871948003769, 0.9021484851837158, 0.04192756116390228, 0.07030937075614929, 0.06355179846286774, 0.13835255801677704, 0.2373262643814087, 0.0007813590345904231, 0.03252926096320152, 0.00027802909607999027, 0.006652503740042448, 0.04525655508041382, 0.8747336268424988, 0.05645149573683739, 0.03157147392630577, 0.8642202019691467, 0.0005505622830241919, 0.05228765681385994, 0.14774896204471588, 0.0035048688296228647, 0.02607148326933384, 0.2961519956588745, 0.9767593145370483, 0.968285322189331, 0.9973222613334656, 0.006709489040076733, 0.024667853489518166, 0.008850098587572575, 0.05651639401912689, 0.12297175824642181, 0.006935162469744682, 0.0014487787848338485, 0.01334596611559391, 0.0010870543774217367, 0.9256123304367065, 0.8943161964416504, 0.048175960779190063, 0.3027280867099762, 0.04796019196510315, 0.0010770880617201328, 0.0685243085026741, 0.00921519286930561, 0.10652092844247818, 0.9052544236183167, 0.0019526128889992833, 0.30640289187431335, 0.0012847871985286474, 0.0003310573229100555, 0.1617916077375412, 0.29011255502700806, 0.9750222563743591, 0.9519271850585938, 0.04382374510169029, 0.02071872353553772, 0.322995126247406, 0.04842656850814819, 0.000431763386586681, 0.0011864021653309464, 0.02020665630698204, 0.00034094968577846885, 0.9849766492843628, 0.9841984510421753, 0.29121679067611694, 0.3273169994354248, 0.15170420706272125, 0.0009185918024741113, 0.03931702300906181, 0.014104441739618778]}, "logits": {"test": [-2.5096981525421143, -0.5712090134620667, 1.0999919176101685, 2.1169607639312744, -1.492606282234192, -3.3425793647766113, 0.5850691795349121, -1.5027137994766235, -1.8255350589752197, 0.012896167114377022, -2.0006728172302246, -1.5363576412200928, -1.3128055334091187, -0.5902159214019775, 2.338992118835449, -1.098380208015442, -1.9011197090148926, -1.1532186269760132, 1.7284263372421265, 2.10310435295105, 2.496042013168335, -2.0805790424346924, 0.5195759534835815, -1.4303265810012817, -2.077329635620117, -2.0720789432525635, 2.088738203048706, 1.314887285232544, -3.5336406230926514, -1.3553357124328613, 2.3056726455688477, 2.26619291305542, -1.2996788024902344, 1.0921226739883423, -1.5947600603103638, -1.3513728380203247, -1.3996566534042358, -1.0138319730758667, -0.7105547785758972, -3.290487766265869, -1.7115349769592285, -3.650161027908325, -2.4154767990112305, -1.5593063831329346, 0.9715193510055542, -1.4557760953903198, -1.7251940965652466, 0.9312838315963745, -3.420858144760132, -1.491845726966858, -0.9791504144668579, -2.6880853176116943, -1.812214970588684, -0.5711274147033691, 1.7465990781784058, 1.6095895767211914, 2.6594479084014893, -2.411797523498535, -1.837252140045166, -2.29182505607605, -1.4552440643310547, -1.0749266147613525, -2.3975329399108887, -3.0499508380889893, -2.1116297245025635, -3.1633167266845703, 1.222224235534668, 1.0550471544265747, -1.530165195465088, -0.5568530559539795, -1.5322577953338623, -3.166914701461792, -1.3636990785598755, -2.274200916290283, -1.1477707624435425, 1.1077593564987183, -2.9297735691070557, -0.5485316514968872, -3.0976455211639404, -3.596468687057495, -0.9304347038269043, -0.5846738815307617, 1.7149804830551147, 1.4231514930725098, -1.5742591619491577, -1.915807843208313, -0.5131773948669434, -1.5277470350265503, -3.507380247116089, -3.129056215286255, -1.9270251989364624, -3.5869195461273193, 1.9362757205963135, 1.9144551753997803, -0.5819623470306396, -0.5041488409042358, -0.9650757908821106, -3.228623390197754, -1.6244865655899048, -2.08718204498291]}, "acc_test": 0.53, "precision_test": 0.56, "recall_test": 0.28, "f1_test": 0.37333333333333335, "auc_test": 0.5304, "preds": [0.005341107491403818, 0.9037256836891174, 0.05220164358615875, 0.744299590587616, 0.025315092876553535, 0.01713712513446808, 0.07616860419511795, 0.9941745400428772, 0.0214074719697237, 0.9757757782936096, 0.99600750207901, 0.7157674431800842, 0.014421951957046986, 0.989469051361084, 0.0004000089247711003, 0.9936925172805786, 0.04415871948003769, 0.04192756116390228, 0.06355179846286774, 0.2373262643814087, 0.03252926096320152, 0.006652503740042448, 0.8747336268424988, 0.03157147392630577, 0.0005505622830241919, 0.14774896204471588, 0.02607148326933384, 0.9767593145370483, 0.9973222613334656, 0.024667853489518166, 0.05651639401912689, 0.006935162469744682, 0.01334596611559391, 0.9256123304367065, 0.048175960779190063, 0.04796019196510315, 0.0685243085026741, 0.10652092844247818, 0.0019526128889992833, 0.0012847871985286474, 0.1617916077375412, 0.9750222563743591, 0.04382374510169029, 0.322995126247406, 0.000431763386586681, 0.02020665630698204, 0.9849766492843628, 0.29121679067611694, 0.15170420706272125, 0.03931702300906181]}
{"name": "distilbert-base-uncased", "predictions": {"test": [0.9829617142677307, 0.9727637767791748, 0.9959006905555725, 0.05259521305561066, 0.9620873332023621, 0.9166582226753235, 0.9906745553016663, 0.8932068347930908, 0.9760010242462158, 0.9903444647789001, 0.9355833530426025, 0.9339560270309448, 0.9943715333938599, 0.9819137454032898, 0.9979501366615295, 0.009381660260260105, 0.9782595634460449, 0.9102534055709839, 0.9947447776794434, 0.682111918926239, 0.955549955368042, 0.9493982791900635, 0.9942706823348999, 0.9963546991348267, 0.9981234669685364, 0.023042481392621994, 0.9809354543685913, 0.9922674298286438, 0.9907800555229187, 0.1603509932756424, 0.9806187748908997, 0.9718096852302551, 0.9877492785453796, 0.18191872537136078, 0.9872297644615173, 0.5924811959266663, 0.9944684505462646, 0.9697977304458618, 0.9949254989624023, 0.8943501114845276, 0.9902017712593079, 0.9653038382530212, 0.9950738549232483, 0.996759831905365, 0.9922661185264587, 0.9909253120422363, 0.9891113638877869, 0.9846848249435425, 0.9920255541801453, 0.8628042340278625, 0.9947407841682434, 0.9924283623695374, 0.92469322681427, 0.8426371812820435, 0.9967664480209351, 0.9907038807868958, 0.9974886178970337, 0.8688465356826782, 0.9815388321876526, 0.9908525347709656, 0.9954919219017029, 0.9462487697601318, 0.9924069046974182, 0.332997590303421, 0.9618664979934692, 0.9732739329338074, 0.997200608253479, 0.9757413268089294, 0.9961411356925964, 0.9744263291358948, 0.9918366074562073, 0.7762037515640259, 0.9938773512840271, 0.8762097954750061, 0.9657946228981018, 0.876303493976593, 0.9940162897109985, 0.9881529211997986, 0.917694091796875, 0.8062047362327576, 0.9764629006385803, 0.7115715742111206, 0.9808253645896912, 0.9837210178375244, 0.9805921316146851, 0.962711751461029, 0.564720869064331, 0.07477349787950516, 0.9734485149383545, 0.9344058632850647, 0.9733745455741882, 0.08718129992485046, 0.9950729012489319, 0.7503458261489868, 0.9882116913795471, 0.717973530292511, 0.9837485551834106, 0.9815426468849182, 0.9784769415855408, 0.22530657052993774]}, "logits": {"test": [2.106877088546753, 1.909693956375122, 3.0078749656677246, -1.391121745109558, 1.698384165763855, 1.3489376306533813, 2.5032095909118652, 1.2378194332122803, 1.9329673051834106, 2.46030330657959, 1.503970980644226, 1.4739598035812378, 2.764029026031494, 2.199406385421753, 3.3111891746520996, -2.3373992443084717, 2.0362186431884766, 1.3041545152664185, 2.8523378372192383, 0.493569940328598, 1.6170563697814941, 1.599287748336792, 2.8049564361572266, 3.065511703491211, 3.314763069152832, -1.8594505786895752, 2.1421291828155518, 2.596559762954712, 2.5567288398742676, -0.7011255025863647, 2.0805869102478027, 1.9191786050796509, 2.4301705360412598, -0.7128201723098755, 2.403717279434204, 0.30856311321258545, 2.7458293437957764, 1.920365571975708, 2.755946636199951, 1.2251006364822388, 2.450347423553467, 1.7259564399719238, 2.8652150630950928, 3.1147537231445312, 2.577730417251587, 2.4588510990142822, 2.453049659729004, 2.2941970825195312, 2.601771831512451, 1.0503852367401123, 2.8020334243774414, 2.6078739166259766, 1.2919021844863892, 0.9005661010742188, 3.0481650829315186, 2.5119893550872803, 3.185007095336914, 1.0985914468765259, 2.1493186950683594, 2.52256178855896, 2.906705379486084, 1.5591652393341064, 2.6351845264434814, -0.1881169080734253, 1.742527961730957, 1.9022012948989868, 3.1789891719818115, 1.9952353239059448, 2.994446039199829, 1.9825705289840698, 2.63986873626709, 0.7751686573028564, 2.7367703914642334, 1.0413671731948853, 1.77080237865448, 1.0014740228652954, 2.7433574199676514, 2.4026474952697754, 1.2824339866638184, 0.7608792781829834, 1.9945218563079834, 0.5003856420516968, 2.0561892986297607, 2.205768346786499, 2.1206722259521484, 1.7746052742004395, 0.1825927197933197, -1.1506320238113403, 1.9089066982269287, 1.5482057332992554, 1.9473899602890015, -1.1498278379440308, 2.859576940536499, 0.7141700983047485, 2.4189560413360596, 0.5864797830581665, 2.231353282928467, 2.1573097705841064, 2.094360828399658, -0.6201849579811096]}, "acc_test": 0.59, "precision_test": 0.5494505494505495, "recall_test": 1.0, "f1_test": 0.7092198581560284, "auc_test": 0.816, "preds": [0.9829617142677307, 0.9959006905555725, 0.9620873332023621, 0.9906745553016663, 0.9760010242462158, 0.9355833530426025, 0.9943715333938599, 0.9979501366615295, 0.9782595634460449, 0.9947447776794434, 0.955549955368042, 0.9942706823348999, 0.9981234669685364, 0.9809354543685913, 0.9907800555229187, 0.9806187748908997, 0.9877492785453796, 0.9872297644615173, 0.9944684505462646, 0.9949254989624023, 0.9902017712593079, 0.9950738549232483, 0.9922661185264587, 0.9891113638877869, 0.9920255541801453, 0.9947407841682434, 0.92469322681427, 0.9967664480209351, 0.9974886178970337, 0.9815388321876526, 0.9954919219017029, 0.9924069046974182, 0.9618664979934692, 0.997200608253479, 0.9961411356925964, 0.9918366074562073, 0.9938773512840271, 0.9657946228981018, 0.9940162897109985, 0.917694091796875, 0.9764629006385803, 0.9808253645896912, 0.9805921316146851, 0.564720869064331, 0.9734485149383545, 0.9733745455741882, 0.9950729012489319, 0.9882116913795471, 0.9837485551834106, 0.9784769415855408]}
