{"name": "likelihood_threshold", "predictions": {"test": [-3.7375590801239014, -3.197319507598877, -3.6177451610565186, -3.1106767654418945, -3.180211067199707, -3.483752965927124, -2.929892063140869, -2.559431552886963, -3.2105116844177246, -2.9220380783081055, -3.7347378730773926, -3.627936363220215, -3.3274638652801514, -3.0835392475128174, -2.7448976039886475, -2.7186949253082275, -3.0039114952087402, -3.143124580383301, -3.2107489109039307, -3.1511900424957275, -3.3447937965393066, -3.4227569103240967, -2.7003750801086426, -2.7879393100738525, -3.094359874725342, -3.2498979568481445, -2.934906482696533, -3.3101418018341064, -3.443922758102417, -3.249077558517456, -2.7462682723999023, -3.022451877593994, -3.408198833465576, -3.3524255752563477, -3.347658634185791, -3.685779333114624, -2.6615355014801025, -2.7686758041381836, -3.1006019115448, -4.1127190589904785, -3.152865409851074, -3.3229737281799316, -3.446341037750244, -3.1848037242889404, -2.8390016555786133, -2.851383924484253, -3.3996570110321045, -3.340991497039795, -2.676248073577881, -2.8097174167633057, -3.085926055908203, -3.100554943084717, -3.0074398517608643, -2.92744517326355, -3.049240827560425, -2.865732192993164, -3.4468648433685303, -3.4191689491271973, -3.1544241905212402, -3.3712148666381836, -3.0948898792266846, -2.7507050037384033, -3.034019708633423, -3.2380850315093994, -3.3483941555023193, -3.81430721282959, -3.090190887451172, -3.0289437770843506, -3.2240614891052246, -3.1127688884735107, -2.6158838272094727, -2.4685521125793457, -3.2371721267700195, -3.1748201847076416, -2.8246772289276123, -2.653822422027588, -3.560460329055786, -3.721132755279541, -2.9515390396118164, -3.29359769821167, -3.3146064281463623, -3.064150333404541, -2.873366355895996, -3.155567169189453, -3.4134910106658936, -3.1256484985351562, -3.2894179821014404, -3.324493885040283, -3.3560287952423096, -3.236172676086426, -2.6789000034332275, -3.0556509494781494, -2.9502196311950684, -2.9755966663360596, -3.0406699180603027, -3.028151273727417, -3.515631675720215, -3.8252036571502686, -3.399864912033081, -3.477696180343628]}, "acc_test": 0.5, "precision_test": 0.5, "recall_test": 0.58, "f1_test": 0.537037037037037, "auc_test": 0.508}
{"name": "rank_threshold", "predictions": {"test": [-231.32778930664062, -344.90740966796875, -81.71929931640625, -131.81118774414062, -127.5666732788086, -279.8344421386719, -146.39474487304688, -88.89115142822266, -89.66666412353516, -139.446533203125, -188.31333923339844, -382.59478759765625, -135.94085693359375, -128.6844940185547, -32.05042266845703, -143.3913116455078, -61.26250076293945, -126.49090576171875, -46.39999771118164, -245.87820434570312, -106.45890045166016, -303.8888854980469, -79.77018737792969, -123.97468566894531, -96.95172119140625, -215.74545288085938, -33.917293548583984, -342.2605895996094, -53.36566925048828, -151.30201721191406, -39.953643798828125, -84.07142639160156, -83.51111602783203, -54.80864334106445, -76.49056243896484, -185.1234588623047, -91.20455169677734, -59.90860366821289, -114.5936050415039, -353.5856628417969, -94.79679107666016, -338.190185546875, -161.20834350585938, -127.00609588623047, -61.2011833190918, -107.79267883300781, -119.76505279541016, -134.1241912841797, -23.83333396911621, -254.44586181640625, -68.63975524902344, -122.47333526611328, -29.855173110961914, -167.76087951660156, -122.72831726074219, -205.20730590820312, -264.0714416503906, -257.59375, -89.48295593261719, -187.7663116455078, -95.72093200683594, -39.546051025390625, -82.09580993652344, -89.87574005126953, -65.75325012207031, -306.87249755859375, -130.0361328125, -164.5, -111.76582336425781, -89.24285888671875, -74.02542114257812, -148.44927978515625, -111.4723892211914, -100.55033874511719, -86.17609405517578, -139.7385711669922, -104.36453247070312, -261.664794921875, -50.51829147338867, -309.1190490722656, -69.5089340209961, -62.050724029541016, -40.312103271484375, -92.05594635009766, -162.43275451660156, -94.96470642089844, -97.06857299804688, -147.56082153320312, -122.75155639648438, -169.356689453125, -61.540374755859375, -61.53845977783203, -54.21875, -71.43225860595703, -84.44720458984375, -121.60588836669922, -269.8036804199219, -575.9876098632812, -63.71519088745117, -205.77438354492188]}, "acc_test": 0.65, "precision_test": 0.5974025974025974, "recall_test": 0.92, "f1_test": 0.7244094488188978, "auc_test": 0.7736}
{"name": "log_rank_threshold", "predictions": {"test": [-2.0851798057556152, -1.6615945100784302, -1.9521756172180176, -1.620785117149353, -1.7123881578445435, -1.8776754140853882, -1.5075879096984863, -1.2129688262939453, -1.6951130628585815, -1.5587868690490723, -2.208148241043091, -2.0641634464263916, -1.7787182331085205, -1.660825490951538, -1.420660376548767, -1.2980594635009766, -1.560211420059204, -1.585797667503357, -1.7575386762619019, -1.6418120861053467, -1.8685603141784668, -1.8367359638214111, -1.4087070226669312, -1.3715580701828003, -1.6497554779052734, -1.7334626913070679, -1.5235086679458618, -1.7484071254730225, -1.9060349464416504, -1.6818459033966064, -1.42368483543396, -1.5107784271240234, -1.828304648399353, -1.754647970199585, -1.874150037765503, -2.0148439407348633, -1.3517645597457886, -1.388899564743042, -1.6717172861099243, -2.307927370071411, -1.702779769897461, -1.6993448734283447, -1.9868556261062622, -1.6749334335327148, -1.4599387645721436, -1.4064280986785889, -1.9365215301513672, -1.726657509803772, -1.3477802276611328, -1.4103633165359497, -1.6140707731246948, -1.636112093925476, -1.517203688621521, -1.4486064910888672, -1.633971095085144, -1.462693691253662, -1.9345817565917969, -1.8737419843673706, -1.6719331741333008, -1.8258317708969116, -1.6005115509033203, -1.3430064916610718, -1.5851185321807861, -1.6887171268463135, -1.8202296495437622, -2.155956506729126, -1.5002855062484741, -1.5106306076049805, -1.7529984712600708, -1.6423453092575073, -1.2863144874572754, -1.137257695198059, -1.686296820640564, -1.665698528289795, -1.4760912656784058, -1.3393255472183228, -2.0300991535186768, -2.09210467338562, -1.5677556991577148, -1.7925723791122437, -1.8356796503067017, -1.5216152667999268, -1.4798192977905273, -1.6085350513458252, -1.821924090385437, -1.6404814720153809, -1.7321791648864746, -1.7917579412460327, -1.8247419595718384, -1.7340331077575684, -1.3484050035476685, -1.5653327703475952, -1.5041933059692383, -1.5030066967010498, -1.6202478408813477, -1.6020511388778687, -1.9016698598861694, -2.2126431465148926, -1.8597412109375, -1.8349379301071167]}, "acc_test": 0.45, "precision_test": 0.45454545454545453, "recall_test": 0.5, "f1_test": 0.47619047619047616, "auc_test": 0.462}
{"name": "entropy_threshold", "predictions": {"test": [3.8429477214813232, 3.946267604827881, 3.5431530475616455, 3.2134385108947754, 3.0246028900146484, 3.528266668319702, 3.228750228881836, 2.9968161582946777, 3.458876609802246, 3.2061307430267334, 3.767665386199951, 3.791299819946289, 3.3608667850494385, 3.2502710819244385, 3.055298328399658, 3.197566032409668, 3.2733101844787598, 3.421308994293213, 3.398106098175049, 3.4592230319976807, 3.351184844970703, 3.3327584266662598, 2.819838285446167, 2.802168130874634, 3.4855847358703613, 3.696507453918457, 3.1469075679779053, 3.569157838821411, 3.587538957595825, 3.4479165077209473, 3.05812668800354, 3.3963258266448975, 3.5673916339874268, 3.4852309226989746, 3.5856902599334717, 3.6460540294647217, 2.4788742065429688, 2.887233257293701, 3.41207218170166, 4.229419708251953, 3.161883592605591, 3.4590277671813965, 3.624173164367676, 3.5271694660186768, 3.0691518783569336, 3.30265212059021, 3.3308887481689453, 3.3219499588012695, 2.9472036361694336, 3.178894281387329, 3.3804731369018555, 3.523080348968506, 3.311567544937134, 3.2134454250335693, 3.039377212524414, 3.1708760261535645, 3.4754693508148193, 3.6047165393829346, 3.5022664070129395, 3.4474222660064697, 2.96686053276062, 3.2342169284820557, 3.157557725906372, 3.5126945972442627, 3.3979294300079346, 3.7993786334991455, 2.9080166816711426, 2.912135601043701, 3.332270860671997, 3.406130790710449, 2.919785261154175, 2.7599544525146484, 3.092348098754883, 3.293154239654541, 2.7805511951446533, 2.7151429653167725, 3.6199264526367188, 3.722368001937866, 3.281614303588867, 3.5750014781951904, 3.540431499481201, 3.2250869274139404, 3.2071993350982666, 3.6716833114624023, 3.170212507247925, 3.3182661533355713, 3.3938252925872803, 3.5578505992889404, 3.407259225845337, 3.461763381958008, 3.0953543186187744, 3.292348861694336, 3.422508955001831, 3.2560622692108154, 3.3295063972473145, 3.2721877098083496, 3.521292209625244, 3.973037004470825, 3.7054312229156494, 3.587005853652954]}, "acc_test": 0.56, "precision_test": 0.5384615384615384, "recall_test": 0.84, "f1_test": 0.6562499999999999, "auc_test": 0.5955999999999999}
{"name": "rank_GLTR_threshold", "predictions": {"test": [[0.6277777777777778, 0.20555555555555555, 0.12222222222222222, 0.044444444444444446], [0.7222222222222222, 0.14814814814814814, 0.08641975308641975, 0.043209876543209874], [0.6754385964912281, 0.19298245614035087, 0.12280701754385964, 0.008771929824561403], [0.7622377622377622, 0.15384615384615385, 0.055944055944055944, 0.027972027972027972], [0.6733333333333333, 0.24666666666666667, 0.05333333333333334, 0.02666666666666667], [0.695364238410596, 0.19205298013245034, 0.059602649006622516, 0.052980132450331126], [0.75, 0.14473684210526316, 0.07236842105263158, 0.03289473684210526], [0.8435374149659864, 0.08843537414965986, 0.047619047619047616, 0.02040816326530612], [0.7090909090909091, 0.2, 0.06666666666666667, 0.024242424242424242], [0.7672955974842768, 0.12578616352201258, 0.06289308176100629, 0.0440251572327044], [0.5733333333333334, 0.21333333333333335, 0.14666666666666667, 0.06666666666666667], [0.6666666666666666, 0.13725490196078433, 0.13725490196078433, 0.058823529411764705], [0.6774193548387096, 0.21505376344086022, 0.07526881720430108, 0.03225806451612903], [0.7058823529411765, 0.17647058823529413, 0.09090909090909091, 0.026737967914438502], [0.7310924369747899, 0.20168067226890757, 0.058823529411764705, 0.008403361344537815], [0.8115942028985508, 0.12318840579710146, 0.036231884057971016, 0.028985507246376812], [0.75625, 0.125, 0.10625, 0.0125], [0.7515151515151515, 0.13333333333333333, 0.07878787878787878, 0.03636363636363636], [0.6814814814814815, 0.1925925925925926, 0.11851851851851852, 0.007407407407407408], [0.6987179487179487, 0.23076923076923078, 0.04487179487179487, 0.02564102564102564], [0.6643835616438356, 0.1643835616438356, 0.14383561643835616, 0.0273972602739726], [0.7, 0.18333333333333332, 0.05, 0.06666666666666667], [0.7577639751552795, 0.17391304347826086, 0.049689440993788817, 0.018633540372670808], [0.7721518987341772, 0.13924050632911392, 0.06962025316455696, 0.0189873417721519], [0.6896551724137931, 0.21379310344827587, 0.08275862068965517, 0.013793103448275862], [0.7212121212121212, 0.15151515151515152, 0.09090909090909091, 0.03636363636363636], [0.7142857142857143, 0.21052631578947367, 0.07518796992481203, 0.0], [0.6909090909090909, 0.18787878787878787, 0.07878787878787878, 0.04242424242424243], [0.6268656716417911, 0.2537313432835821, 0.1044776119402985, 0.014925373134328358], [0.738255033557047, 0.1476510067114094, 0.09395973154362416, 0.020134228187919462], [0.7417218543046358, 0.18543046357615894, 0.06622516556291391, 0.006622516556291391], [0.7272727272727273, 0.17532467532467533, 0.08441558441558442, 0.012987012987012988], [0.6611111111111111, 0.2388888888888889, 0.07777777777777778, 0.022222222222222223], [0.654320987654321, 0.2654320987654321, 0.07407407407407407, 0.006172839506172839], [0.6792452830188679, 0.16352201257861634, 0.14465408805031446, 0.012578616352201259], [0.6296296296296297, 0.24074074074074073, 0.09876543209876543, 0.030864197530864196], [0.7784090909090909, 0.11931818181818182, 0.06818181818181818, 0.03409090909090909], [0.7634408602150538, 0.15591397849462366, 0.06989247311827956, 0.010752688172043012], [0.6940639269406392, 0.1872146118721461, 0.1004566210045662, 0.0182648401826484], [0.6022099447513812, 0.2154696132596685, 0.13812154696132597, 0.04419889502762431], [0.7058823529411765, 0.17647058823529413, 0.09090909090909091, 0.026737967914438502], [0.7423312883435583, 0.15950920245398773, 0.06748466257668712, 0.03067484662576687], [0.6547619047619048, 0.18452380952380953, 0.1130952380952381, 0.047619047619047616], [0.7195121951219512, 0.15853658536585366, 0.0975609756097561, 0.024390243902439025], [0.7337278106508875, 0.1834319526627219, 0.07100591715976332, 0.011834319526627219], [0.7560975609756098, 0.15853658536585366, 0.06707317073170732, 0.018292682926829267], [0.6566265060240963, 0.19879518072289157, 0.10843373493975904, 0.03614457831325301], [0.6862745098039216, 0.19607843137254902, 0.08496732026143791, 0.032679738562091505], [0.753968253968254, 0.18253968253968253, 0.06349206349206349, 0.0], [0.7770700636942676, 0.1337579617834395, 0.07643312101910828, 0.012738853503184714], [0.7267080745341615, 0.15527950310559005, 0.09937888198757763, 0.018633540372670808], [0.7533333333333333, 0.15333333333333332, 0.06, 0.03333333333333333], [0.7241379310344828, 0.19310344827586207, 0.08275862068965517, 0.0], [0.782608695652174, 0.13768115942028986, 0.057971014492753624, 0.021739130434782608], [0.7398843930635838, 0.14450867052023122, 0.09248554913294797, 0.023121387283236993], [0.7378048780487805, 0.1951219512195122, 0.036585365853658534, 0.03048780487804878], [0.6818181818181818, 0.18831168831168832, 0.07142857142857142, 0.05844155844155844], [0.7, 0.1625, 0.075, 0.0625], [0.7045454545454546, 0.1875, 0.08522727272727272, 0.022727272727272728], [0.6413043478260869, 0.2391304347826087, 0.09239130434782608, 0.02717391304347826], [0.7325581395348837, 0.1511627906976744, 0.08139534883720931, 0.03488372093023256], [0.7828947368421053, 0.17105263157894737, 0.03289473684210526, 0.013157894736842105], [0.7125748502994012, 0.16167664670658682, 0.11377245508982035, 0.011976047904191617], [0.7337278106508875, 0.15976331360946747, 0.08284023668639054, 0.023668639053254437], [0.6623376623376623, 0.24025974025974026, 0.07792207792207792, 0.01948051948051948], [0.610738255033557, 0.2550335570469799, 0.0738255033557047, 0.06040268456375839], [0.7289156626506024, 0.21686746987951808, 0.030120481927710843, 0.024096385542168676], [0.7642857142857142, 0.15714285714285714, 0.05, 0.02857142857142857], [0.7025316455696202, 0.18354430379746836, 0.08227848101265822, 0.03164556962025317], [0.7357142857142858, 0.15, 0.1, 0.014285714285714285], [0.7711864406779662, 0.1694915254237288, 0.0423728813559322, 0.01694915254237288], [0.8260869565217391, 0.12318840579710146, 0.043478260869565216, 0.007246376811594203], [0.7116564417177914, 0.17791411042944785, 0.09815950920245399, 0.012269938650306749], [0.7114093959731543, 0.1610738255033557, 0.11409395973154363, 0.013422818791946308], [0.7295597484276729, 0.1949685534591195, 0.050314465408805034, 0.025157232704402517], [0.7777777777777778, 0.17647058823529413, 0.013071895424836602, 0.032679738562091505], [0.6206896551724138, 0.21674876847290642, 0.1477832512315271, 0.014778325123152709], [0.6368715083798883, 0.21787709497206703, 0.09497206703910614, 0.05027932960893855], [0.7195121951219512, 0.2073170731707317, 0.054878048780487805, 0.018292682926829267], [0.7321428571428571, 0.13095238095238096, 0.08928571428571429, 0.047619047619047616], [0.6339285714285714, 0.25, 0.10714285714285714, 0.008928571428571428], [0.782608695652174, 0.13768115942028986, 0.06521739130434782, 0.014492753623188406], [0.732484076433121, 0.19745222929936307, 0.05732484076433121, 0.012738853503184714], [0.7482517482517482, 0.17482517482517482, 0.04895104895104895, 0.027972027972027972], [0.7017543859649122, 0.17543859649122806, 0.08187134502923976, 0.04093567251461988], [0.7352941176470589, 0.18823529411764706, 0.058823529411764705, 0.01764705882352941], [0.7028571428571428, 0.18285714285714286, 0.09142857142857143, 0.022857142857142857], [0.6891891891891891, 0.20945945945945946, 0.06756756756756757, 0.033783783783783786], [0.6708074534161491, 0.2236024844720497, 0.08074534161490683, 0.024844720496894408], [0.7261146496815286, 0.1337579617834395, 0.10828025477707007, 0.03184713375796178], [0.7763975155279503, 0.14285714285714285, 0.062111801242236024, 0.018633540372670808], [0.7412587412587412, 0.16783216783216784, 0.07692307692307693, 0.013986013986013986], [0.71875, 0.2, 0.06875, 0.0125], [0.7161290322580646, 0.2, 0.07741935483870968, 0.0064516129032258064], [0.7204968944099379, 0.17391304347826086, 0.08074534161490683, 0.024844720496894408], [0.7470588235294118, 0.1411764705882353, 0.08235294117647059, 0.029411764705882353], [0.6932515337423313, 0.147239263803681, 0.1165644171779141, 0.04294478527607362], [0.6521739130434783, 0.14285714285714285, 0.12422360248447205, 0.08074534161490683], [0.6455696202531646, 0.22784810126582278, 0.11392405063291139, 0.012658227848101266], [0.7012195121951219, 0.21951219512195122, 0.036585365853658534, 0.042682926829268296]]}, "acc_test": 0.36, "precision_test": 0.3541666666666667, "recall_test": 0.34, "f1_test": 0.34693877551020413, "auc_test": 0.33499999999999996}
{"name": "perturbation_10_z", "predictions": {"test": [0.7027192667031414, 0.7038407819009421, -0.22045717535135223, 1.1702576454903166, 0.5011995724321189, 0.2813457630880767, 1.7618710446867447, 1.172918960226638, 0.05969637201527029, 0.002849175171671069, -0.01112193454539005, 0.40789804414592795, 0.5497343192027508, 0.5706056086961037, 0.0021072297660689214, 1.3326276629995477, 1.331107364488277, 0.11226194218708063, 0.24230379630933133, 0.3158590933833365, 0.5066290053367613, 1.3480956459682694, 1.5368963754510345, 1.523961749551538, 0.258558470756176, 0.2774645749484668, 1.9429939467916897, 0.20490311051159316, 0.36886569026157634, -0.9158408720038596, 0.27041275926269065, 0.11077508461149606, 0.5548876911700625, 0.08458351739275406, 1.2110515753938045, 0.5258090061881121, 0.19248035461400254, 0.8378379263284895, 0.32113830324444403, -0.022629111948218705, 0.06825165686214806, 0.5223338564137351, 0.6194204120328173, 1.5053333098197237, 0.38378550429401714, -0.08938170486714032, -0.11868390804819218, 0.4599395955714512, 0.698036039306483, 0.21549222127741083, 0.38294269674764025, 0.7520663097708685, 0.3508226125037759, 1.287810851393752, 0.950759630663654, 1.0739032373700286, 0.11869243343349135, -0.0032672371598576984, 1.0799369265810974, 0.19229494280017823, 0.19979961912874047, 0.3987234446859311, 0.6713600824430657, 0.6412799592429552, -0.43592476281850895, -0.6535273858556742, 1.0228646366420615, 0.23171398378905628, 0.3919720474564516, 0.5640000756436526, 0.9250470628344187, 0.5275078483763941, 0.1324378988325804, -0.016908038526463262, -0.020269084627066666, 0.7650180792340903, 0.3637578746894989, -0.038381125265237716, -0.18858501473751726, 0.4317272187160887, 1.567475848704741, 1.6952858583295454, 0.6918270425314264, -0.07626434685945989, -0.7506650235465474, 0.18939569827410788, 0.26530766785203946, 0.5548554828721263, 0.08316340299484064, 0.15625650531962654, 0.41002197118307415, 0.8134524414015204, 0.08506904734607854, 0.7711073289205678, 0.659196128489456, 1.0332821182510672, 0.5507308487671323, 0.39373196957521733, 0.6568141026217807, 0.25883943059429765]}, "info": {"pct_words_masked": 0.3, "span_length": 2, "n_perturbations": 10}, "general": {"acc_test": 0.51, "precision_test": 0.5084745762711864, "recall_test": 0.6, "f1_test": 0.5504587155963302, "auc_test": 0.482}}
{"name": "GPT-sentinel", "acc": 0.86}
{"name": "roberta-base-openai-detector", "predictions": {"test": [0.00017298343300353736, 0.001285659265704453, 0.0008152941591106355, 0.00016897404566407204, 0.00017551497148815542, 0.00017197791021317244, 0.00017191954248119146, 0.0009459447464905679, 0.46351805329322815, 0.10202263295650482, 0.0001740731531754136, 0.00017135620873887092, 0.029599474743008614, 0.014850117266178131, 0.8748588562011719, 0.006233598571270704, 0.00822439044713974, 0.17016460001468658, 0.0004652651841752231, 0.04987223073840141, 0.00022627270664088428, 0.00018139768508262932, 0.0001723834138829261, 0.00024352014588657767, 0.00019167880236636847, 0.00017666746862232685, 0.0008039013482630253, 0.002129994099959731, 0.0011750819394364953, 0.00024090023362077773, 0.00021394201030489057, 0.002688715700060129, 0.00017550776829011738, 0.0005498535465449095, 0.013053499162197113, 0.6149560213088989, 0.0001791902323020622, 0.00016929273260757327, 0.00017433291941415519, 0.020309247076511383, 0.6185781955718994, 0.00017821317305788398, 0.0001816704752855003, 0.00018483794701751322, 0.00018930542864836752, 0.0007248094771057367, 0.00018710554286371917, 0.026018528267741203, 0.0002496230008546263, 0.0007172587211243808, 0.00017375641618855298, 0.0019131946610286832, 0.00018159288447350264, 0.0006019151187501848, 0.00046954635763540864, 0.0004839498142246157, 0.0002118277916451916, 0.00017221731832250953, 0.00023893959587439895, 0.00027553830295801163, 0.00022283874568529427, 0.0008293126011267304, 0.00017659150762483478, 0.04508712515234947, 0.0006745924474671483, 0.00017955296789295971, 0.0023686455097049475, 0.00018198619363829494, 0.005156735889613628, 0.00017854552424978465, 0.0003129318938590586, 0.02135397307574749, 0.00022159991203807294, 0.00033660506596788764, 0.0001798915909603238, 0.0002189807710237801, 0.00017248172662220895, 0.0004684352898038924, 0.001960715977475047, 0.00017054268391802907, 0.893687903881073, 0.3960545063018799, 0.7459876537322998, 0.846278965473175, 0.00017242647300008684, 0.00018256128532812, 0.0022268423344939947, 0.002227288205176592, 0.9853838086128235, 0.0005339074996300042, 0.47051316499710083, 0.12674760818481445, 0.0008486899896524847, 0.0004397599259391427, 0.00017628935165703297, 0.00023540027905255556, 0.000501386180985719, 0.00016789749497547746, 0.014766456559300423, 0.0002657884615473449]}, "logits": {"test": [-4.693903923034668, -3.5890989303588867, -3.838207960128784, -4.714416980743408, -4.696310997009277, -4.705385208129883, -4.705626964569092, -3.750912666320801, -0.13647840917110443, -1.1979446411132812, -4.697443008422852, -4.703958988189697, -1.8788046836853027, -2.254193067550659, 0.9291222095489502, -2.729247570037842, -2.5862741470336914, -0.8630470037460327, -4.143519401550293, -1.5980216264724731, -4.546308994293213, -4.670258045196533, -4.706598281860352, -4.5046706199646, -4.637390613555908, -4.680461406707764, -3.8485565185546875, -3.302039384841919, -3.6412124633789062, -4.510347843170166, -4.590850353240967, -3.186537981033325, -4.6937360763549805, -4.048517227172852, -2.3093013763427734, 0.18401360511779785, -4.678815841674805, -4.715237140655518, -4.6965813636779785, -2.058319091796875, 0.1966838389635086, -4.682336807250977, -4.672257900238037, -4.662384986877441, -4.653406620025635, -3.9004950523376465, -4.655781269073486, -1.9482980966567993, -4.503019332885742, -3.908032178878784, -4.699477195739746, -3.3663856983184814, -4.677690505981445, -4.008166313171387, -4.134883403778076, -4.1210174560546875, -4.583717346191406, -4.7010273933410645, -4.515981197357178, -4.4337382316589355, -4.5573835372924805, -3.821125030517578, -4.693122386932373, -1.6568278074264526, -3.928368330001831, -4.678645610809326, -3.2614896297454834, -4.668490409851074, -2.8076412677764893, -4.677560806274414, -4.362139701843262, -2.0527307987213135, -4.560262203216553, -4.321429252624512, -4.6824517250061035, -4.5668721199035645, -4.706335067749023, -4.143941402435303, -3.3697104454040527, -4.710608005523682, 1.0327144861221313, -0.27711355686187744, 0.4988346993923187, 0.8156725764274597, -4.703413963317871, -4.670619010925293, -3.2803468704223633, -3.2914905548095703, 2.1647543907165527, -4.062135219573975, -0.11973287165164948, -1.0481609106063843, -3.821704149246216, -4.182377815246582, -4.6919264793396, -4.5160980224609375, -4.102528095245361, -4.7177510261535645, -2.2657973766326904, -4.455366134643555]}, "acc_test": 0.53, "precision_test": 0.7142857142857143, "recall_test": 0.1, "f1_test": 0.1754385964912281, "auc_test": 0.4688, "preds": [0.00017298343300353736, 0.0008152941591106355, 0.00017551497148815542, 0.00017191954248119146, 0.46351805329322815, 0.0001740731531754136, 0.029599474743008614, 0.8748588562011719, 0.00822439044713974, 0.0004652651841752231, 0.00022627270664088428, 0.0001723834138829261, 0.00019167880236636847, 0.0008039013482630253, 0.0011750819394364953, 0.00021394201030489057, 0.00017550776829011738, 0.013053499162197113, 0.0001791902323020622, 0.00017433291941415519, 0.6185781955718994, 0.0001816704752855003, 0.00018930542864836752, 0.00018710554286371917, 0.0002496230008546263, 0.00017375641618855298, 0.00018159288447350264, 0.00046954635763540864, 0.0002118277916451916, 0.00023893959587439895, 0.00022283874568529427, 0.00017659150762483478, 0.0006745924474671483, 0.0023686455097049475, 0.005156735889613628, 0.0003129318938590586, 0.00022159991203807294, 0.0001798915909603238, 0.00017248172662220895, 0.001960715977475047, 0.893687903881073, 0.7459876537322998, 0.00017242647300008684, 0.0022268423344939947, 0.9853838086128235, 0.47051316499710083, 0.0008486899896524847, 0.00017628935165703297, 0.000501386180985719, 0.014766456559300423]}
{"name": "Hello-SimpleAI/chatgpt-detector-roberta", "predictions": {"test": [0.0011249224189668894, 0.2961009442806244, 0.00788765400648117, 0.990143895149231, 0.0005238992744125426, 0.0006805001758038998, 0.002407900057733059, 0.051089461892843246, 0.15953008830547333, 0.44955307245254517, 0.00041062867967411876, 0.04754111170768738, 0.00191521889064461, 0.2875921428203583, 0.27127179503440857, 0.11745363473892212, 0.036314234137535095, 0.10417945683002472, 0.048137493431568146, 0.9898180365562439, 0.01824021525681019, 0.014316904358565807, 0.030661089345812798, 0.059577733278274536, 0.1308232992887497, 0.014593689702451229, 0.9331257343292236, 0.9390746355056763, 0.00046729485620744526, 0.06972923129796982, 0.9420075416564941, 0.9930712580680847, 0.3083582818508148, 0.9021484851837158, 0.039116647094488144, 0.07030929625034332, 0.003446814836934209, 0.138352632522583, 0.022913238033652306, 0.0007813582778908312, 0.8442433476448059, 0.00027802909607999027, 0.0004956535412929952, 0.04525647684931755, 0.0006843967130407691, 0.056451570242643356, 0.040023718029260635, 0.8642200231552124, 0.001019520335830748, 0.05228765681385994, 0.007062146905809641, 0.0035048688296228647, 0.015448887832462788, 0.2961519956588745, 0.17938445508480072, 0.968285322189331, 0.31404879689216614, 0.006709489040076733, 0.0017872218741104007, 0.008850098587572575, 0.016534749418497086, 0.12297175824642181, 0.0008257471490651369, 0.0014487787848338485, 0.0019914337899535894, 0.0010870543774217367, 0.29887813329696655, 0.8943161964416504, 0.15855778753757477, 0.3027280867099762, 0.0005732558784075081, 0.0010770880617201328, 0.009119663387537003, 0.00921519286930561, 0.04076090455055237, 0.9052544236183167, 0.0003494084521662444, 0.30640289187431335, 0.0004224466683808714, 0.0003310573229100555, 0.0014490154571831226, 0.29011255502700806, 0.3404221534729004, 0.9519271850585938, 0.2647426128387451, 0.02071872353553772, 0.25461557507514954, 0.04842656850814819, 0.000279455678537488, 0.0011864021653309464, 0.001972112338989973, 0.00034094968577846885, 0.33486294746398926, 0.9841984510421753, 0.004458785522729158, 0.3273169994354248, 0.00037013349356129766, 0.0009185918024741113, 0.2174995094537735, 0.014104441739618778]}, "logits": {"test": [-3.149928092956543, -0.5712088942527771, -2.341850996017456, 2.116960287094116, -3.4388606548309326, -3.3425793647766113, -2.844064474105835, -1.5027137994766235, -0.9380483031272888, 0.0128928292542696, -3.524686336517334, -1.5363585948944092, -2.937640905380249, -0.5902159214019775, -0.6279672384262085, -1.0983805656433105, -1.6610809564590454, -1.1532186269760132, -1.530539631843567, 2.10310435295105, -1.9728424549102783, -2.0805790424346924, -1.7385385036468506, -1.4303265810012817, -1.0429927110671997, -2.0720789432525635, 1.2718335390090942, 1.314887285232544, -3.479707717895508, -1.3553357124328613, 1.3374789953231812, 2.26619291305542, -0.5443766117095947, 1.092122197151184, -1.6268361806869507, -1.351373553276062, -2.6950860023498535, -1.013831615447998, -1.870535135269165, -3.2904882431030273, 0.8610379695892334, -3.650161027908325, -3.458773374557495, -1.5593072175979614, -3.340440511703491, -1.4557756185531616, -1.6162540912628174, 0.9312832355499268, -3.1882987022399902, -1.491845726966858, -2.389695882797241, -2.6880853176116943, -2.046823024749756, -0.5711274147033691, -0.8737021088600159, 1.6095895767211914, -0.5327461361885071, -2.411797523498535, -2.9656600952148438, -2.29182505607605, -2.016622543334961, -1.0749266147613525, -3.2694649696350098, -3.0499508380889893, -2.92177414894104, -3.1633167266845703, -0.5649945735931396, 1.0550471544265747, -0.9413529634475708, -0.5568530559539795, -3.4061076641082764, -3.166914701461792, -2.2787556648254395, -2.274200916290283, -1.6078336238861084, 1.1077593564987183, -3.5789010524749756, -0.5485316514968872, -3.5149312019348145, -3.596468687057495, -3.0498850345611572, -0.5846738815307617, -0.4774334728717804, 1.4231514930725098, -0.6431901454925537, -1.915807843208313, -0.6675240397453308, -1.5277470350265503, -3.6487057209014893, -3.129056215286255, -2.9257383346557617, -3.5869195461273193, -0.4888482987880707, 1.9144551753997803, -2.5865585803985596, -0.5041488409042358, -3.559814929962158, -3.228623390197754, -0.7632639408111572, -2.08718204498291]}, "acc_test": 0.42, "precision_test": 0.21428571428571427, "recall_test": 0.06, "f1_test": 0.09375, "auc_test": 0.36119999999999997, "preds": [0.0011249224189668894, 0.00788765400648117, 0.0005238992744125426, 0.002407900057733059, 0.15953008830547333, 0.00041062867967411876, 0.00191521889064461, 0.27127179503440857, 0.036314234137535095, 0.048137493431568146, 0.01824021525681019, 0.030661089345812798, 0.1308232992887497, 0.9331257343292236, 0.00046729485620744526, 0.9420075416564941, 0.3083582818508148, 0.039116647094488144, 0.003446814836934209, 0.022913238033652306, 0.8442433476448059, 0.0004956535412929952, 0.0006843967130407691, 0.040023718029260635, 0.001019520335830748, 0.007062146905809641, 0.015448887832462788, 0.17938445508480072, 0.31404879689216614, 0.0017872218741104007, 0.016534749418497086, 0.0008257471490651369, 0.0019914337899535894, 0.29887813329696655, 0.15855778753757477, 0.0005732558784075081, 0.009119663387537003, 0.04076090455055237, 0.0003494084521662444, 0.0004224466683808714, 0.0014490154571831226, 0.3404221534729004, 0.2647426128387451, 0.25461557507514954, 0.000279455678537488, 0.001972112338989973, 0.33486294746398926, 0.004458785522729158, 0.00037013349356129766, 0.2174995094537735]}
{"name": "distilbert-base-uncased", "predictions": {"test": [0.9786573052406311, 0.9727636575698853, 0.9948998093605042, 0.05259521305561066, 0.945020854473114, 0.9166582226753235, 0.9887462258338928, 0.8932068943977356, 0.9764031767845154, 0.9903444647789001, 0.9163645505905151, 0.9339562058448792, 0.9957801103591919, 0.9819137454032898, 0.9979185461997986, 0.009381669573485851, 0.9909778833389282, 0.9102534055709839, 0.9953774213790894, 0.682111918926239, 0.9564662575721741, 0.9493982791900635, 0.9870906472206116, 0.9963546991348267, 0.9915980100631714, 0.023042481392621994, 0.9916649460792542, 0.9922674298286438, 0.9910376071929932, 0.1603509932756424, 0.9949012994766235, 0.9718096852302551, 0.9805837869644165, 0.18191829323768616, 0.986777663230896, 0.5924808979034424, 0.9898057579994202, 0.9697977304458618, 0.9966093301773071, 0.8943499326705933, 0.9881004095077515, 0.9653038382530212, 0.9909710884094238, 0.996759831905365, 0.9890590310096741, 0.9909253120422363, 0.9932405948638916, 0.9846848249435425, 0.9932376146316528, 0.8628042340278625, 0.9960218071937561, 0.9924283623695374, 0.9730125665664673, 0.8426371812820435, 0.994411051273346, 0.9907038807868958, 0.9940775632858276, 0.8688465356826782, 0.9922391176223755, 0.9908525347709656, 0.994882345199585, 0.9462487697601318, 0.9878139495849609, 0.332997590303421, 0.9680915474891663, 0.9732739329338074, 0.9956284761428833, 0.9757413268089294, 0.9934241771697998, 0.9744263291358948, 0.9944122433662415, 0.7762037515640259, 0.9891194105148315, 0.8762097954750061, 0.9715219140052795, 0.876303493976593, 0.9936249256134033, 0.9881529211997986, 0.990160346031189, 0.8062047362327576, 0.96402508020401, 0.7115715742111206, 0.9908949136734009, 0.9837210178375244, 0.9911162853240967, 0.962711751461029, 0.9760265946388245, 0.07477349787950516, 0.9927229285240173, 0.9344058632850647, 0.9907049536705017, 0.08718129992485046, 0.9920549392700195, 0.7503458261489868, 0.9892893433570862, 0.717973530292511, 0.9932119846343994, 0.9815426468849182, 0.9901766180992126, 0.22530657052993774]}, "logits": {"test": [2.0185885429382324, 1.9096931219100952, 2.8420863151550293, -1.3911216259002686, 1.5200728178024292, 1.34893798828125, 2.4032297134399414, 1.2378194332122803, 2.000838041305542, 2.460303544998169, 1.3173433542251587, 1.4739614725112915, 2.9461894035339355, 2.1994071006774902, 3.2820522785186768, -2.3373987674713135, 2.54046893119812, 1.3041545152664185, 2.843001127243042, 0.493569940328598, 1.6435749530792236, 1.599287748336792, 2.3420872688293457, 3.065511703491211, 2.5346617698669434, -1.8594505786895752, 2.567643404006958, 2.596559762954712, 2.562180995941162, -0.7011255025863647, 2.830989360809326, 1.9191786050796509, 2.09794282913208, -0.7128214836120605, 2.356794595718384, 0.30856239795684814, 2.4361190795898438, 1.9203661680221558, 3.0260140895843506, 1.2250996828079224, 2.364685297012329, 1.7259563207626343, 2.5324084758758545, 3.1147537231445312, 2.3682138919830322, 2.458850860595703, 2.697854995727539, 2.2941973209381104, 2.6859490871429443, 1.0503852367401123, 2.9328415393829346, 2.6078739166259766, 1.9023261070251465, 0.9005661010742188, 2.7576005458831787, 2.5119893550872803, 2.7825331687927246, 1.0985914468765259, 2.579129219055176, 2.52256178855896, 2.8155033588409424, 1.5591652393341064, 2.396847724914551, -0.1881169080734253, 1.7973589897155762, 1.9022012948989868, 2.9355571269989014, 1.9952353239059448, 2.6839332580566406, 1.9825705289840698, 2.8170323371887207, 0.7751686573028564, 2.3655974864959717, 1.0413671731948853, 1.8614962100982666, 1.0014740228652954, 2.712130546569824, 2.4026474952697754, 2.4682812690734863, 0.7608792781829834, 1.7405108213424683, 0.5003856420516968, 2.4601922035217285, 2.205768346786499, 2.549429416656494, 1.7746052742004395, 1.9615775346755981, -1.1506320238113403, 2.623737335205078, 1.5482057332992554, 2.4846222400665283, -1.1498278379440308, 2.558006763458252, 0.7141700983047485, 2.381584405899048, 0.5864797830581665, 2.6049065589904785, 2.1573097705841064, 2.4753575325012207, -0.6201849579811096]}, "acc_test": 0.59, "precision_test": 0.5494505494505495, "recall_test": 1.0, "f1_test": 0.7092198581560284, "auc_test": 0.8548000000000001, "preds": [0.9786573052406311, 0.9948998093605042, 0.945020854473114, 0.9887462258338928, 0.9764031767845154, 0.9163645505905151, 0.9957801103591919, 0.9979185461997986, 0.9909778833389282, 0.9953774213790894, 0.9564662575721741, 0.9870906472206116, 0.9915980100631714, 0.9916649460792542, 0.9910376071929932, 0.9949012994766235, 0.9805837869644165, 0.986777663230896, 0.9898057579994202, 0.9966093301773071, 0.9881004095077515, 0.9909710884094238, 0.9890590310096741, 0.9932405948638916, 0.9932376146316528, 0.9960218071937561, 0.9730125665664673, 0.994411051273346, 0.9940775632858276, 0.9922391176223755, 0.994882345199585, 0.9878139495849609, 0.9680915474891663, 0.9956284761428833, 0.9934241771697998, 0.9944122433662415, 0.9891194105148315, 0.9715219140052795, 0.9936249256134033, 0.990160346031189, 0.96402508020401, 0.9908949136734009, 0.9911162853240967, 0.9760265946388245, 0.9927229285240173, 0.9907049536705017, 0.9920549392700195, 0.9892893433570862, 0.9932119846343994, 0.9901766180992126]}
