{"name": "likelihood_threshold", "predictions": {"test": [-2.7873892784118652, -3.197319507598877, -3.531973123550415, -3.1106767654418945, -2.5183088779449463, -3.483752965927124, -2.057344675064087, -2.559431552886963, -2.7726259231567383, -2.9220380783081055, -2.3660800457000732, -3.627936363220215, -2.203845500946045, -3.0835392475128174, -2.7908360958099365, -2.7186949253082275, -2.3850584030151367, -3.143124580383301, -2.3407602310180664, -3.1511900424957275, -2.332797050476074, -3.4227569103240967, -2.3484911918640137, -2.7879393100738525, -2.1171813011169434, -3.2498979568481445, -2.314342975616455, -3.3101418018341064, -2.2433969974517822, -3.249077558517456, -2.2750887870788574, -3.022451877593994, -2.2585833072662354, -3.3524255752563477, -2.846325397491455, -3.685779333114624, -1.9743435382843018, -2.7686758041381836, -2.8480191230773926, -4.1127190589904785, -2.0330660343170166, -3.3229737281799316, -2.349086046218872, -3.1848037242889404, -2.536010980606079, -2.851383924484253, -2.7399322986602783, -3.340991497039795, -2.1273574829101562, -2.8097174167633057, -2.3082499504089355, -3.100554943084717, -2.3630118370056152, -2.92744517326355, -2.0069475173950195, -2.865732192993164, -2.4935216903686523, -3.4191689491271973, -2.438596725463867, -3.3712148666381836, -2.4127466678619385, -2.7507050037384033, -2.3573508262634277, -3.2380850315093994, -3.2134547233581543, -3.81430721282959, -2.260903835296631, -3.0289437770843506, -2.314157247543335, -3.1127688884735107, -2.0105443000793457, -2.4685521125793457, -2.4232771396636963, -3.1748201847076416, -2.1407229900360107, -2.653822422027588, -2.8009886741638184, -3.721132755279541, -2.6991376876831055, -3.29359769821167, -2.5684642791748047, -3.064150333404541, -2.184558868408203, -3.155567169189453, -2.5790629386901855, -3.1256484985351562, -2.904630184173584, -3.324493885040283, -2.504317283630371, -3.236172676086426, -2.1695594787597656, -3.0556509494781494, -2.5813279151916504, -2.9755966663360596, -2.575030565261841, -3.028151273727417, -3.0285816192626953, -3.8252036571502686, -2.8414485454559326, -3.477696180343628]}, "acc_test": 0.7, "precision_test": 0.6282051282051282, "recall_test": 0.98, "f1_test": 0.765625, "auc_test": 0.9332}
{"name": "rank_threshold", "predictions": {"test": [-117.21854400634766, -344.90740966796875, -106.01176452636719, -131.81118774414062, -59.97761154174805, -279.8344421386719, -11.681818962097168, -88.89115142822266, -85.41935729980469, -139.446533203125, -43.967594146728516, -382.59478759765625, -46.73722457885742, -128.6844940185547, -18.80487823486328, -143.3913116455078, -39.866668701171875, -126.49090576171875, -54.07272720336914, -245.87820434570312, -65.55757141113281, -303.8888854980469, -33.9383544921875, -123.97468566894531, -15.972890853881836, -215.74545288085938, -40.328125, -342.2605895996094, -18.917051315307617, -151.30201721191406, -14.990824699401855, -84.07142639160156, -18.22857093811035, -54.80864334106445, -103.61375427246094, -185.1234588623047, -21.67672348022461, -59.90860366821289, -193.6056365966797, -353.5856628417969, -26.873685836791992, -338.190185546875, -56.09090805053711, -127.00609588623047, -34.29861068725586, -107.79267883300781, -40.860137939453125, -134.1241912841797, -16.86111068725586, -254.44586181640625, -38.61928939819336, -122.47333526611328, -58.216217041015625, -167.76087951660156, -21.141080856323242, -205.20730590820312, -29.798967361450195, -257.59375, -69.71428680419922, -187.7663116455078, -23.560344696044922, -39.546051025390625, -19.340425491333008, -89.87574005126953, -106.66455841064453, -306.87249755859375, -8.164178848266602, -164.5, -16.60869598388672, -89.24285888671875, -8.967033386230469, -148.44927978515625, -66.40601348876953, -100.55033874511719, -17.782894134521484, -139.7385711669922, -64.19999694824219, -261.664794921875, -110.81918334960938, -309.1190490722656, -20.510066986083984, -62.050724029541016, -21.52678680419922, -92.05594635009766, -55.77922058105469, -94.96470642089844, -95.14173126220703, -147.56082153320312, -27.741378784179688, -169.356689453125, -17.91549301147461, -61.53845977783203, -21.72269058227539, -71.43225860595703, -25.40458106994629, -121.60588836669922, -184.70338439941406, -575.9876098632812, -66.7315444946289, -205.77438354492188]}, "acc_test": 0.7, "precision_test": 0.631578947368421, "recall_test": 0.96, "f1_test": 0.7619047619047619, "auc_test": 0.9239999999999999}
{"name": "log_rank_threshold", "predictions": {"test": [-1.400275468826294, -1.6615945100784302, -1.8868935108184814, -1.620785117149353, -1.2312474250793457, -1.8776754140853882, -0.8822507262229919, -1.2129688262939453, -1.4065252542495728, -1.5587868690490723, -1.1926133632659912, -2.0641634464263916, -1.0354081392288208, -1.660825490951538, -1.2907475233078003, -1.2980594635009766, -1.118603229522705, -1.585797667503357, -1.1321947574615479, -1.6418120861053467, -1.0908515453338623, -1.8367359638214111, -1.035570502281189, -1.3715580701828003, -0.9595727920532227, -1.7334626913070679, -1.129390001296997, -1.7484071254730225, -1.0807417631149292, -1.6818459033966064, -1.0313000679016113, -1.5107784271240234, -1.027273416519165, -1.754647970199585, -1.473504900932312, -2.0148439407348633, -0.9223527312278748, -1.388899564743042, -1.4707194566726685, -2.307927370071411, -0.8747499585151672, -1.6993448734283447, -1.1410315036773682, -1.6749334335327148, -1.2211742401123047, -1.4064280986785889, -1.3071931600570679, -1.726657509803772, -0.9806545972824097, -1.4103633165359497, -1.1414159536361694, -1.636112093925476, -1.102663278579712, -1.4486064910888672, -0.9296685457229614, -1.462693691253662, -1.220827579498291, -1.8737419843673706, -1.1212882995605469, -1.8258317708969116, -1.1454838514328003, -1.3430064916610718, -1.0975724458694458, -1.6887171268463135, -1.686031699180603, -2.155956506729126, -1.0058387517929077, -1.5106306076049805, -1.0624589920043945, -1.6423453092575073, -0.9018748998641968, -1.137257695198059, -1.1640242338180542, -1.665698528289795, -0.9924137592315674, -1.3393255472183228, -1.4123549461364746, -2.09210467338562, -1.348043441772461, -1.7925723791122437, -1.3036593198776245, -1.5216152667999268, -1.04356849193573, -1.6085350513458252, -1.2368398904800415, -1.6404814720153809, -1.4564353227615356, -1.7917579412460327, -1.2325074672698975, -1.7340331077575684, -0.9915351271629333, -1.5653327703475952, -1.2287471294403076, -1.5030066967010498, -1.2450913190841675, -1.6020511388778687, -1.6461180448532104, -2.2126431465148926, -1.4491517543792725, -1.8349379301071167]}, "acc_test": 0.7, "precision_test": 0.631578947368421, "recall_test": 0.96, "f1_test": 0.7619047619047619, "auc_test": 0.9211999999999999}
{"name": "entropy_threshold", "predictions": {"test": [3.658751964569092, 3.946267604827881, 3.269397735595703, 3.2134385108947754, 2.973745584487915, 3.528266668319702, 2.9951915740966797, 2.9968161582946777, 2.999335765838623, 3.2061307430267334, 2.891996145248413, 3.791299819946289, 2.9481041431427, 3.2502710819244385, 3.4989514350891113, 3.197566032409668, 2.996715784072876, 3.421308994293213, 3.0050711631774902, 3.4592230319976807, 2.659558057785034, 3.3327584266662598, 2.7763454914093018, 2.802168130874634, 2.9000284671783447, 3.696507453918457, 2.923191547393799, 3.569157838821411, 2.8923633098602295, 3.4479165077209473, 3.0594022274017334, 3.3963258266448975, 2.9533495903015137, 3.4852309226989746, 3.3836159706115723, 3.6460540294647217, 2.505033493041992, 2.887233257293701, 3.530597448348999, 4.229419708251953, 2.6524837017059326, 3.4590277671813965, 2.9047651290893555, 3.5271694660186768, 3.3191919326782227, 3.30265212059021, 3.2647035121917725, 3.3219499588012695, 2.825174570083618, 3.178894281387329, 2.984477996826172, 3.523080348968506, 3.1624655723571777, 3.2134454250335693, 2.541958808898926, 3.1708760261535645, 2.991433620452881, 3.6047165393829346, 3.1037678718566895, 3.4474222660064697, 2.9806292057037354, 3.2342169284820557, 3.031409978866577, 3.5126945972442627, 3.134190797805786, 3.7993786334991455, 2.802631139755249, 2.912135601043701, 3.109609603881836, 3.406130790710449, 2.738759756088257, 2.7599544525146484, 2.9583942890167236, 3.293154239654541, 2.4756593704223633, 2.7151429653167725, 3.4105453491210938, 3.722368001937866, 3.309004545211792, 3.5750014781951904, 2.9479377269744873, 3.2250869274139404, 2.8352439403533936, 3.6716833114624023, 2.964517831802368, 3.3182661533355713, 3.2774674892425537, 3.5578505992889404, 3.250581979751587, 3.461763381958008, 2.976909875869751, 3.292348861694336, 3.2918953895568848, 3.2560622692108154, 3.171787977218628, 3.2721877098083496, 3.478792667388916, 3.973037004470825, 3.126941680908203, 3.587005853652954]}, "acc_test": 0.63, "precision_test": 0.5764705882352941, "recall_test": 0.98, "f1_test": 0.7259259259259259, "auc_test": 0.8140000000000001}
{"name": "rank_GLTR_threshold", "predictions": {"test": [[0.7682119205298014, 0.1456953642384106, 0.052980132450331126, 0.033112582781456956], [0.7222222222222222, 0.14814814814814814, 0.08641975308641975, 0.043209876543209874], [0.6647058823529411, 0.21176470588235294, 0.08235294117647059, 0.041176470588235294], [0.7622377622377622, 0.15384615384615385, 0.055944055944055944, 0.027972027972027972], [0.7985074626865671, 0.12686567164179105, 0.05223880597014925, 0.022388059701492536], [0.695364238410596, 0.19205298013245034, 0.059602649006622516, 0.052980132450331126], [0.8787878787878788, 0.10227272727272728, 0.01893939393939394, 0.0], [0.8435374149659864, 0.08843537414965986, 0.047619047619047616, 0.02040816326530612], [0.7935483870967742, 0.12258064516129032, 0.05806451612903226, 0.025806451612903226], [0.7672955974842768, 0.12578616352201258, 0.06289308176100629, 0.0440251572327044], [0.7962962962962963, 0.1388888888888889, 0.05555555555555555, 0.009259259259259259], [0.6666666666666666, 0.13725490196078433, 0.13725490196078433, 0.058823529411764705], [0.8394160583941606, 0.11678832116788321, 0.0364963503649635, 0.0072992700729927005], [0.7058823529411765, 0.17647058823529413, 0.09090909090909091, 0.026737967914438502], [0.7642276422764228, 0.18699186991869918, 0.04878048780487805, 0.0], [0.8115942028985508, 0.12318840579710146, 0.036231884057971016, 0.028985507246376812], [0.8066666666666666, 0.16, 0.02666666666666667, 0.006666666666666667], [0.7515151515151515, 0.13333333333333333, 0.07878787878787878, 0.03636363636363636], [0.8090909090909091, 0.13333333333333333, 0.048484848484848485, 0.00909090909090909], [0.6987179487179487, 0.23076923076923078, 0.04487179487179487, 0.02564102564102564], [0.8121212121212121, 0.15151515151515152, 0.030303030303030304, 0.006060606060606061], [0.7, 0.18333333333333332, 0.05, 0.06666666666666667], [0.821917808219178, 0.1506849315068493, 0.02054794520547945, 0.00684931506849315], [0.7721518987341772, 0.13924050632911392, 0.06962025316455696, 0.0189873417721519], [0.8524096385542169, 0.12951807228915663, 0.015060240963855422, 0.0030120481927710845], [0.7212121212121212, 0.15151515151515152, 0.09090909090909091, 0.03636363636363636], [0.8125, 0.125, 0.0546875, 0.0078125], [0.6909090909090909, 0.18787878787878787, 0.07878787878787878, 0.04242424242424243], [0.8202764976958525, 0.1382488479262673, 0.03686635944700461, 0.004608294930875576], [0.738255033557047, 0.1476510067114094, 0.09395973154362416, 0.020134228187919462], [0.8532110091743119, 0.12385321100917432, 0.022935779816513763, 0.0], [0.7272727272727273, 0.17532467532467533, 0.08441558441558442, 0.012987012987012988], [0.8171428571428572, 0.13714285714285715, 0.045714285714285714, 0.0], [0.654320987654321, 0.2654320987654321, 0.07407407407407407, 0.006172839506172839], [0.7248677248677249, 0.17989417989417988, 0.07936507936507936, 0.015873015873015872], [0.6296296296296297, 0.24074074074074073, 0.09876543209876543, 0.030864197530864196], [0.853448275862069, 0.12931034482758622, 0.01293103448275862, 0.004310344827586207], [0.7634408602150538, 0.15591397849462366, 0.06989247311827956, 0.010752688172043012], [0.7535211267605634, 0.16901408450704225, 0.06338028169014084, 0.014084507042253521], [0.6022099447513812, 0.2154696132596685, 0.13812154696132597, 0.04419889502762431], [0.8842105263157894, 0.07894736842105263, 0.031578947368421054, 0.005263157894736842], [0.7423312883435583, 0.15950920245398773, 0.06748466257668712, 0.03067484662576687], [0.8138528138528138, 0.16883116883116883, 0.008658008658008658, 0.008658008658008658], [0.7195121951219512, 0.15853658536585366, 0.0975609756097561, 0.024390243902439025], [0.7986111111111112, 0.1388888888888889, 0.05555555555555555, 0.006944444444444444], [0.7560975609756098, 0.15853658536585366, 0.06707317073170732, 0.018292682926829267], [0.7832167832167832, 0.1258741258741259, 0.08391608391608392, 0.006993006993006993], [0.6862745098039216, 0.19607843137254902, 0.08496732026143791, 0.032679738562091505], [0.8518518518518519, 0.09876543209876543, 0.04938271604938271, 0.0], [0.7770700636942676, 0.1337579617834395, 0.07643312101910828, 0.012738853503184714], [0.8223350253807107, 0.116751269035533, 0.050761421319796954, 0.01015228426395939], [0.7533333333333333, 0.15333333333333332, 0.06, 0.03333333333333333], [0.8243243243243243, 0.12837837837837837, 0.033783783783783786, 0.013513513513513514], [0.782608695652174, 0.13768115942028986, 0.057971014492753624, 0.021739130434782608], [0.8755186721991701, 0.07468879668049792, 0.04149377593360996, 0.008298755186721992], [0.7378048780487805, 0.1951219512195122, 0.036585365853658534, 0.03048780487804878], [0.7989690721649485, 0.14432989690721648, 0.04639175257731959, 0.010309278350515464], [0.7, 0.1625, 0.075, 0.0625], [0.8136645962732919, 0.14906832298136646, 0.024844720496894408, 0.012422360248447204], [0.6413043478260869, 0.2391304347826087, 0.09239130434782608, 0.02717391304347826], [0.8362068965517241, 0.10344827586206896, 0.0603448275862069, 0.0], [0.7828947368421053, 0.17105263157894737, 0.03289473684210526, 0.013157894736842105], [0.8351063829787234, 0.11702127659574468, 0.047872340425531915, 0.0], [0.7337278106508875, 0.15976331360946747, 0.08284023668639054, 0.023668639053254437], [0.6835443037974683, 0.24050632911392406, 0.056962025316455694, 0.0189873417721519], [0.610738255033557, 0.2550335570469799, 0.0738255033557047, 0.06040268456375839], [0.8407960199004975, 0.14427860696517414, 0.014925373134328358, 0.0], [0.7642857142857142, 0.15714285714285714, 0.05, 0.02857142857142857], [0.8379446640316206, 0.1225296442687747, 0.039525691699604744, 0.0], [0.7357142857142858, 0.15, 0.1, 0.014285714285714285], [0.8571428571428571, 0.1282051282051282, 0.014652014652014652, 0.0], [0.8260869565217391, 0.12318840579710146, 0.043478260869565216, 0.007246376811594203], [0.8120300751879699, 0.14285714285714285, 0.03759398496240601, 0.007518796992481203], [0.7114093959731543, 0.1610738255033557, 0.11409395973154363, 0.013422818791946308], [0.8355263157894737, 0.13815789473684212, 0.019736842105263157, 0.006578947368421052], [0.7777777777777778, 0.17647058823529413, 0.013071895424836602, 0.032679738562091505], [0.772093023255814, 0.17209302325581396, 0.04186046511627907, 0.013953488372093023], [0.6368715083798883, 0.21787709497206703, 0.09497206703910614, 0.05027932960893855], [0.7753424657534247, 0.13972602739726028, 0.06575342465753424, 0.019178082191780823], [0.7321428571428571, 0.13095238095238096, 0.08928571428571429, 0.047619047619047616], [0.8120805369127517, 0.1342281879194631, 0.053691275167785234, 0.0], [0.782608695652174, 0.13768115942028986, 0.06521739130434782, 0.014492753623188406], [0.84375, 0.11607142857142858, 0.03571428571428571, 0.004464285714285714], [0.7482517482517482, 0.17482517482517482, 0.04895104895104895, 0.027972027972027972], [0.8051948051948052, 0.13636363636363635, 0.05194805194805195, 0.006493506493506494], [0.7352941176470589, 0.18823529411764706, 0.058823529411764705, 0.01764705882352941], [0.7244094488188977, 0.2204724409448819, 0.03937007874015748, 0.015748031496062992], [0.6891891891891891, 0.20945945945945946, 0.06756756756756757, 0.033783783783783786], [0.7974137931034483, 0.15517241379310345, 0.04310344827586207, 0.004310344827586207], [0.7261146496815286, 0.1337579617834395, 0.10828025477707007, 0.03184713375796178], [0.8415492957746479, 0.12323943661971831, 0.035211267605633804, 0.0], [0.7412587412587412, 0.16783216783216784, 0.07692307692307693, 0.013986013986013986], [0.7815126050420168, 0.15126050420168066, 0.06722689075630252, 0.0], [0.7161290322580646, 0.2, 0.07741935483870968, 0.0064516129032258064], [0.7786259541984732, 0.17557251908396945, 0.04580152671755725, 0.0], [0.7470588235294118, 0.1411764705882353, 0.08235294117647059, 0.029411764705882353], [0.7457627118644068, 0.1271186440677966, 0.0847457627118644, 0.0423728813559322], [0.6521739130434783, 0.14285714285714285, 0.12422360248447205, 0.08074534161490683], [0.738255033557047, 0.21476510067114093, 0.03355704697986577, 0.013422818791946308], [0.7012195121951219, 0.21951219512195122, 0.036585365853658534, 0.042682926829268296]]}, "acc_test": 0.66, "precision_test": 0.6052631578947368, "recall_test": 0.92, "f1_test": 0.7301587301587301, "auc_test": 0.8656}
{"name": "perturbation_10_z", "predictions": {"test": [1.7295428259299106, 0.7301558044911447, -0.807682339378859, 0.8855676009781801, 0.4655363872750496, -0.1291195378422224, 3.072326398938952, 0.6973038666506887, 0.6983771038818309, -0.4120034511934465, 0.962454083512733, 1.2537304501492792, 2.660367469392573, 1.297234653249496, 1.4374762798357839, 0.4411905997123197, 0.7799517718985344, 0.5522609053594745, 2.7625263518191403, 0.36640649526005975, 1.2069967359920792, 0.5378184345414136, 0.901836867719313, 0.6281984584146855, 1.8542880061593119, 0.5355504049226963, 1.7021698420162965, 0.3875033022175422, 0.9223919918957877, -0.12652864630721716, 1.7982411842376707, 0.05126844163066729, 1.0012426475003793, 0.3069570754241278, 0.9195542748593972, 0.35877456904966565, 1.3063850982673597, 0.6303090981462459, 0.7685056112722981, 0.11400849508399319, 2.102577834889102, 0.26429727742994996, 1.7684636578942696, 0.40914844791316046, 0.9715684028789205, 1.006555223375623, 0.9225152744913071, 0.29513390944416484, 2.280130887928234, 0.35224051918355065, 0.845872140481488, 0.4487494915331007, 0.08769350904368364, 0.12080475925748162, 2.334525788663467, 0.634234349035145, 0.7373397417382391, 0.3458209725510851, 0.5992383442265716, 0.029043807864656955, 0.6834538519517667, -0.1637131547190678, 0.9904704560405654, 0.13701278625752344, 0.5262606958748588, -0.5918722634000482, 1.3901615180801512, -0.3654257503317625, 1.526473886499897, -0.026881278892539252, 1.0431368489321204, 0.8360205795273901, 0.9472794211337201, 0.2589264403735416, 0.37991725495931294, 1.2235580270291928, 0.19670480164245419, 0.16364864102053636, 2.678331446928364, 0.4623428176652437, 0.3275640881490973, 0.7557329551277154, 1.362203775869155, -0.180625181576019, 1.581265023490573, -0.17395179302785815, 0.4255317195359323, 0.5017650830087015, 1.565059265598045, -0.0944493866018022, 2.56496403397962, 0.1509625624457207, 0.16531648885021627, -0.5132898263177587, 1.4085311511584107, 0.5152366569375777, 0.9730884910200952, 0.34966273140475856, 0.5641200542317307, 0.6599561174941616]}, "info": {"pct_words_masked": 0.3, "span_length": 2, "n_perturbations": 10}, "general": {"acc_test": 0.67, "precision_test": 0.6133333333333333, "recall_test": 0.92, "f1_test": 0.7360000000000001, "auc_test": 0.852}}
{"name": "Retrained GPT-sentinel", "before": {"acc_test": 0.79, "precision_test": 0.967741935483871, "recall_test": 0.6, "f1_test": 0.7407407407407407, "auc_test": 0.8696}, "acc_test": 0.79, "precision_test": 0.8918918918918919, "recall_test": 0.66, "f1_test": 0.7586206896551725, "auc_test": 0.8568}
{"name": "RetrainedHello-SimpleAI/chatgpt-detector-roberta", "predictions": {"test": [0.9979308843612671, 0.9561798572540283, 0.9982060194015503, 0.9986675977706909, 0.999226450920105, 0.02705748938024044, 0.9992204904556274, 0.7441778779029846, 0.9991651773452759, 0.9755604267120361, 0.9992214441299438, 0.7409325838088989, 0.9991348385810852, 0.9593911170959473, 0.995726466178894, 0.7695510387420654, 0.9983547329902649, 0.9936683773994446, 0.997232973575592, 0.9988346695899963, 0.9992631077766418, 0.5536526441574097, 0.9974172115325928, 0.7544020414352417, 0.9992426633834839, 0.4157297611236572, 0.9991938471794128, 0.9961674809455872, 0.994040310382843, 0.7545120716094971, 0.9992582201957703, 0.9991360306739807, 0.9992268085479736, 0.9959800243377686, 0.6207488179206848, 0.7744510769844055, 0.9945313334465027, 0.7045741677284241, 0.7828219532966614, 0.037964221090078354, 0.9992513060569763, 0.0008353879093192518, 0.9992374181747437, 0.7168483734130859, 0.9992263317108154, 0.725795328617096, 0.9992534518241882, 0.9963202476501465, 0.6120795011520386, 0.7036565542221069, 0.9972641468048096, 0.20101073384284973, 0.9992576241493225, 0.9619754552841187, 0.9992496371269226, 0.9966480135917664, 0.9991550445556641, 0.2564820945262909, 0.9992289543151855, 0.46194639801979065, 0.4981095790863037, 0.7591729760169983, 0.29138368368148804, 0.09521079808473587, 0.41413384675979614, 0.0781935378909111, 0.9992225170135498, 0.9883924126625061, 0.9992522597312927, 0.9824569821357727, 0.9963728189468384, 0.07519476860761642, 0.9976478219032288, 0.35864606499671936, 0.999115526676178, 0.9874832630157471, 0.9992320537567139, 0.9733438491821289, 0.061012305319309235, 0.0017639751313254237, 0.999212384223938, 0.9221274256706238, 0.9992282390594482, 0.9958082437515259, 0.9979578256607056, 0.6543971300125122, 0.995868444442749, 0.7449166178703308, 0.9949299693107605, 0.05829406529664993, 0.9929481744766235, 0.0018813763745129108, 0.9980251789093018, 0.9984337687492371, 0.999213457107544, 0.9662213325500488, 0.9915688633918762, 0.05885649472475052, 0.7831541299819946, 0.3719519078731537]}, "logits": {"test": [2.7696080207824707, 1.46985924243927, 2.826474189758301, 2.942763328552246, 3.10617733001709, -1.7937732934951782, 3.1018264293670654, 0.30972203612327576, 3.112748622894287, 1.728877067565918, 3.102530002593994, 0.3017619252204895, 3.101008653640747, 1.5040282011032104, 2.473187208175659, 0.3756011426448822, 2.8606650829315186, 2.3087949752807617, 2.652143955230713, 2.993746757507324, 3.139488935470581, -0.09017857909202576, 2.68013072013855, 0.33561971783638, 3.140612840652466, -0.34421294927597046, 3.1236939430236816, 2.5183401107788086, 2.3342721462249756, 0.3360540270805359, 3.1181395053863525, 3.1014506816864014, 3.101898193359375, 2.498568058013916, 0.038008224219083786, 0.3892342150211334, 2.3703057765960693, 0.49532443284988403, 0.4120854437351227, -1.639887809753418, 3.125858783721924, -3.256546974182129, 3.11440372467041, 0.24327467381954193, 3.1061582565307617, 0.2644837498664856, 3.127805233001709, 2.5351312160491943, 0.02097625657916069, 0.2126978039741516, 2.6567177772521973, -0.8142163157463074, 3.1319122314453125, 1.533299207687378, 3.1423752307891846, 2.5735766887664795, 3.108823299407959, -0.6720278263092041, 3.1080570220947266, -0.25866594910621643, -0.1924501657485962, 0.34807172417640686, -0.5927334427833557, -1.204725742340088, -0.34724095463752747, -1.3007864952087402, 3.099627733230591, 2.051440477371216, 3.142925977706909, 1.873489260673523, 2.5410654544830322, -1.3196402788162231, 2.7180120944976807, -0.45361119508743286, 3.093561887741089, 2.0191152095794678, 3.1103477478027344, 1.690780520439148, -1.4192808866500854, -2.9615795612335205, 3.130589723587036, 1.2057394981384277, 3.102686882019043, 2.4812097549438477, 2.7748537063598633, 0.10599645972251892, 2.4872052669525146, 0.31172969937324524, 2.401940107345581, -1.4407819509506226, 2.2633259296417236, -2.935537099838257, 2.788252115249634, 2.880007743835449, 3.094958543777466, 1.5861486196517944, 2.1877431869506836, -1.4362603425979614, 0.41278010606765747, -0.4275825321674347]}, "acc_test": 0.62, "precision_test": 0.575, "recall_test": 0.92, "f1_test": 0.7076923076923077, "auc_test": 0.8543999999999999, "preds": [0.9979308843612671, 0.9982060194015503, 0.999226450920105, 0.9992204904556274, 0.9991651773452759, 0.9992214441299438, 0.9991348385810852, 0.995726466178894, 0.9983547329902649, 0.997232973575592, 0.9992631077766418, 0.9974172115325928, 0.9992426633834839, 0.9991938471794128, 0.994040310382843, 0.9992582201957703, 0.9992268085479736, 0.6207488179206848, 0.9945313334465027, 0.7828219532966614, 0.9992513060569763, 0.9992374181747437, 0.9992263317108154, 0.9992534518241882, 0.6120795011520386, 0.9972641468048096, 0.9992576241493225, 0.9992496371269226, 0.9991550445556641, 0.9992289543151855, 0.4981095790863037, 0.29138368368148804, 0.41413384675979614, 0.9992225170135498, 0.9992522597312927, 0.9963728189468384, 0.9976478219032288, 0.999115526676178, 0.9992320537567139, 0.061012305319309235, 0.999212384223938, 0.9992282390594482, 0.9979578256607056, 0.995868444442749, 0.9949299693107605, 0.9929481744766235, 0.9980251789093018, 0.999213457107544, 0.9915688633918762, 0.7831541299819946]}
{"name": "Retraineddistilbert-base-uncased", "predictions": {"test": [0.9691159129142761, 0.9489443302154541, 0.03814949840307236, 0.032366249710321426, 0.9699789881706238, 0.7854417562484741, 0.1525609791278839, 0.08625400811433792, 0.6686832308769226, 0.822899341583252, 0.9654713869094849, 0.9488223791122437, 0.5815600156784058, 0.31338462233543396, 0.7795462012290955, 0.02266545034945011, 0.1998685747385025, 0.03337825834751129, 0.8783217072486877, 0.04893409460783005, 0.8820772767066956, 0.955794095993042, 0.9561029076576233, 0.9522060751914978, 0.15356139838695526, 0.02363302744925022, 0.9504620432853699, 0.7260071039199829, 0.14246030151844025, 0.0701887384057045, 0.9744419455528259, 0.9225354790687561, 0.5128414034843445, 0.04499148204922676, 0.033102694898843765, 0.10414692759513855, 0.9650469422340393, 0.9326987862586975, 0.9085818529129028, 0.11776646971702576, 0.6631884574890137, 0.051191188395023346, 0.9598411917686462, 0.9054610729217529, 0.9702895283699036, 0.2273368388414383, 0.9312760829925537, 0.802741527557373, 0.03691518306732178, 0.16646046936511993, 0.8759206533432007, 0.29628610610961914, 0.8816415667533875, 0.5250675082206726, 0.7074163556098938, 0.7196733355522156, 0.05061260983347893, 0.026597008109092712, 0.9683694839477539, 0.970849871635437, 0.047847505658864975, 0.037701115012168884, 0.03336065635085106, 0.03258150815963745, 0.9679121375083923, 0.9188185930252075, 0.22353583574295044, 0.11013643443584442, 0.9388096928596497, 0.5861333608627319, 0.6273435354232788, 0.15424293279647827, 0.9600436687469482, 0.051169078797101974, 0.975150465965271, 0.9604406952857971, 0.97129887342453, 0.5570855736732483, 0.054225992411375046, 0.0701700821518898, 0.9753578305244446, 0.1467909812927246, 0.9674047827720642, 0.6618474721908569, 0.5071128606796265, 0.7478432655334473, 0.9143885374069214, 0.34807562828063965, 0.15672196447849274, 0.09811876714229584, 0.062449194490909576, 0.044861771166324615, 0.31528136134147644, 0.06745938211679459, 0.7074275612831116, 0.5822203159332275, 0.20892931520938873, 0.5667046308517456, 0.4581311047077179, 0.05624439939856529]}, "logits": {"test": [1.621177315711975, 1.332797884941101, -1.7700806856155396, -1.8642864227294922, 1.5761771202087402, 0.5262834429740906, -0.9551053047180176, -1.3159639835357666, 0.24068713188171387, 0.6865602731704712, 1.5489352941513062, 1.3311811685562134, 0.0004422494675964117, -0.6297192573547363, 0.5335561037063599, -2.0172042846679688, -0.7776634693145752, -1.81396484375, 0.8649359345436096, -1.6337562799453735, 0.8856898546218872, 1.4642534255981445, 1.4147599935531616, 1.3771742582321167, -0.9731614589691162, -2.0246822834014893, 1.4310410022735596, 0.4429142475128174, -1.0508496761322021, -1.4523608684539795, 1.6732841730117798, 1.1153429746627808, -0.10491669178009033, -1.6935418844223022, -1.8787790536880493, -1.2365134954452515, 1.528429388999939, 1.1974143981933594, 1.081848382949829, -1.1471669673919678, 0.21446983516216278, -1.6194413900375366, 1.4815930128097534, 1.0037072896957397, 1.5819851160049438, -0.725563108921051, 1.1662259101867676, 0.5841177701950073, -1.7797775268554688, -0.9473422765731812, 0.887649655342102, -0.5510789752006531, 0.9122351408004761, -0.03563680499792099, 0.33416271209716797, 0.35948655009269714, -1.6088253259658813, -1.983444333076477, 1.5968023538589478, 1.6399955749511719, -1.6692309379577637, -1.7911630868911743, -1.8867230415344238, -1.870070219039917, 1.5548185110092163, 1.0754245519638062, -0.7417079210281372, -1.175965666770935, 1.27595055103302, 0.07235223054885864, 0.15676121413707733, -1.0089318752288818, 1.5282753705978394, -1.6114779710769653, 1.686094045639038, 1.459159016609192, 1.6154392957687378, -0.029658118262887, -1.5513067245483398, -1.4472110271453857, 1.6866095066070557, -0.997757613658905, 1.6069289445877075, 0.23373404145240784, -0.056013789027929306, 0.4847043454647064, 1.0970607995986938, -0.42635974287986755, -0.9803053736686707, -1.2780076265335083, -1.5035507678985596, -1.6881853342056274, -0.47815975546836853, -1.442613959312439, 0.4061738848686218, 0.10675356537103653, -0.8187222480773926, 0.08550383150577545, -0.16465063393115997, -1.5550017356872559]}, "acc_test": 0.61, "precision_test": 0.6, "recall_test": 0.66, "f1_test": 0.6285714285714286, "auc_test": 0.6743999999999999, "preds": [0.9691159129142761, 0.03814949840307236, 0.9699789881706238, 0.1525609791278839, 0.6686832308769226, 0.9654713869094849, 0.5815600156784058, 0.7795462012290955, 0.1998685747385025, 0.8783217072486877, 0.8820772767066956, 0.9561029076576233, 0.15356139838695526, 0.9504620432853699, 0.14246030151844025, 0.9744419455528259, 0.5128414034843445, 0.033102694898843765, 0.9650469422340393, 0.9085818529129028, 0.6631884574890137, 0.9598411917686462, 0.9702895283699036, 0.9312760829925537, 0.03691518306732178, 0.8759206533432007, 0.8816415667533875, 0.7074163556098938, 0.05061260983347893, 0.9683694839477539, 0.047847505658864975, 0.03336065635085106, 0.9679121375083923, 0.22353583574295044, 0.9388096928596497, 0.6273435354232788, 0.9600436687469482, 0.975150465965271, 0.97129887342453, 0.054225992411375046, 0.9753578305244446, 0.9674047827720642, 0.5071128606796265, 0.9143885374069214, 0.15672196447849274, 0.062449194490909576, 0.31528136134147644, 0.7074275612831116, 0.20892931520938873, 0.4581311047077179]}
{"name": "Retrained Radar", "before": {"acc_test": 0.71, "precision_test": 0.6438356164383562, "recall_test": 0.94, "f1_test": 0.7642276422764229, "auc_test": 0.7984}, "acc_test": 0.82, "precision_test": 0.82, "recall_test": 0.82, "f1_test": 0.82, "auc_test": 0.8735999999999999}
