{"name": "likelihood_threshold", "predictions": {"test": [-3.2600409984588623, -3.197319507598877, -2.888932704925537, -3.1106767654418945, -3.0964417457580566, -3.483752965927124, -2.657083749771118, -2.559431552886963, -3.097886800765991, -2.9220380783081055, -3.4975240230560303, -3.627936363220215, -2.7498326301574707, -3.0835392475128174, -2.9483625888824463, -2.7186949253082275, -2.9613683223724365, -3.143124580383301, -3.0262362957000732, -3.1511900424957275, -2.7300193309783936, -3.4227569103240967, -2.6886565685272217, -2.7879393100738525, -2.6739470958709717, -3.2498979568481445, -2.7757480144500732, -3.3101418018341064, -3.0372474193573, -3.249077558517456, -2.6825056076049805, -3.022451877593994, -3.7672359943389893, -3.3524255752563477, -3.588336944580078, -3.685779333114624, -1.9166767597198486, -2.7686758041381836, -2.762502908706665, -4.1127190589904785, -2.535003423690796, -3.3229737281799316, -2.8811848163604736, -3.1848037242889404, -3.117856740951538, -2.851383924484253, -3.272517442703247, -3.340991497039795, -2.733647584915161, -2.8097174167633057, -2.2503397464752197, -3.100554943084717, -2.8260977268218994, -2.92744517326355, -2.4079387187957764, -2.865732192993164, -3.1561532020568848, -3.4191689491271973, -3.164412260055542, -3.3712148666381836, -2.6471991539001465, -2.7507050037384033, -2.9267725944519043, -3.2380850315093994, -2.3998630046844482, -3.81430721282959, -2.936208724975586, -3.0289437770843506, -3.4711482524871826, -3.1127688884735107, -2.1669230461120605, -2.4685521125793457, -3.0013511180877686, -3.1748201847076416, -3.0068483352661133, -2.653822422027588, -3.7030298709869385, -3.721132755279541, -3.0988550186157227, -3.29359769821167, -2.7371084690093994, -3.064150333404541, -3.3129360675811768, -3.155567169189453, -2.8261561393737793, -3.1256484985351562, -3.0163440704345703, -3.324493885040283, -3.5726234912872314, -3.236172676086426, -2.6646249294281006, -3.0556509494781494, -3.4007863998413086, -2.9755966663360596, -2.309845209121704, -3.028151273727417, -3.7601094245910645, -3.8252036571502686, -3.3257761001586914, -3.477696180343628]}, "acc_test": 0.59, "precision_test": 0.5671641791044776, "recall_test": 0.76, "f1_test": 0.6495726495726495, "auc_test": 0.6719999999999999}
{"name": "rank_threshold", "predictions": {"test": [-183.53378295898438, -344.90740966796875, -70.27350616455078, -131.81118774414062, -82.9137954711914, -279.8344421386719, -74.73635864257812, -88.89115142822266, -160.28846740722656, -139.446533203125, -278.7290344238281, -382.59478759765625, -72.64102935791016, -128.6844940185547, -39.30107498168945, -143.3913116455078, -44.55555725097656, -126.49090576171875, -119.25000762939453, -245.87820434570312, -66.04103088378906, -303.8888854980469, -62.65925979614258, -123.97468566894531, -165.54074096679688, -215.74545288085938, -37.74809265136719, -342.2605895996094, -49.64646530151367, -151.30201721191406, -41.407142639160156, -84.07142639160156, -168.55856323242188, -54.80864334106445, -168.4081573486328, -185.1234588623047, -19.425676345825195, -59.90860366821289, -116.41397857666016, -353.5856628417969, -45.802398681640625, -338.190185546875, -51.282257080078125, -127.00609588623047, -89.9923095703125, -107.79267883300781, -139.75894165039062, -134.1241912841797, -41.941749572753906, -254.44586181640625, -11.629032135009766, -122.47333526611328, -81.86000061035156, -167.76087951660156, -22.0, -205.20730590820312, -124.40441131591797, -257.59375, -95.87931060791016, -187.7663116455078, -20.952001571655273, -39.546051025390625, -60.685482025146484, -89.87574005126953, -89.6964340209961, -306.87249755859375, -85.4731216430664, -164.5, -158.52032470703125, -89.24285888671875, -18.44796371459961, -148.44927978515625, -47.608001708984375, -100.55033874511719, -62.339447021484375, -139.7385711669922, -158.48275756835938, -261.664794921875, -236.2275848388672, -309.1190490722656, -151.56863403320312, -62.050724029541016, -54.18571472167969, -92.05594635009766, -124.81752014160156, -94.96470642089844, -83.2789077758789, -147.56082153320312, -368.6666564941406, -169.356689453125, -47.73239517211914, -61.53845977783203, -49.4040412902832, -71.43225860595703, -24.02298927307129, -121.60588836669922, -214.05357360839844, -575.9876098632812, -108.44445037841797, -205.77438354492188]}, "acc_test": 0.64, "precision_test": 0.6, "recall_test": 0.84, "f1_test": 0.7000000000000001, "auc_test": 0.7632}
{"name": "log_rank_threshold", "predictions": {"test": [-1.792559266090393, -1.6615945100784302, -1.487905740737915, -1.620785117149353, -1.6374870538711548, -1.8776754140853882, -1.29230535030365, -1.2129688262939453, -1.6567116975784302, -1.5587868690490723, -1.9620707035064697, -2.0641634464263916, -1.4541345834732056, -1.660825490951538, -1.5289007425308228, -1.2980594635009766, -1.5212903022766113, -1.585797667503357, -1.5769637823104858, -1.6418120861053467, -1.3853657245635986, -1.8367359638214111, -1.350764513015747, -1.3715580701828003, -1.3849875926971436, -1.7334626913070679, -1.4624537229537964, -1.7484071254730225, -1.616675615310669, -1.6818459033966064, -1.3582323789596558, -1.5107784271240234, -2.087894916534424, -1.754647970199585, -2.0448906421661377, -2.0148439407348633, -0.8791281580924988, -1.388899564743042, -1.4902907609939575, -2.307927370071411, -1.1950950622558594, -1.6993448734283447, -1.4264272451400757, -1.6749334335327148, -1.65263831615448, -1.4064280986785889, -1.816488265991211, -1.726657509803772, -1.3983863592147827, -1.4103633165359497, -1.0258291959762573, -1.636112093925476, -1.3990790843963623, -1.4486064910888672, -1.1875032186508179, -1.462693691253662, -1.6629159450531006, -1.8737419843673706, -1.7711381912231445, -1.8258317708969116, -1.2926191091537476, -1.3430064916610718, -1.4647260904312134, -1.6887171268463135, -1.1552053689956665, -2.155956506729126, -1.4645839929580688, -1.5106306076049805, -1.9490416049957275, -1.6423453092575073, -1.0287901163101196, -1.137257695198059, -1.5730538368225098, -1.665698528289795, -1.624837875366211, -1.3393255472183228, -2.120173692703247, -2.09210467338562, -1.6622132062911987, -1.7925723791122437, -1.3884899616241455, -1.5216152667999268, -1.759462833404541, -1.6085350513458252, -1.4075902700424194, -1.6404814720153809, -1.5903475284576416, -1.7917579412460327, -1.9694486856460571, -1.7340331077575684, -1.3065024614334106, -1.5653327703475952, -1.7124342918395996, -1.5030066967010498, -1.0534546375274658, -1.6020511388778687, -2.1676042079925537, -2.2126431465148926, -1.7633124589920044, -1.8349379301071167]}, "acc_test": 0.59, "precision_test": 0.5692307692307692, "recall_test": 0.74, "f1_test": 0.6434782608695652, "auc_test": 0.6324000000000001}
{"name": "entropy_threshold", "predictions": {"test": [3.595227003097534, 3.946267604827881, 3.0010006427764893, 3.2134385108947754, 3.347252607345581, 3.528266668319702, 3.122396945953369, 2.9968161582946777, 3.3265514373779297, 3.2061307430267334, 3.5729081630706787, 3.791299819946289, 3.1100804805755615, 3.2502710819244385, 3.4007604122161865, 3.197566032409668, 3.3258590698242188, 3.421308994293213, 3.4423489570617676, 3.4592230319976807, 3.375443696975708, 3.3327584266662598, 2.8712880611419678, 2.802168130874634, 3.208306074142456, 3.696507453918457, 3.096109390258789, 3.569157838821411, 3.277122974395752, 3.4479165077209473, 3.1413068771362305, 3.3963258266448975, 3.6374409198760986, 3.4852309226989746, 3.6002557277679443, 3.6460540294647217, 2.3257882595062256, 2.887233257293701, 3.2132580280303955, 4.229419708251953, 2.874685525894165, 3.4590277671813965, 3.481938123703003, 3.5271694660186768, 3.15594482421875, 3.30265212059021, 3.312288522720337, 3.3219499588012695, 2.879305362701416, 3.178894281387329, 3.0519707202911377, 3.523080348968506, 3.3539412021636963, 3.2134454250335693, 2.863966464996338, 3.1708760261535645, 3.1593363285064697, 3.6047165393829346, 3.155438184738159, 3.4474222660064697, 3.16369891166687, 3.2342169284820557, 3.362584352493286, 3.5126945972442627, 2.7453527450561523, 3.7993786334991455, 3.0239336490631104, 2.912135601043701, 3.395104169845581, 3.406130790710449, 2.7160136699676514, 2.7599544525146484, 3.073176860809326, 3.293154239654541, 2.78769850730896, 2.7151429653167725, 3.862643003463745, 3.722368001937866, 3.4780802726745605, 3.5750014781951904, 3.5576999187469482, 3.2250869274139404, 3.296607255935669, 3.6716833114624023, 3.221752643585205, 3.3182661533355713, 3.328453779220581, 3.5578505992889404, 3.3371570110321045, 3.461763381958008, 2.9940555095672607, 3.292348861694336, 3.520834445953369, 3.2560622692108154, 3.07938814163208, 3.2721877098083496, 3.6797122955322266, 3.973037004470825, 3.3732261657714844, 3.587005853652954]}, "acc_test": 0.57, "precision_test": 0.5443037974683544, "recall_test": 0.86, "f1_test": 0.6666666666666666, "auc_test": 0.6624}
{"name": "rank_GLTR_threshold", "predictions": {"test": [[0.6959459459459459, 0.1891891891891892, 0.08783783783783784, 0.02702702702702703], [0.7222222222222222, 0.14814814814814814, 0.08641975308641975, 0.043209876543209874], [0.7521367521367521, 0.1623931623931624, 0.05128205128205128, 0.03418803418803419], [0.7622377622377622, 0.15384615384615385, 0.055944055944055944, 0.027972027972027972], [0.6810344827586207, 0.25, 0.04310344827586207, 0.02586206896551724], [0.695364238410596, 0.19205298013245034, 0.059602649006622516, 0.052980132450331126], [0.8, 0.15454545454545454, 0.02727272727272727, 0.01818181818181818], [0.8435374149659864, 0.08843537414965986, 0.047619047619047616, 0.02040816326530612], [0.7403846153846154, 0.125, 0.08653846153846154, 0.04807692307692308], [0.7672955974842768, 0.12578616352201258, 0.06289308176100629, 0.0440251572327044], [0.6580645161290323, 0.2064516129032258, 0.0967741935483871, 0.03870967741935484], [0.6666666666666666, 0.13725490196078433, 0.13725490196078433, 0.058823529411764705], [0.75, 0.16025641025641027, 0.07051282051282051, 0.019230769230769232], [0.7058823529411765, 0.17647058823529413, 0.09090909090909091, 0.026737967914438502], [0.7096774193548387, 0.1935483870967742, 0.0967741935483871, 0.0], [0.8115942028985508, 0.12318840579710146, 0.036231884057971016, 0.028985507246376812], [0.7345679012345679, 0.17901234567901234, 0.08024691358024691, 0.006172839506172839], [0.7515151515151515, 0.13333333333333333, 0.07878787878787878, 0.03636363636363636], [0.725, 0.175, 0.058333333333333334, 0.041666666666666664], [0.6987179487179487, 0.23076923076923078, 0.04487179487179487, 0.02564102564102564], [0.7692307692307693, 0.13333333333333333, 0.08717948717948718, 0.010256410256410256], [0.7, 0.18333333333333332, 0.05, 0.06666666666666667], [0.7925925925925926, 0.11851851851851852, 0.07407407407407407, 0.014814814814814815], [0.7721518987341772, 0.13924050632911392, 0.06962025316455696, 0.0189873417721519], [0.762962962962963, 0.14074074074074075, 0.07407407407407407, 0.022222222222222223], [0.7212121212121212, 0.15151515151515152, 0.09090909090909091, 0.03636363636363636], [0.7175572519083969, 0.1984732824427481, 0.08396946564885496, 0.0], [0.6909090909090909, 0.18787878787878787, 0.07878787878787878, 0.04242424242424243], [0.7070707070707071, 0.20202020202020202, 0.08080808080808081, 0.010101010101010102], [0.738255033557047, 0.1476510067114094, 0.09395973154362416, 0.020134228187919462], [0.7714285714285715, 0.15, 0.07142857142857142, 0.007142857142857143], [0.7272727272727273, 0.17532467532467533, 0.08441558441558442, 0.012987012987012988], [0.6306306306306306, 0.1981981981981982, 0.13513513513513514, 0.036036036036036036], [0.654320987654321, 0.2654320987654321, 0.07407407407407407, 0.006172839506172839], [0.6122448979591837, 0.22448979591836735, 0.10884353741496598, 0.05442176870748299], [0.6296296296296297, 0.24074074074074073, 0.09876543209876543, 0.030864197530864196], [0.8445945945945946, 0.11486486486486487, 0.033783783783783786, 0.006756756756756757], [0.7634408602150538, 0.15591397849462366, 0.06989247311827956, 0.010752688172043012], [0.7419354838709677, 0.14516129032258066, 0.08602150537634409, 0.026881720430107527], [0.6022099447513812, 0.2154696132596685, 0.13812154696132597, 0.04419889502762431], [0.7904191616766467, 0.16766467065868262, 0.029940119760479042, 0.011976047904191617], [0.7423312883435583, 0.15950920245398773, 0.06748466257668712, 0.03067484662576687], [0.7419354838709677, 0.1774193548387097, 0.07258064516129033, 0.008064516129032258], [0.7195121951219512, 0.15853658536585366, 0.0975609756097561, 0.024390243902439025], [0.676923076923077, 0.2076923076923077, 0.1, 0.015384615384615385], [0.7560975609756098, 0.15853658536585366, 0.06707317073170732, 0.018292682926829267], [0.6964285714285714, 0.17857142857142858, 0.09821428571428571, 0.026785714285714284], [0.6862745098039216, 0.19607843137254902, 0.08496732026143791, 0.032679738562091505], [0.7961165048543689, 0.11650485436893204, 0.08737864077669903, 0.0], [0.7770700636942676, 0.1337579617834395, 0.07643312101910828, 0.012738853503184714], [0.8306451612903226, 0.13709677419354838, 0.03225806451612903, 0.0], [0.7533333333333333, 0.15333333333333332, 0.06, 0.03333333333333333], [0.79, 0.1, 0.09, 0.02], [0.782608695652174, 0.13768115942028986, 0.057971014492753624, 0.021739130434782608], [0.7909604519774012, 0.15254237288135594, 0.05649717514124294, 0.0], [0.7378048780487805, 0.1951219512195122, 0.036585365853658534, 0.03048780487804878], [0.6911764705882353, 0.20588235294117646, 0.058823529411764705, 0.04411764705882353], [0.7, 0.1625, 0.075, 0.0625], [0.6896551724137931, 0.16091954022988506, 0.1206896551724138, 0.028735632183908046], [0.6413043478260869, 0.2391304347826087, 0.09239130434782608, 0.02717391304347826], [0.776, 0.168, 0.056, 0.0], [0.7828947368421053, 0.17105263157894737, 0.03289473684210526, 0.013157894736842105], [0.75, 0.13709677419354838, 0.0967741935483871, 0.016129032258064516], [0.7337278106508875, 0.15976331360946747, 0.08284023668639054, 0.023668639053254437], [0.7916666666666666, 0.18452380952380953, 0.017857142857142856, 0.005952380952380952], [0.610738255033557, 0.2550335570469799, 0.0738255033557047, 0.06040268456375839], [0.7741935483870968, 0.11827956989247312, 0.0967741935483871, 0.010752688172043012], [0.7642857142857142, 0.15714285714285714, 0.05, 0.02857142857142857], [0.6422764227642277, 0.21951219512195122, 0.08943089430894309, 0.04878048780487805], [0.7357142857142858, 0.15, 0.1, 0.014285714285714285], [0.8280542986425339, 0.13574660633484162, 0.03167420814479638, 0.004524886877828055], [0.8260869565217391, 0.12318840579710146, 0.043478260869565216, 0.007246376811594203], [0.736, 0.16, 0.096, 0.008], [0.7114093959731543, 0.1610738255033557, 0.11409395973154363, 0.013422818791946308], [0.6880733944954128, 0.21100917431192662, 0.07339449541284404, 0.027522935779816515], [0.7777777777777778, 0.17647058823529413, 0.013071895424836602, 0.032679738562091505], [0.6275862068965518, 0.20689655172413793, 0.1310344827586207, 0.034482758620689655], [0.6368715083798883, 0.21787709497206703, 0.09497206703910614, 0.05027932960893855], [0.7034482758620689, 0.1724137931034483, 0.09655172413793103, 0.027586206896551724], [0.7321428571428571, 0.13095238095238096, 0.08928571428571429, 0.047619047619047616], [0.803921568627451, 0.1568627450980392, 0.00980392156862745, 0.029411764705882353], [0.782608695652174, 0.13768115942028986, 0.06521739130434782, 0.014492753623188406], [0.6714285714285714, 0.19285714285714287, 0.12142857142857143, 0.014285714285714285], [0.7482517482517482, 0.17482517482517482, 0.04895104895104895, 0.027972027972027972], [0.7956204379562044, 0.10948905109489052, 0.072992700729927, 0.021897810218978103], [0.7352941176470589, 0.18823529411764706, 0.058823529411764705, 0.01764705882352941], [0.7278911564625851, 0.16326530612244897, 0.08843537414965986, 0.02040816326530612], [0.6891891891891891, 0.20945945945945946, 0.06756756756756757, 0.033783783783783786], [0.6464646464646465, 0.21212121212121213, 0.09090909090909091, 0.050505050505050504], [0.7261146496815286, 0.1337579617834395, 0.10828025477707007, 0.03184713375796178], [0.7816901408450704, 0.15492957746478872, 0.04929577464788732, 0.014084507042253521], [0.7412587412587412, 0.16783216783216784, 0.07692307692307693, 0.013986013986013986], [0.6868686868686869, 0.2222222222222222, 0.08080808080808081, 0.010101010101010102], [0.7161290322580646, 0.2, 0.07741935483870968, 0.0064516129032258064], [0.8390804597701149, 0.12643678160919541, 0.028735632183908046, 0.005747126436781609], [0.7470588235294118, 0.1411764705882353, 0.08235294117647059, 0.029411764705882353], [0.6160714285714286, 0.21428571428571427, 0.09821428571428571, 0.07142857142857142], [0.6521739130434783, 0.14285714285714285, 0.12422360248447205, 0.08074534161490683], [0.6904761904761905, 0.1984126984126984, 0.0873015873015873, 0.023809523809523808], [0.7012195121951219, 0.21951219512195122, 0.036585365853658534, 0.042682926829268296]]}, "acc_test": 0.49, "precision_test": 0.4915254237288136, "recall_test": 0.58, "f1_test": 0.5321100917431192, "auc_test": 0.5324}
{"name": "perturbation_10_z", "predictions": {"test": [0.7274977862916367, 0.7301558044911447, 0.3627368135975344, 1.6772497670427038, 0.22103218763752028, 0.1642701482890245, 0.6790328019934938, 1.3975870448829084, 1.1870963643235302, -0.32134540605634504, 0.05021009491705707, 0.05588464908960683, 0.40189958522388947, 0.9543974843595883, 0.42157444417370427, 0.6267816388787976, 1.0219198492915404, 0.1408792821698387, 0.7173153632150802, 0.5133670742705471, 1.234992807169851, -0.3578532839693401, 1.2466331874861714, 0.83872349818169, 1.2039535631728415, 0.4489125818180727, 1.0042688360808132, 0.33717936051126024, 0.376640097930612, -0.01719971733698473, 0.6352334888854004, 0.05087893677773651, 0.035359826136952405, 0.5798902859106835, 0.08731742591497405, 0.06264927002468633, 1.0816693698135595, 1.1155939060031848, 0.6391770734367556, -0.12279824827287601, 0.709297670377303, 0.519642714783462, 1.1179448333039297, 0.49751518010582835, 0.9350367898249712, 1.1287318597480136, 0.23435413182775644, 0.3178436937283643, 0.5980825289597166, 0.45102609844557356, 1.0416146030065487, -0.6172211486506987, 1.1314525513758384, 0.21624248738196417, 1.5474307451610871, 0.4506654559523644, -0.02986853565461619, -0.006178166284836922, -0.21127949197581702, 0.7574308718512486, 0.8468289390676492, 0.18681882983662065, 1.9239201322423003, -0.023481212880802172, 1.3961719866989974, -0.5807225990497892, 0.7019907331179159, 0.452391512652141, 0.5201114242916399, 0.3482028148256096, 1.6939042481260296, 0.34358849302686567, 0.40593668026289337, 0.46905336012024174, -0.2245641665103771, 0.950939204223988, 0.687079388152553, -0.18703848959147346, 1.1075559989889259, 1.3911353569585905, 1.042846439293488, 0.4745317026225639, -0.1689718259356973, 0.060586574254299745, 0.33878341778901067, 1.4123451545385326, 0.6132711023681412, 0.5876630458607155, -0.24571031985425182, -0.025378098012534853, 0.8626292558488868, -0.31319582051974654, 0.2331263275233432, -0.0992136119504346, 2.3736509448809806, 0.7130965014170819, 0.021100446376795735, 0.19601699231573946, 1.7870387280283755, 0.3666422340611084]}, "info": {"pct_words_masked": 0.3, "span_length": 2, "n_perturbations": 10}, "general": {"acc_test": 0.59, "precision_test": 0.5671641791044776, "recall_test": 0.76, "f1_test": 0.6495726495726495, "auc_test": 0.6688}}
{"name": "Retrained GPT-sentinel", "before": {"acc_test": 0.88, "precision_test": 0.975, "recall_test": 0.78, "f1_test": 0.8666666666666667, "auc_test": 0.9644}, "acc_test": 0.9, "precision_test": 0.9166666666666666, "recall_test": 0.88, "f1_test": 0.8979591836734694, "auc_test": 0.9627999999999999}
{"name": "RetrainedHello-SimpleAI/chatgpt-detector-roberta", "predictions": {"test": [0.97801673412323, 0.9561800956726074, 0.9987082481384277, 0.9986675977706909, 0.6886681914329529, 0.02705751359462738, 0.7122138142585754, 0.744178295135498, 0.999188244342804, 0.9755604267120361, 0.24059446156024933, 0.7409327030181885, 0.9991080164909363, 0.9593908786773682, 0.9680463075637817, 0.7695510387420654, 0.7498690485954285, 0.9936683773994446, 0.9974365830421448, 0.9988346695899963, 0.9992098808288574, 0.5536524653434753, 0.8862247467041016, 0.7544016242027283, 0.9931045174598694, 0.41572943329811096, 0.998671293258667, 0.9961674809455872, 0.08540385216474533, 0.7545119524002075, 0.9974023699760437, 0.9991360306739807, 0.5681299567222595, 0.9959800243377686, 0.4952482581138611, 0.7744510769844055, 0.998011589050293, 0.7045741677284241, 0.9960426092147827, 0.037964221090078354, 0.9839778542518616, 0.0008353879093192518, 0.9985347986221313, 0.7168483734130859, 0.7911891341209412, 0.725795328617096, 0.9992511868476868, 0.9963202476501465, 0.060109008103609085, 0.7036570310592651, 0.996058464050293, 0.20101116597652435, 0.9992096424102783, 0.9619753956794739, 0.9992545247077942, 0.9966480135917664, 0.9992613196372986, 0.2564820945262909, 0.18506963551044464, 0.46194568276405334, 0.9950336217880249, 0.7591731548309326, 0.8784196376800537, 0.0952109694480896, 0.9991927742958069, 0.0781935378909111, 0.6935531497001648, 0.9883924126625061, 0.023288022726774216, 0.9824569225311279, 0.9992601275444031, 0.07519453763961792, 0.9988594055175781, 0.35864606499671936, 0.9941176176071167, 0.9874832630157471, 0.4890000522136688, 0.9733438491821289, 0.06592029333114624, 0.0017639751313254237, 0.9992265701293945, 0.9221273064613342, 0.9825382232666016, 0.9958082437515259, 0.3673059344291687, 0.6543968319892883, 0.9948427081108093, 0.7449161410331726, 0.005693168845027685, 0.058294110000133514, 0.3325883746147156, 0.0018813718343153596, 0.999262273311615, 0.9984337687492371, 0.9992522597312927, 0.9662214517593384, 0.39754876494407654, 0.05885649472475052, 0.8338810205459595, 0.3719519078731537]}, "logits": {"test": [1.775292992591858, 1.469861388206482, 2.954681158065796, 2.942763566970825, 0.46173804998397827, -1.79377281665802, 0.5119687914848328, 0.3097231686115265, 3.1216001510620117, 1.7288780212402344, -0.7103970646858215, 0.30176228284835815, 3.090665102005005, 1.5040254592895508, 1.6107436418533325, 0.3756011724472046, 0.3240996301174164, 2.308793783187866, 2.6831934452056885, 2.9937472343444824, 3.093536376953125, -0.09017881751060486, 1.0223525762557983, 0.33561915159225464, 2.272827625274658, -0.34421372413635254, 2.9438424110412598, 2.5183396339416504, -1.2580020427703857, 0.33605360984802246, 2.67781400680542, 3.1014509201049805, -0.06310826539993286, 2.498568058013916, -0.1976793110370636, 0.3892342150211334, 2.7855420112609863, 0.49532443284988403, 2.505059242248535, -1.639887809753418, 1.9127135276794434, -3.256546974182129, 2.9060251712799072, 0.24327467381954193, 0.43454688787460327, 0.2644837498664856, 3.1257429122924805, 2.5351312160491943, -1.4263231754302979, 0.21269872784614563, 2.5067222118377686, -0.8142151832580566, 3.129582643508911, 1.533298373222351, 3.1287498474121094, 2.573577404022217, 3.143338680267334, -0.6720278859138489, -0.8602511286735535, -0.25866734981536865, 2.410598039627075, 0.34807199239730835, 0.989951491355896, -1.2047247886657715, 3.1232807636260986, -1.3007866144180298, 0.1899138242006302, 2.051440715789795, -1.8611749410629272, 1.8734865188598633, 3.143550395965576, -1.3196419477462769, 3.0018177032470703, -0.4536111354827881, 2.339726686477661, 2.0191147327423096, -0.20910696685314178, 1.6907814741134644, -1.3825942277908325, -2.9615793228149414, 3.1017954349517822, 1.2057385444641113, 1.8754829168319702, 2.481210708618164, -0.43663355708122253, 0.10599572211503983, 2.39483642578125, 0.31172865629196167, -2.4755566120147705, -1.4407814741134644, -0.5058270692825317, -2.9355382919311523, 3.142960548400879, 2.88000750541687, 3.142928123474121, 1.5861490964889526, -0.37847912311553955, -1.4362603425979614, 0.8301180005073547, -0.4275825321674347]}, "acc_test": 0.54, "precision_test": 0.5277777777777778, "recall_test": 0.76, "f1_test": 0.6229508196721312, "auc_test": 0.666, "preds": [0.97801673412323, 0.9987082481384277, 0.6886681914329529, 0.7122138142585754, 0.999188244342804, 0.24059446156024933, 0.9991080164909363, 0.9680463075637817, 0.7498690485954285, 0.9974365830421448, 0.9992098808288574, 0.8862247467041016, 0.9931045174598694, 0.998671293258667, 0.08540385216474533, 0.9974023699760437, 0.5681299567222595, 0.4952482581138611, 0.998011589050293, 0.9960426092147827, 0.9839778542518616, 0.9985347986221313, 0.7911891341209412, 0.9992511868476868, 0.060109008103609085, 0.996058464050293, 0.9992096424102783, 0.9992545247077942, 0.9992613196372986, 0.18506963551044464, 0.9950336217880249, 0.8784196376800537, 0.9991927742958069, 0.6935531497001648, 0.023288022726774216, 0.9992601275444031, 0.9988594055175781, 0.9941176176071167, 0.4890000522136688, 0.06592029333114624, 0.9992265701293945, 0.9825382232666016, 0.3673059344291687, 0.9948427081108093, 0.005693168845027685, 0.3325883746147156, 0.999262273311615, 0.9992522597312927, 0.39754876494407654, 0.8338810205459595]}
{"name": "Retraineddistilbert-base-uncased", "predictions": {"test": [0.9696395993232727, 0.9489443302154541, 0.08018791675567627, 0.03236623480916023, 0.975406289100647, 0.7854410409927368, 0.8515142798423767, 0.08625411987304688, 0.9754276871681213, 0.8228992819786072, 0.9565372467041016, 0.9488222599029541, 0.904909610748291, 0.31338489055633545, 0.4112340807914734, 0.022665444761514664, 0.07329470664262772, 0.033378273248672485, 0.9751657843589783, 0.048934053629636765, 0.97369384765625, 0.955794095993042, 0.9733574986457825, 0.9522060751914978, 0.06679019331932068, 0.02363303303718567, 0.9619222283363342, 0.7260069251060486, 0.9685949683189392, 0.07018884271383286, 0.9593501091003418, 0.9225355982780457, 0.9547672271728516, 0.044991493225097656, 0.8298982381820679, 0.10414710640907288, 0.9664117693901062, 0.932698667049408, 0.8750470876693726, 0.1177666038274765, 0.9214519262313843, 0.05119116231799126, 0.9515727758407593, 0.9054612517356873, 0.9707302451133728, 0.227337047457695, 0.9699968099594116, 0.8027413487434387, 0.9169735312461853, 0.16646070778369904, 0.9630415439605713, 0.29628628492355347, 0.9721089601516724, 0.5250667929649353, 0.9118413925170898, 0.7196735143661499, 0.1365514099597931, 0.026596996933221817, 0.9730172157287598, 0.970849871635437, 0.9521899819374084, 0.037701115012168884, 0.9752210974693298, 0.032581526786088943, 0.9757776260375977, 0.9188185930252075, 0.9090214371681213, 0.11013635993003845, 0.9482763409614563, 0.5861335396766663, 0.8981919288635254, 0.15424323081970215, 0.9559598565101624, 0.05116908624768257, 0.9748007655143738, 0.9604406952857971, 0.9752826690673828, 0.5570855140686035, 0.7111183404922485, 0.07017011940479279, 0.9767756462097168, 0.14679120481014252, 0.9720144271850586, 0.661846399307251, 0.9660397171974182, 0.7478429079055786, 0.9007038474082947, 0.34807533025741577, 0.9107939600944519, 0.09811891615390778, 0.8643314242362976, 0.044861726462841034, 0.9741122126579285, 0.06745940446853638, 0.9336255788803101, 0.5822200775146484, 0.42137813568115234, 0.5667046308517456, 0.19013351202011108, 0.05624439939856529]}, "logits": {"test": [1.598970651626587, 1.3327977657318115, -1.3425921201705933, -1.8642867803573608, 1.6699732542037964, 0.5262815952301025, 0.7781833410263062, -1.3159632682800293, 1.677353858947754, 0.6865600943565369, 1.421311855316162, 1.331180453300476, 0.9667792916297913, -0.6297188997268677, -0.3168379068374634, -2.0172042846679688, -1.3323253393173218, -1.8139647245407104, 1.638434648513794, -1.6337567567825317, 1.6681026220321655, 1.4642531871795654, 1.6496158838272095, 1.377173662185669, -1.4744545221328735, -2.02468204498291, 1.5423393249511719, 0.4429134726524353, 1.547977089881897, -1.4523605108261108, 1.4749237298965454, 1.115343689918518, 1.3929978609085083, -1.6935417652130127, 0.6678680181503296, -1.2365124225616455, 1.5644917488098145, 1.1974138021469116, 0.9018101692199707, -1.14716637134552, 1.1329925060272217, -1.6194415092468262, 1.3605481386184692, 1.0037083625793457, 1.588257074356079, -0.7255625128746033, 1.571616530418396, 0.5841172337532043, 1.063806414604187, -0.9473415613174438, 1.499997854232788, -0.5510785579681396, 1.6576521396636963, -0.03563826158642769, 1.0533394813537598, 0.35948705673217773, -1.0761128664016724, -1.9834445714950562, 1.6726758480072021, 1.6399959325790405, 1.4223405122756958, -1.7911632061004639, 1.6623680591583252, -1.8700698614120483, 1.6830554008483887, 1.0754245519638062, 1.0084619522094727, -1.1759661436080933, 1.3020026683807373, 0.07235251367092133, 0.9855949282646179, -1.0089305639266968, 1.4370697736740112, -1.6114777326583862, 1.6608290672302246, 1.459159016609192, 1.6574773788452148, -0.02965831197798252, 0.3787913918495178, -1.447210669517517, 1.6967816352844238, -0.997756838798523, 1.6465613842010498, 0.2337317019701004, 1.551292896270752, 0.48470357060432434, 0.9701088666915894, -0.4263603985309601, 1.0501716136932373, -1.278006672859192, 0.8413388729095459, -1.6881859302520752, 1.647520899772644, -1.4426137208938599, 1.237105369567871, 0.10675308853387833, -0.2942483127117157, 0.08550383150577545, -0.8669717311859131, -1.5550017356872559]}, "acc_test": 0.71, "precision_test": 0.6615384615384615, "recall_test": 0.86, "f1_test": 0.7478260869565216, "auc_test": 0.8516000000000001, "preds": [0.9696395993232727, 0.08018791675567627, 0.975406289100647, 0.8515142798423767, 0.9754276871681213, 0.9565372467041016, 0.904909610748291, 0.4112340807914734, 0.07329470664262772, 0.9751657843589783, 0.97369384765625, 0.9733574986457825, 0.06679019331932068, 0.9619222283363342, 0.9685949683189392, 0.9593501091003418, 0.9547672271728516, 0.8298982381820679, 0.9664117693901062, 0.8750470876693726, 0.9214519262313843, 0.9515727758407593, 0.9707302451133728, 0.9699968099594116, 0.9169735312461853, 0.9630415439605713, 0.9721089601516724, 0.9118413925170898, 0.1365514099597931, 0.9730172157287598, 0.9521899819374084, 0.9752210974693298, 0.9757776260375977, 0.9090214371681213, 0.9482763409614563, 0.8981919288635254, 0.9559598565101624, 0.9748007655143738, 0.9752826690673828, 0.7111183404922485, 0.9767756462097168, 0.9720144271850586, 0.9660397171974182, 0.9007038474082947, 0.9107939600944519, 0.8643314242362976, 0.9741122126579285, 0.9336255788803101, 0.42137813568115234, 0.19013351202011108]}
{"name": "Retrained Radar", "before": {"acc_test": 0.7, "precision_test": 0.6388888888888888, "recall_test": 0.92, "f1_test": 0.7540983606557377, "auc_test": 0.8019999999999999}, "acc_test": 0.87, "precision_test": 0.8363636363636363, "recall_test": 0.92, "f1_test": 0.8761904761904761, "auc_test": 0.9484}
