{"name": "likelihood_threshold", "predictions": {"test": [-3.6819820404052734, -3.197319507598877, -2.931387424468994, -3.1106767654418945, -3.6509921550750732, -3.483752965927124, -2.41935133934021, -2.559431552886963, -3.1028716564178467, -2.9220380783081055, -3.1885318756103516, -3.627936363220215, -2.7384307384490967, -3.0835392475128174, -2.6855900287628174, -2.7186949253082275, -3.128605604171753, -3.143124580383301, -2.8480570316314697, -3.1511900424957275, -2.927255153656006, -3.4227569103240967, -2.693146228790283, -2.7879393100738525, -2.6734580993652344, -3.2498979568481445, -2.5696969032287598, -3.3101418018341064, -3.429779291152954, -3.249077558517456, -2.692225217819214, -3.022451877593994, -3.5469794273376465, -3.3524255752563477, -3.382256269454956, -3.685779333114624, -2.3487207889556885, -2.7686758041381836, -2.711768627166748, -4.1127190589904785, -2.6048049926757812, -3.3229737281799316, -2.8934240341186523, -3.1848037242889404, -2.775555372238159, -2.851383924484253, -3.564830780029297, -3.340991497039795, -2.8097643852233887, -2.8097174167633057, -2.5018973350524902, -3.100554943084717, -2.572310447692871, -2.92744517326355, -2.6838486194610596, -2.865732192993164, -3.2563228607177734, -3.4191689491271973, -2.833083152770996, -3.3712148666381836, -2.786616325378418, -2.7507050037384033, -2.9272420406341553, -3.2380850315093994, -2.6133553981781006, -3.81430721282959, -2.5974152088165283, -3.0289437770843506, -3.266469955444336, -3.1127688884735107, -2.2401139736175537, -2.4685521125793457, -2.8674325942993164, -3.1748201847076416, -2.6707100868225098, -2.653822422027588, -3.631901502609253, -3.721132755279541, -2.853057861328125, -3.29359769821167, -2.856104850769043, -3.064150333404541, -2.9574387073516846, -3.155567169189453, -2.821648120880127, -3.1256484985351562, -2.8180508613586426, -3.324493885040283, -3.314824342727661, -3.236172676086426, -2.3890862464904785, -3.0556509494781494, -3.235548734664917, -2.9755966663360596, -2.4317612648010254, -3.028151273727417, -3.2475318908691406, -3.8252036571502686, -3.0654423236846924, -3.477696180343628]}, "acc_test": 0.59, "precision_test": 0.5671641791044776, "recall_test": 0.76, "f1_test": 0.6495726495726495, "auc_test": 0.7092}
{"name": "rank_threshold", "predictions": {"test": [-181.05027770996094, -344.90740966796875, -42.859375, -131.81118774414062, -127.25472259521484, -279.8344421386719, -63.29530334472656, -88.89115142822266, -151.81146240234375, -139.446533203125, -166.84828186035156, -382.59478759765625, -71.09883880615234, -128.6844940185547, -29.376070022583008, -143.3913116455078, -44.53435134887695, -126.49090576171875, -92.3040542602539, -245.87820434570312, -116.63398742675781, -303.8888854980469, -130.18125915527344, -123.97468566894531, -137.375, -215.74545288085938, -34.385093688964844, -342.2605895996094, -73.13953399658203, -151.30201721191406, -67.83636474609375, -84.07142639160156, -97.8515625, -54.80864334106445, -207.68943786621094, -185.1234588623047, -32.17567825317383, -59.90860366821289, -56.530052185058594, -353.5856628417969, -49.801170349121094, -338.190185546875, -45.218048095703125, -127.00609588623047, -58.86046600341797, -107.79267883300781, -168.23133850097656, -134.1241912841797, -33.21666717529297, -254.44586181640625, -44.84768295288086, -122.47333526611328, -41.601505279541016, -167.76087951660156, -83.39705657958984, -205.20730590820312, -116.27731323242188, -257.59375, -131.0295867919922, -187.7663116455078, -45.94557571411133, -39.546051025390625, -72.29167175292969, -89.87574005126953, -30.648935317993164, -306.87249755859375, -19.575342178344727, -164.5, -140.52413940429688, -89.24285888671875, -21.41025733947754, -148.44927978515625, -37.11111068725586, -100.55033874511719, -68.25735473632812, -139.7385711669922, -161.25714111328125, -261.664794921875, -148.2364959716797, -309.1190490722656, -86.51579284667969, -62.050724029541016, -60.38410568237305, -92.05594635009766, -92.62926483154297, -94.96470642089844, -52.96000289916992, -147.56082153320312, -242.71755981445312, -169.356689453125, -52.427669525146484, -61.53845977783203, -105.02061462402344, -71.43225860595703, -42.78472137451172, -121.60588836669922, -236.5144500732422, -575.9876098632812, -69.15862274169922, -205.77438354492188]}, "acc_test": 0.66, "precision_test": 0.6111111111111112, "recall_test": 0.88, "f1_test": 0.7213114754098361, "auc_test": 0.7896}
{"name": "log_rank_threshold", "predictions": {"test": [-2.1273858547210693, -1.6615945100784302, -1.5258737802505493, -1.620785117149353, -1.9426157474517822, -1.8776754140853882, -1.1703335046768188, -1.2129688262939453, -1.602485179901123, -1.5587868690490723, -1.7939133644104004, -2.0641634464263916, -1.462825894355774, -1.660825490951538, -1.3782349824905396, -1.2980594635009766, -1.6866286993026733, -1.585797667503357, -1.4664844274520874, -1.6418120861053467, -1.5204602479934692, -1.8367359638214111, -1.4291460514068604, -1.3715580701828003, -1.3707730770111084, -1.7334626913070679, -1.3279374837875366, -1.7484071254730225, -1.8597382307052612, -1.6818459033966064, -1.4166303873062134, -1.5107784271240234, -1.912340760231018, -1.754647970199585, -1.8672254085540771, -2.0148439407348633, -1.133604884147644, -1.388899564743042, -1.3975311517715454, -2.307927370071411, -1.292277216911316, -1.6993448734283447, -1.4637900590896606, -1.6749334335327148, -1.4077999591827393, -1.4064280986785889, -2.0449373722076416, -1.726657509803772, -1.4601085186004639, -1.4103633165359497, -1.2245872020721436, -1.636112093925476, -1.2122796773910522, -1.4486064910888672, -1.3953931331634521, -1.462693691253662, -1.7947850227355957, -1.8737419843673706, -1.4814209938049316, -1.8258317708969116, -1.4199342727661133, -1.3430064916610718, -1.492336392402649, -1.6887171268463135, -1.3049300909042358, -2.155956506729126, -1.2068006992340088, -1.5106306076049805, -1.8071508407592773, -1.6423453092575073, -1.041593313217163, -1.137257695198059, -1.510511040687561, -1.665698528289795, -1.3523378372192383, -1.3393255472183228, -2.0846450328826904, -2.09210467338562, -1.5093809366226196, -1.7925723791122437, -1.414255976676941, -1.5216152667999268, -1.522915005683899, -1.6085350513458252, -1.4330509901046753, -1.6404814720153809, -1.4044175148010254, -1.7917579412460327, -1.8252034187316895, -1.7340331077575684, -1.0988603830337524, -1.5653327703475952, -1.7479780912399292, -1.5030066967010498, -1.1891543865203857, -1.6020511388778687, -1.804456353187561, -2.2126431465148926, -1.6009089946746826, -1.8349379301071167]}, "acc_test": 0.58, "precision_test": 0.5625, "recall_test": 0.72, "f1_test": 0.631578947368421, "auc_test": 0.6624000000000001}
{"name": "entropy_threshold", "predictions": {"test": [3.848971366882324, 3.946267604827881, 2.858159065246582, 3.2134385108947754, 3.6363701820373535, 3.528266668319702, 3.0879433155059814, 2.9968161582946777, 3.2626421451568604, 3.2061307430267334, 3.3338592052459717, 3.791299819946289, 3.0173211097717285, 3.2502710819244385, 2.9080827236175537, 3.197566032409668, 3.350712776184082, 3.421308994293213, 3.4188570976257324, 3.4592230319976807, 3.2836296558380127, 3.3327584266662598, 2.68961763381958, 2.802168130874634, 3.2380785942077637, 3.696507453918457, 2.9150142669677734, 3.569157838821411, 3.703435182571411, 3.4479165077209473, 3.0458357334136963, 3.3963258266448975, 3.626291275024414, 3.4852309226989746, 3.519221305847168, 3.6460540294647217, 2.5499439239501953, 2.887233257293701, 3.3181211948394775, 4.229419708251953, 2.789414644241333, 3.4590277671813965, 3.3300251960754395, 3.5271694660186768, 3.3048973083496094, 3.30265212059021, 3.470266103744507, 3.3219499588012695, 3.0759644508361816, 3.178894281387329, 3.2374095916748047, 3.523080348968506, 3.2154252529144287, 3.2134454250335693, 2.9966588020324707, 3.1708760261535645, 3.4014551639556885, 3.6047165393829346, 2.917361259460449, 3.4474222660064697, 3.0482285022735596, 3.2342169284820557, 2.960934638977051, 3.5126945972442627, 2.925896644592285, 3.7993786334991455, 2.793191909790039, 2.912135601043701, 3.2589540481567383, 3.406130790710449, 2.8282723426818848, 2.7599544525146484, 3.0913619995117188, 3.293154239654541, 2.748331308364868, 2.7151429653167725, 3.700063467025757, 3.722368001937866, 3.2299084663391113, 3.5750014781951904, 3.45920467376709, 3.2250869274139404, 3.257042646408081, 3.6716833114624023, 3.105471611022949, 3.3182661533355713, 3.1116325855255127, 3.5578505992889404, 3.3649981021881104, 3.461763381958008, 3.100954055786133, 3.292348861694336, 3.323410749435425, 3.2560622692108154, 2.941699981689453, 3.2721877098083496, 3.499058723449707, 3.973037004470825, 3.3939402103424072, 3.587005853652954]}, "acc_test": 0.59, "precision_test": 0.5555555555555556, "recall_test": 0.9, "f1_test": 0.6870229007633587, "auc_test": 0.6864}
{"name": "rank_GLTR_threshold", "predictions": {"test": [[0.6368715083798883, 0.16759776536312848, 0.13966480446927373, 0.055865921787709494], [0.7222222222222222, 0.14814814814814814, 0.08641975308641975, 0.043209876543209874], [0.765625, 0.1328125, 0.09375, 0.0078125], [0.7622377622377622, 0.15384615384615385, 0.055944055944055944, 0.027972027972027972], [0.6132075471698113, 0.27358490566037735, 0.05660377358490566, 0.05660377358490566], [0.695364238410596, 0.19205298013245034, 0.059602649006622516, 0.052980132450331126], [0.8322147651006712, 0.11409395973154363, 0.04697986577181208, 0.006711409395973154], [0.8435374149659864, 0.08843537414965986, 0.047619047619047616, 0.02040816326530612], [0.7377049180327869, 0.14754098360655737, 0.07377049180327869, 0.040983606557377046], [0.7672955974842768, 0.12578616352201258, 0.06289308176100629, 0.0440251572327044], [0.7103448275862069, 0.1310344827586207, 0.1103448275862069, 0.04827586206896552], [0.6666666666666666, 0.13725490196078433, 0.13725490196078433, 0.058823529411764705], [0.7441860465116279, 0.1569767441860465, 0.08139534883720931, 0.01744186046511628], [0.7058823529411765, 0.17647058823529413, 0.09090909090909091, 0.026737967914438502], [0.7350427350427351, 0.20512820512820512, 0.05982905982905983, 0.0], [0.8115942028985508, 0.12318840579710146, 0.036231884057971016, 0.028985507246376812], [0.7175572519083969, 0.1984732824427481, 0.07633587786259542, 0.007633587786259542], [0.7515151515151515, 0.13333333333333333, 0.07878787878787878, 0.03636363636363636], [0.7635135135135135, 0.16216216216216217, 0.0472972972972973, 0.02702702702702703], [0.6987179487179487, 0.23076923076923078, 0.04487179487179487, 0.02564102564102564], [0.7450980392156863, 0.13725490196078433, 0.10457516339869281, 0.013071895424836602], [0.7, 0.18333333333333332, 0.05, 0.06666666666666667], [0.7625, 0.1125, 0.10625, 0.01875], [0.7721518987341772, 0.13924050632911392, 0.06962025316455696, 0.0189873417721519], [0.7638888888888888, 0.14583333333333334, 0.06944444444444445, 0.020833333333333332], [0.7212121212121212, 0.15151515151515152, 0.09090909090909091, 0.03636363636363636], [0.7453416149068323, 0.19254658385093168, 0.055900621118012424, 0.006211180124223602], [0.6909090909090909, 0.18787878787878787, 0.07878787878787878, 0.04242424242424243], [0.6395348837209303, 0.2558139534883721, 0.09302325581395349, 0.011627906976744186], [0.738255033557047, 0.1476510067114094, 0.09395973154362416, 0.020134228187919462], [0.7363636363636363, 0.17272727272727273, 0.06363636363636363, 0.02727272727272727], [0.7272727272727273, 0.17532467532467533, 0.08441558441558442, 0.012987012987012988], [0.671875, 0.1953125, 0.1171875, 0.015625], [0.654320987654321, 0.2654320987654321, 0.07407407407407407, 0.006172839506172839], [0.6956521739130435, 0.18012422360248448, 0.09316770186335403, 0.031055900621118012], [0.6296296296296297, 0.24074074074074073, 0.09876543209876543, 0.030864197530864196], [0.8108108108108109, 0.12837837837837837, 0.05405405405405406, 0.006756756756756757], [0.7634408602150538, 0.15591397849462366, 0.06989247311827956, 0.010752688172043012], [0.7431693989071039, 0.15846994535519127, 0.08196721311475409, 0.01639344262295082], [0.6022099447513812, 0.2154696132596685, 0.13812154696132597, 0.04419889502762431], [0.7660818713450293, 0.1871345029239766, 0.03508771929824561, 0.011695906432748537], [0.7423312883435583, 0.15950920245398773, 0.06748466257668712, 0.03067484662576687], [0.7593984962406015, 0.15789473684210525, 0.08270676691729323, 0.0], [0.7195121951219512, 0.15853658536585366, 0.0975609756097561, 0.024390243902439025], [0.75, 0.1744186046511628, 0.05813953488372093, 0.01744186046511628], [0.7560975609756098, 0.15853658536585366, 0.06707317073170732, 0.018292682926829267], [0.6343283582089553, 0.17164179104477612, 0.14925373134328357, 0.04477611940298507], [0.6862745098039216, 0.19607843137254902, 0.08496732026143791, 0.032679738562091505], [0.7416666666666667, 0.14166666666666666, 0.11666666666666667, 0.0], [0.7770700636942676, 0.1337579617834395, 0.07643312101910828, 0.012738853503184714], [0.8079470198675497, 0.16556291390728478, 0.013245033112582781, 0.013245033112582781], [0.7533333333333333, 0.15333333333333332, 0.06, 0.03333333333333333], [0.8120300751879699, 0.14285714285714285, 0.03007518796992481, 0.015037593984962405], [0.782608695652174, 0.13768115942028986, 0.057971014492753624, 0.021739130434782608], [0.7647058823529411, 0.15441176470588236, 0.058823529411764705, 0.022058823529411766], [0.7378048780487805, 0.1951219512195122, 0.036585365853658534, 0.03048780487804878], [0.6722689075630253, 0.2184873949579832, 0.07563025210084033, 0.03361344537815126], [0.7, 0.1625, 0.075, 0.0625], [0.7337278106508875, 0.1952662721893491, 0.04142011834319527, 0.029585798816568046], [0.6413043478260869, 0.2391304347826087, 0.09239130434782608, 0.02717391304347826], [0.7891156462585034, 0.14965986394557823, 0.047619047619047616, 0.013605442176870748], [0.7828947368421053, 0.17105263157894737, 0.03289473684210526, 0.013157894736842105], [0.7583333333333333, 0.14166666666666666, 0.075, 0.025], [0.7337278106508875, 0.15976331360946747, 0.08284023668639054, 0.023668639053254437], [0.7606382978723404, 0.19680851063829788, 0.03723404255319149, 0.005319148936170213], [0.610738255033557, 0.2550335570469799, 0.0738255033557047, 0.06040268456375839], [0.815068493150685, 0.14383561643835616, 0.0410958904109589, 0.0], [0.7642857142857142, 0.15714285714285714, 0.05, 0.02857142857142857], [0.7034482758620689, 0.1724137931034483, 0.08275862068965517, 0.041379310344827586], [0.7357142857142858, 0.15, 0.1, 0.014285714285714285], [0.8290598290598291, 0.13675213675213677, 0.02564102564102564, 0.008547008547008548], [0.8260869565217391, 0.12318840579710146, 0.043478260869565216, 0.007246376811594203], [0.7530864197530864, 0.15432098765432098, 0.08641975308641975, 0.006172839506172839], [0.7114093959731543, 0.1610738255033557, 0.11409395973154363, 0.013422818791946308], [0.6985294117647058, 0.2426470588235294, 0.051470588235294115, 0.007352941176470588], [0.7777777777777778, 0.17647058823529413, 0.013071895424836602, 0.032679738562091505], [0.6285714285714286, 0.2057142857142857, 0.12, 0.045714285714285714], [0.6368715083798883, 0.21787709497206703, 0.09497206703910614, 0.05027932960893855], [0.7567567567567568, 0.12162162162162163, 0.10135135135135136, 0.02027027027027027], [0.7321428571428571, 0.13095238095238096, 0.08928571428571429, 0.047619047619047616], [0.7578947368421053, 0.2, 0.010526315789473684, 0.031578947368421054], [0.782608695652174, 0.13768115942028986, 0.06521739130434782, 0.014492753623188406], [0.7615894039735099, 0.13245033112582782, 0.09933774834437085, 0.006622516556291391], [0.7482517482517482, 0.17482517482517482, 0.04895104895104895, 0.027972027972027972], [0.7707317073170732, 0.15121951219512195, 0.05853658536585366, 0.01951219512195122], [0.7352941176470589, 0.18823529411764706, 0.058823529411764705, 0.01764705882352941], [0.776, 0.152, 0.056, 0.016], [0.6891891891891891, 0.20945945945945946, 0.06756756756756757, 0.033783783783783786], [0.7022900763358778, 0.16793893129770993, 0.07633587786259542, 0.05343511450381679], [0.7261146496815286, 0.1337579617834395, 0.10828025477707007, 0.03184713375796178], [0.8364779874213837, 0.12578616352201258, 0.018867924528301886, 0.018867924528301886], [0.7412587412587412, 0.16783216783216784, 0.07692307692307693, 0.013986013986013986], [0.7422680412371134, 0.16494845360824742, 0.07216494845360824, 0.020618556701030927], [0.7161290322580646, 0.2, 0.07741935483870968, 0.0064516129032258064], [0.8333333333333334, 0.11805555555555555, 0.034722222222222224, 0.013888888888888888], [0.7470588235294118, 0.1411764705882353, 0.08235294117647059, 0.029411764705882353], [0.7109826589595376, 0.1676300578034682, 0.06936416184971098, 0.05202312138728324], [0.6521739130434783, 0.14285714285714285, 0.12422360248447205, 0.08074534161490683], [0.7172413793103448, 0.20689655172413793, 0.06896551724137931, 0.006896551724137931], [0.7012195121951219, 0.21951219512195122, 0.036585365853658534, 0.042682926829268296]]}, "acc_test": 0.55, "precision_test": 0.5384615384615384, "recall_test": 0.7, "f1_test": 0.608695652173913, "auc_test": 0.5875999999999999}
{"name": "perturbation_10_z", "predictions": {"test": [-0.0962929364362173, 0.7038407819009421, 0.06149587555067111, 1.0144514943442104, 0.12288766668194752, 0.9647503784857718, 1.4638174974782219, 0.9261913573906089, 0.44848296331313076, -0.1077800409307394, 0.9645580694477505, 0.6880234768624072, 0.9159204306702518, 0.9549517978418328, 0.9878792651135561, 0.4767587249362502, 0.30365391758870813, 0.3266844122838655, 1.069975498284461, 0.5693370678406988, 0.1853138733605883, 0.6148032275014182, 1.270100021436478, 0.757122103574111, 1.034506417729808, 0.47309816728272447, 2.5899909273817725, 0.5144721901694043, 0.496383133745871, 0.10274265560698063, 0.32479355751098893, 0.17920817116531812, 0.09978978835509017, 0.3340952120014371, -0.383767697029227, -0.11903291054256415, 1.031306578765545, 1.059975342400347, 1.0685459050194999, 0.09075777631175322, 1.2133396364406381, 0.23853574622562365, 0.8065773528875417, 0.96343478725131, 0.7138972992914979, 0.13992758424620366, -0.319392847069363, 0.2656251825177354, 0.3822650986275703, 0.5669198825324951, 1.234147032537885, 0.803583869612265, 1.3672250117519908, 0.9198251079931061, 2.4151771900198122, 1.2874481708142642, -0.2098172995203043, -0.19775183401015847, 1.0623212372726287, 0.24706757950743138, 0.8958137568003759, 0.27068829262781413, 1.3648797139313749, -0.4603279273264371, 0.7225792444620346, -0.5449708736299759, 1.069624310297971, 0.11644335046725847, 1.0014980771482218, 0.5301120128887283, 0.6907902938879626, 0.740440755669534, 0.4609454847871959, 0.03131654670112031, 0.5633124410069515, 0.6894625441951803, 0.19256951267474015, 0.3330621392308869, 0.6564625021039258, 0.1575848999295803, 1.0525601528977406, 0.5890650852474052, 0.9476618941644026, 0.7722968771902765, 0.2570535806613627, 0.6846236492661874, 1.3806132828548905, 0.8172318643104297, 0.8774210369614271, 0.27880987533703533, 0.46136808324112455, 0.30490271788611906, 0.4788001950883916, 0.11398445274509741, 2.299488758550143, 2.9113569802264196, 0.37019712740546673, 0.43567400196327816, 0.8646434988846846, 0.11951523807431323]}, "info": {"pct_words_masked": 0.3, "span_length": 2, "n_perturbations": 10}, "general": {"acc_test": 0.58, "precision_test": 0.5571428571428572, "recall_test": 0.78, "f1_test": 0.65, "auc_test": 0.6636}}
{"name": "Retrained GPT-sentinel", "before": {"acc_test": 0.9, "precision_test": 0.9761904761904762, "recall_test": 0.82, "f1_test": 0.8913043478260869, "auc_test": 0.9431999999999999}, "acc_test": 0.89, "precision_test": 0.9148936170212766, "recall_test": 0.86, "f1_test": 0.8865979381443299, "auc_test": 0.9652000000000001}
{"name": "RetrainedHello-SimpleAI/chatgpt-detector-roberta", "predictions": {"test": [0.03643718361854553, 0.9561800956726074, 0.9946510195732117, 0.9986675977706909, 0.029065730050206184, 0.02705751359462738, 0.6097949743270874, 0.744178295135498, 0.9990212917327881, 0.9755604267120361, 0.7815684080123901, 0.7409327030181885, 0.9979711174964905, 0.9593908786773682, 0.9978594183921814, 0.7695510387420654, 0.25023654103279114, 0.9936683773994446, 0.9992571473121643, 0.9988346695899963, 0.9992115497589111, 0.5536524653434753, 0.008649729192256927, 0.7544016242027283, 0.9342496395111084, 0.41572943329811096, 0.9936282634735107, 0.9961674809455872, 0.10615729540586472, 0.7545119524002075, 0.9968277812004089, 0.9991360306739807, 0.7873164415359497, 0.9959800243377686, 0.9898819327354431, 0.7744510769844055, 0.4994250237941742, 0.7045741677284241, 0.9902458190917969, 0.037964221090078354, 0.7077234387397766, 0.0008353879093192518, 0.9909114241600037, 0.7168483734130859, 0.993630588054657, 0.725795328617096, 0.9971333742141724, 0.9963202476501465, 0.3453046679496765, 0.7036570310592651, 0.7332838773727417, 0.20101116597652435, 0.9992108345031738, 0.9619753956794739, 0.9987133741378784, 0.9966480135917664, 0.9992177486419678, 0.2564820945262909, 0.31884631514549255, 0.46194568276405334, 0.9934078454971313, 0.7591731548309326, 0.03635740652680397, 0.0952109694480896, 0.9943860769271851, 0.07819360494613647, 0.7948400378227234, 0.9883922934532166, 0.13054707646369934, 0.9824569821357727, 0.981554388999939, 0.07519450038671494, 0.8719476461410522, 0.35864579677581787, 0.9964821338653564, 0.9874832630157471, 0.28041794896125793, 0.9733438491821289, 0.04374348744750023, 0.0017639751313254237, 0.7862180471420288, 0.9221273064613342, 0.9815479516983032, 0.9958082437515259, 0.768346905708313, 0.6543968319892883, 0.7339388728141785, 0.7449161410331726, 0.012070377357304096, 0.058294110000133514, 0.13466207683086395, 0.0018813718343153596, 0.9865286350250244, 0.9984337687492371, 0.9254283308982849, 0.9662214517593384, 0.9427140355110168, 0.058856673538684845, 0.785165011882782, 0.3719519078731537]}, "logits": {"test": [-1.658683180809021, 1.469861388206482, 2.3795759677886963, 2.942763566970825, -1.761452555656433, -1.79377281665802, 0.01651505008339882, 0.3097231686115265, 3.0580661296844482, 1.7288780212402344, 0.4084414541721344, 0.30176228284835815, 2.7774717807769775, 1.5040254592895508, 2.7559924125671387, 0.3756011724472046, -0.6869299411773682, 2.308793783187866, 3.1314196586608887, 2.9937472343444824, 3.0952892303466797, -0.09017881751060486, -2.2963836193084717, 0.33561915159225464, 1.2848256826400757, -0.34421372413635254, 2.3061232566833496, 2.5183396339416504, -1.1507055759429932, 0.33605360984802246, 2.5962181091308594, 3.1014509201049805, 0.4238787293434143, 2.498568058013916, 2.110130786895752, 0.3892342150211334, -0.19004574418067932, 0.49532443284988403, 2.1257519721984863, -1.639887809753418, 0.2219906747341156, -3.256546974182129, 2.155843734741211, 0.24327467381954193, 2.3062775135040283, 0.2644837498664856, 2.6376712322235107, 2.5351312160491943, -0.48011866211891174, 0.21269872784614563, 0.28257933259010315, -0.8142151832580566, 3.0939037799835205, 1.533298373222351, 2.956195116043091, 2.573577404022217, 3.0998523235321045, -0.6720278859138489, -0.5341470837593079, -0.25866734981536865, 2.291800022125244, 0.34807199239730835, -1.65968918800354, -1.2047247886657715, 2.3593242168426514, -1.3007861375808716, 0.4442206025123596, 2.0514395236968994, -1.0458406209945679, 1.8734872341156006, 1.8516899347305298, -1.3196420669555664, 0.9627035856246948, -0.45361167192459106, 2.5537025928497314, 2.0191152095794678, -0.6169915795326233, 1.6907809972763062, -1.5746899843215942, -2.9615797996520996, 0.4213833808898926, 1.2057385444641113, 1.8515362739562988, 2.481210708618164, 0.37232574820518494, 0.10599572211503983, 0.28420042991638184, 0.31172865629196167, -2.151707172393799, -1.4407814741134644, -1.0298231840133667, -2.9355382919311523, 1.987522006034851, 2.88000750541687, 1.2261379957199097, 1.5861490964889526, 1.3481870889663696, -1.436259150505066, 0.4180941581726074, -0.42758262157440186]}, "acc_test": 0.52, "precision_test": 0.5142857142857142, "recall_test": 0.72, "f1_test": 0.6, "auc_test": 0.5831999999999999, "preds": [0.03643718361854553, 0.9946510195732117, 0.029065730050206184, 0.6097949743270874, 0.9990212917327881, 0.7815684080123901, 0.9979711174964905, 0.9978594183921814, 0.25023654103279114, 0.9992571473121643, 0.9992115497589111, 0.008649729192256927, 0.9342496395111084, 0.9936282634735107, 0.10615729540586472, 0.9968277812004089, 0.7873164415359497, 0.9898819327354431, 0.4994250237941742, 0.9902458190917969, 0.7077234387397766, 0.9909114241600037, 0.993630588054657, 0.9971333742141724, 0.3453046679496765, 0.7332838773727417, 0.9992108345031738, 0.9987133741378784, 0.9992177486419678, 0.31884631514549255, 0.9934078454971313, 0.03635740652680397, 0.9943860769271851, 0.7948400378227234, 0.13054707646369934, 0.981554388999939, 0.8719476461410522, 0.9964821338653564, 0.28041794896125793, 0.04374348744750023, 0.7862180471420288, 0.9815479516983032, 0.768346905708313, 0.7339388728141785, 0.012070377357304096, 0.13466207683086395, 0.9865286350250244, 0.9254283308982849, 0.9427140355110168, 0.785165011882782]}
{"name": "Retraineddistilbert-base-uncased", "predictions": {"test": [0.9663568139076233, 0.9489444494247437, 0.04061640426516533, 0.03236623480916023, 0.9742040634155273, 0.7854411602020264, 0.22465524077415466, 0.0862540751695633, 0.9759783148765564, 0.8228994607925415, 0.9729693531990051, 0.9488222599029541, 0.8526601791381836, 0.3133845031261444, 0.9137397408485413, 0.022665444761514664, 0.4920382499694824, 0.033378273248672485, 0.9479712247848511, 0.048934053629636765, 0.9718874096870422, 0.955794095993042, 0.9655005931854248, 0.9522060751914978, 0.21583929657936096, 0.02363303303718567, 0.96075439453125, 0.7260069251060486, 0.9635569453239441, 0.07018884271383286, 0.9739623069763184, 0.9225355982780457, 0.9654788970947266, 0.044991474598646164, 0.9515827298164368, 0.10414708405733109, 0.9682366847991943, 0.9326987862586975, 0.8640249371528625, 0.1177666187286377, 0.9142042994499207, 0.05119116231799126, 0.9716663956642151, 0.9054611921310425, 0.9640088081359863, 0.22733652591705322, 0.9711794257164001, 0.8027418255805969, 0.8797677755355835, 0.16646070778369904, 0.8160245418548584, 0.29628628492355347, 0.971981406211853, 0.5250667929649353, 0.8474318981170654, 0.7196735143661499, 0.8205186128616333, 0.026596996933221817, 0.972585141658783, 0.970849871635437, 0.5647710561752319, 0.037701115012168884, 0.9427604675292969, 0.032581526786088943, 0.9628896713256836, 0.9188185930252075, 0.7384117245674133, 0.11013635993003845, 0.9613672494888306, 0.5861335396766663, 0.9712798595428467, 0.15424323081970215, 0.9456328749656677, 0.05116908624768257, 0.9749235510826111, 0.9604406952857971, 0.9712312817573547, 0.5570855140686035, 0.17110730707645416, 0.07017011940479279, 0.977120041847229, 0.14679120481014252, 0.9744588136672974, 0.661846399307251, 0.9392725229263306, 0.7478429079055786, 0.680103063583374, 0.34807533025741577, 0.8881576061248779, 0.09811891615390778, 0.9489126801490784, 0.044861726462841034, 0.9656232595443726, 0.06745940446853638, 0.9489789009094238, 0.5822200775146484, 0.15040160715579987, 0.5667046308517456, 0.0645817220211029, 0.05624439939856529]}, "logits": {"test": [1.56038498878479, 1.3327981233596802, -1.745221734046936, -1.8642867803573608, 1.649954915046692, 0.5262817144393921, -0.6929435133934021, -1.315963625907898, 1.6890294551849365, 0.6865605711936951, 1.6353462934494019, 1.3311805725097656, 0.7252635359764099, -0.6297196745872498, 1.0340594053268433, -2.0172040462493896, -0.07597329467535019, -1.8139647245407104, 1.2808469533920288, -1.6337567567825317, 1.6367980241775513, 1.4642531871795654, 1.5280494689941406, 1.377173662185669, -0.7571976184844971, -2.02468204498291, 1.5314620733261108, 0.4429134726524353, 1.4868335723876953, -1.4523605108261108, 1.6805208921432495, 1.115343689918518, 1.5473600625991821, -1.6935421228408813, 1.3809970617294312, -1.2365126609802246, 1.5743073225021362, 1.1974142789840698, 0.8582183122634888, -1.14716637134552, 1.0939228534698486, -1.6194416284561157, 1.6275670528411865, 1.003708004951477, 1.5182363986968994, -0.7255640625953674, 1.5972936153411865, 0.5841186046600342, 0.8546819686889648, -0.9473415613174438, 0.6897023320198059, -0.5510785579681396, 1.6811984777450562, -0.03563826158642769, 0.7327538132667542, 0.35948705673217773, 0.6348059177398682, -1.9834445714950562, 1.649640440940857, 1.6399959325790405, 0.02569008432328701, -1.7911632061004639, 1.281916618347168, -1.8700698614120483, 1.4932469129562378, 1.0754245519638062, 0.4117388129234314, -1.1759661436080933, 1.4530341625213623, 0.07235251367092133, 1.6287285089492798, -1.0089305639266968, 1.328773021697998, -1.6114777326583862, 1.660879135131836, 1.459159016609192, 1.5775015354156494, -0.02965831197798252, -0.8998401165008545, -1.447210669517517, 1.683542013168335, -0.997756838798523, 1.678581953048706, 0.2337317019701004, 1.2852740287780762, 0.48470357060432434, 0.25835469365119934, -0.4263603985309601, 0.9327625632286072, -1.278006672859192, 1.3945752382278442, -1.6881859302520752, 1.5138888359069824, -1.4426137208938599, 1.3370481729507446, 0.10675308853387833, -1.0043572187423706, 0.08550383150577545, -1.4990909099578857, -1.5550017356872559]}, "acc_test": 0.71, "precision_test": 0.6615384615384615, "recall_test": 0.86, "f1_test": 0.7478260869565216, "auc_test": 0.842, "preds": [0.9663568139076233, 0.04061640426516533, 0.9742040634155273, 0.22465524077415466, 0.9759783148765564, 0.9729693531990051, 0.8526601791381836, 0.9137397408485413, 0.4920382499694824, 0.9479712247848511, 0.9718874096870422, 0.9655005931854248, 0.21583929657936096, 0.96075439453125, 0.9635569453239441, 0.9739623069763184, 0.9654788970947266, 0.9515827298164368, 0.9682366847991943, 0.8640249371528625, 0.9142042994499207, 0.9716663956642151, 0.9640088081359863, 0.9711794257164001, 0.8797677755355835, 0.8160245418548584, 0.971981406211853, 0.8474318981170654, 0.8205186128616333, 0.972585141658783, 0.5647710561752319, 0.9427604675292969, 0.9628896713256836, 0.7384117245674133, 0.9613672494888306, 0.9712798595428467, 0.9456328749656677, 0.9749235510826111, 0.9712312817573547, 0.17110730707645416, 0.977120041847229, 0.9744588136672974, 0.9392725229263306, 0.680103063583374, 0.8881576061248779, 0.9489126801490784, 0.9656232595443726, 0.9489789009094238, 0.15040160715579987, 0.0645817220211029]}
{"name": "Retrained Radar", "before": {"acc_test": 0.64, "precision_test": 0.6060606060606061, "recall_test": 0.8, "f1_test": 0.689655172413793, "auc_test": 0.7064}, "acc_test": 0.85, "precision_test": 0.8301886792452831, "recall_test": 0.88, "f1_test": 0.8543689320388349, "auc_test": 0.9256}
