{"name": "likelihood_threshold", "predictions": {"test": [-3.322065830230713, -3.197319507598877, -3.177114725112915, -3.1106767654418945, -2.9276554584503174, -3.483752965927124, -2.944154739379883, -2.559431552886963, -3.045073986053467, -2.9220380783081055, -3.3069913387298584, -3.627936363220215, -3.325122594833374, -3.0835392475128174, -2.862577199935913, -2.7186949253082275, -2.8328394889831543, -3.143124580383301, -3.1083121299743652, -3.1511900424957275, -3.126098394393921, -3.4227569103240967, -2.6774065494537354, -2.7879393100738525, -2.8702218532562256, -3.2498979568481445, -2.7130661010742188, -3.3101418018341064, -3.17185115814209, -3.249077558517456, -2.744776487350464, -3.022451877593994, -3.2116034030914307, -3.3524255752563477, -3.390180826187134, -3.685779333114624, -3.0585970878601074, -2.7686758041381836, -3.500835657119751, -4.1127190589904785, -2.785376787185669, -3.3229737281799316, -2.7777462005615234, -3.1848037242889404, -2.9594943523406982, -2.851383924484253, -2.957231044769287, -3.340991497039795, -2.7959272861480713, -2.8097174167633057, -3.0655016899108887, -3.100554943084717, -3.0926401615142822, -2.92744517326355, -2.4889326095581055, -2.865732192993164, -2.813234567642212, -3.4191689491271973, -2.7383835315704346, -3.3712148666381836, -3.1607651710510254, -2.7507050037384033, -2.9236226081848145, -3.2380850315093994, -3.058060884475708, -3.81430721282959, -3.0094683170318604, -3.0289437770843506, -2.85699462890625, -3.1127688884735107, -2.720684289932251, -2.4685521125793457, -2.8957247734069824, -3.1748201847076416, -2.314544677734375, -2.653822422027588, -3.2634098529815674, -3.721132755279541, -3.2821710109710693, -3.29359769821167, -3.0383710861206055, -3.064150333404541, -2.988633155822754, -3.155567169189453, -3.0873217582702637, -3.1256484985351562, -3.3955881595611572, -3.324493885040283, -3.0579440593719482, -3.236172676086426, -2.8353710174560547, -3.0556509494781494, -3.137378215789795, -2.9755966663360596, -2.8846535682678223, -3.028151273727417, -3.3959155082702637, -3.8252036571502686, -3.2546534538269043, -3.477696180343628]}, "acc_test": 0.61, "precision_test": 0.5797101449275363, "recall_test": 0.8, "f1_test": 0.6722689075630253, "auc_test": 0.6492}
{"name": "rank_threshold", "predictions": {"test": [-131.76470947265625, -344.90740966796875, -75.8431396484375, -131.81118774414062, -67.69869232177734, -279.8344421386719, -68.94247436523438, -88.89115142822266, -87.34920501708984, -139.446533203125, -229.5339813232422, -382.59478759765625, -154.521728515625, -128.6844940185547, -95.75, -143.3913116455078, -68.57360076904297, -126.49090576171875, -254.43255615234375, -245.87820434570312, -135.5477294921875, -303.8888854980469, -46.316280364990234, -123.97468566894531, -70.81578826904297, -215.74545288085938, -97.14977264404297, -342.2605895996094, -44.86699295043945, -151.30201721191406, -29.81951141357422, -84.07142639160156, -58.870811462402344, -54.80864334106445, -138.39393615722656, -185.1234588623047, -115.00450897216797, -59.90860366821289, -265.8760986328125, -353.5856628417969, -102.31279754638672, -338.190185546875, -102.98039245605469, -127.00609588623047, -80.19231414794922, -107.79267883300781, -95.67430877685547, -134.1241912841797, -197.66046142578125, -254.44586181640625, -81.03773498535156, -122.47333526611328, -122.69602966308594, -167.76087951660156, -47.36016845703125, -205.20730590820312, -44.52820587158203, -257.59375, -66.95282745361328, -187.7663116455078, -86.72972869873047, -39.546051025390625, -54.471309661865234, -89.87574005126953, -119.16767120361328, -306.87249755859375, -52.84434127807617, -164.5, -36.218448638916016, -89.24285888671875, -36.05357360839844, -148.44927978515625, -37.0, -100.55033874511719, -37.174129486083984, -139.7385711669922, -95.21781921386719, -261.664794921875, -165.53030395507812, -309.1190490722656, -29.98947525024414, -62.050724029541016, -81.64788818359375, -92.05594635009766, -100.1948013305664, -94.96470642089844, -98.61573791503906, -147.56082153320312, -55.476924896240234, -169.356689453125, -63.48587417602539, -61.53845977783203, -77.16748809814453, -71.43225860595703, -62.509010314941406, -121.60588836669922, -144.2364501953125, -575.9876098632812, -67.591552734375, -205.77438354492188]}, "acc_test": 0.67, "precision_test": 0.6164383561643836, "recall_test": 0.9, "f1_test": 0.7317073170731706, "auc_test": 0.7888}
{"name": "log_rank_threshold", "predictions": {"test": [-1.8320798873901367, -1.6615945100784302, -1.6202372312545776, -1.620785117149353, -1.531006097793579, -1.8776754140853882, -1.5142765045166016, -1.2129688262939453, -1.5758585929870605, -1.5587868690490723, -1.8047856092453003, -2.0641634464263916, -1.743811011314392, -1.660825490951538, -1.452153205871582, -1.2980594635009766, -1.386810064315796, -1.585797667503357, -1.5944849252700806, -1.6418120861053467, -1.6186549663543701, -1.8367359638214111, -1.3015791177749634, -1.3715580701828003, -1.4818737506866455, -1.7334626913070679, -1.3978548049926758, -1.7484071254730225, -1.6857702732086182, -1.6818459033966064, -1.339814305305481, -1.5107784271240234, -1.6906185150146484, -1.754647970199585, -1.8262900114059448, -2.0148439407348633, -1.6319891214370728, -1.388899564743042, -1.938904881477356, -2.307927370071411, -1.3768219947814941, -1.6993448734283447, -1.405273199081421, -1.6749334335327148, -1.545073390007019, -1.4064280986785889, -1.4916672706604004, -1.726657509803772, -1.4338557720184326, -1.4103633165359497, -1.6022123098373413, -1.636112093925476, -1.6005390882492065, -1.4486064910888672, -1.2556524276733398, -1.462693691253662, -1.4215401411056519, -1.8737419843673706, -1.406440019607544, -1.8258317708969116, -1.5747184753417969, -1.3430064916610718, -1.4694926738739014, -1.6887171268463135, -1.6639097929000854, -2.155956506729126, -1.56545090675354, -1.5106306076049805, -1.4405473470687866, -1.6423453092575073, -1.3839499950408936, -1.137257695198059, -1.4774670600891113, -1.665698528289795, -1.08119797706604, -1.3393255472183228, -1.7692877054214478, -2.09210467338562, -1.7559247016906738, -1.7925723791122437, -1.623660683631897, -1.5216152667999268, -1.5451653003692627, -1.6085350513458252, -1.5752251148223877, -1.6404814720153809, -1.8164869546890259, -1.7917579412460327, -1.6077289581298828, -1.7340331077575684, -1.4288406372070312, -1.5653327703475952, -1.5835589170455933, -1.5030066967010498, -1.537921667098999, -1.6020511388778687, -1.8757275342941284, -2.2126431465148926, -1.7198697328567505, -1.8349379301071167]}, "acc_test": 0.6, "precision_test": 0.5757575757575758, "recall_test": 0.76, "f1_test": 0.6551724137931034, "auc_test": 0.6288}
{"name": "entropy_threshold", "predictions": {"test": [3.8455002307891846, 3.946267604827881, 3.2612969875335693, 3.2134385108947754, 3.2215938568115234, 3.528266668319702, 3.2713944911956787, 2.9968161582946777, 3.334746837615967, 3.2061307430267334, 3.7325849533081055, 3.791299819946289, 3.667088508605957, 3.2502710819244385, 3.2677395343780518, 3.197566032409668, 3.3936493396759033, 3.421308994293213, 3.459169626235962, 3.4592230319976807, 3.341369390487671, 3.3327584266662598, 2.8724749088287354, 2.802168130874634, 3.3322701454162598, 3.696507453918457, 3.2341067790985107, 3.569157838821411, 3.4616951942443848, 3.4479165077209473, 3.266775369644165, 3.3963258266448975, 3.2821996212005615, 3.4852309226989746, 3.577923536300659, 3.6460540294647217, 3.09440279006958, 2.887233257293701, 3.696577548980713, 4.229419708251953, 2.96225905418396, 3.4590277671813965, 3.2436397075653076, 3.5271694660186768, 3.290980815887451, 3.30265212059021, 3.4367058277130127, 3.3219499588012695, 3.2077579498291016, 3.178894281387329, 3.3699862957000732, 3.523080348968506, 3.4762988090515137, 3.2134454250335693, 2.6569125652313232, 3.1708760261535645, 3.28410005569458, 3.6047165393829346, 3.2018818855285645, 3.4474222660064697, 3.186753988265991, 3.2342169284820557, 3.403770923614502, 3.5126945972442627, 3.028798818588257, 3.7993786334991455, 3.423924446105957, 2.912135601043701, 3.292618751525879, 3.406130790710449, 3.0691354274749756, 2.7599544525146484, 3.2779605388641357, 3.293154239654541, 2.538633346557617, 2.7151429653167725, 3.4141156673431396, 3.722368001937866, 3.6497864723205566, 3.5750014781951904, 3.240652561187744, 3.2250869274139404, 3.4004874229431152, 3.6716833114624023, 3.4521751403808594, 3.3182661533355713, 3.722848415374756, 3.5578505992889404, 3.3615658283233643, 3.461763381958008, 3.168180465698242, 3.292348861694336, 3.5316991806030273, 3.2560622692108154, 3.2203855514526367, 3.2721877098083496, 3.490809679031372, 3.973037004470825, 3.3833770751953125, 3.587005853652954]}, "acc_test": 0.57, "precision_test": 0.5443037974683544, "recall_test": 0.86, "f1_test": 0.6666666666666666, "auc_test": 0.5804}
{"name": "rank_GLTR_threshold", "predictions": {"test": [[0.6951871657754011, 0.13368983957219252, 0.1443850267379679, 0.026737967914438502], [0.7222222222222222, 0.14814814814814814, 0.08641975308641975, 0.043209876543209874], [0.7205882352941176, 0.18137254901960784, 0.07352941176470588, 0.024509803921568627], [0.7622377622377622, 0.15384615384615385, 0.055944055944055944, 0.027972027972027972], [0.74235807860262, 0.14410480349344978, 0.10480349344978165, 0.008733624454148471], [0.695364238410596, 0.19205298013245034, 0.059602649006622516, 0.052980132450331126], [0.7345132743362832, 0.17699115044247787, 0.07079646017699115, 0.017699115044247787], [0.8435374149659864, 0.08843537414965986, 0.047619047619047616, 0.02040816326530612], [0.7513227513227513, 0.13756613756613756, 0.08465608465608465, 0.026455026455026454], [0.7672955974842768, 0.12578616352201258, 0.06289308176100629, 0.0440251572327044], [0.6990291262135923, 0.15048543689320387, 0.11650485436893204, 0.03398058252427184], [0.6666666666666666, 0.13725490196078433, 0.13725490196078433, 0.058823529411764705], [0.6782608695652174, 0.2217391304347826, 0.08260869565217391, 0.017391304347826087], [0.7058823529411765, 0.17647058823529413, 0.09090909090909091, 0.026737967914438502], [0.7453703703703703, 0.19907407407407407, 0.037037037037037035, 0.018518518518518517], [0.8115942028985508, 0.12318840579710146, 0.036231884057971016, 0.028985507246376812], [0.7715736040609137, 0.16751269035532995, 0.03553299492385787, 0.025380710659898477], [0.7515151515151515, 0.13333333333333333, 0.07878787878787878, 0.03636363636363636], [0.753968253968254, 0.1388888888888889, 0.0873015873015873, 0.01984126984126984], [0.6987179487179487, 0.23076923076923078, 0.04487179487179487, 0.02564102564102564], [0.7261410788381742, 0.17842323651452283, 0.06639004149377593, 0.029045643153526972], [0.7, 0.18333333333333332, 0.05, 0.06666666666666667], [0.7953488372093023, 0.13953488372093023, 0.05581395348837209, 0.009302325581395349], [0.7721518987341772, 0.13924050632911392, 0.06962025316455696, 0.0189873417721519], [0.75, 0.18859649122807018, 0.04824561403508772, 0.013157894736842105], [0.7212121212121212, 0.15151515151515152, 0.09090909090909091, 0.03636363636363636], [0.775330396475771, 0.1277533039647577, 0.07488986784140969, 0.022026431718061675], [0.6909090909090909, 0.18787878787878787, 0.07878787878787878, 0.04242424242424243], [0.6995073891625616, 0.17733990147783252, 0.11822660098522167, 0.0049261083743842365], [0.738255033557047, 0.1476510067114094, 0.09395973154362416, 0.020134228187919462], [0.7560975609756098, 0.18048780487804877, 0.05853658536585366, 0.004878048780487805], [0.7272727272727273, 0.17532467532467533, 0.08441558441558442, 0.012987012987012988], [0.6842105263157895, 0.215311004784689, 0.0861244019138756, 0.014354066985645933], [0.654320987654321, 0.2654320987654321, 0.07407407407407407, 0.006172839506172839], [0.6856060606060606, 0.1590909090909091, 0.14015151515151514, 0.015151515151515152], [0.6296296296296297, 0.24074074074074073, 0.09876543209876543, 0.030864197530864196], [0.7252252252252253, 0.16666666666666666, 0.08558558558558559, 0.02252252252252252], [0.7634408602150538, 0.15591397849462366, 0.06989247311827956, 0.010752688172043012], [0.672566371681416, 0.17699115044247787, 0.12389380530973451, 0.02654867256637168], [0.6022099447513812, 0.2154696132596685, 0.13812154696132597, 0.04419889502762431], [0.7725118483412322, 0.15639810426540285, 0.05687203791469194, 0.014218009478672985], [0.7423312883435583, 0.15950920245398773, 0.06748466257668712, 0.03067484662576687], [0.7696078431372549, 0.18627450980392157, 0.029411764705882353, 0.014705882352941176], [0.7195121951219512, 0.15853658536585366, 0.0975609756097561, 0.024390243902439025], [0.7163461538461539, 0.18269230769230768, 0.08653846153846154, 0.014423076923076924], [0.7560975609756098, 0.15853658536585366, 0.06707317073170732, 0.018292682926829267], [0.7568807339449541, 0.15137614678899083, 0.06880733944954129, 0.022935779816513763], [0.6862745098039216, 0.19607843137254902, 0.08496732026143791, 0.032679738562091505], [0.7488372093023256, 0.17674418604651163, 0.06511627906976744, 0.009302325581395349], [0.7770700636942676, 0.1337579617834395, 0.07643312101910828, 0.012738853503184714], [0.7216981132075472, 0.1650943396226415, 0.08490566037735849, 0.02830188679245283], [0.7533333333333333, 0.15333333333333332, 0.06, 0.03333333333333333], [0.7400881057268722, 0.1762114537444934, 0.06167400881057269, 0.022026431718061675], [0.782608695652174, 0.13768115942028986, 0.057971014492753624, 0.021739130434782608], [0.8050847457627118, 0.11440677966101695, 0.06779661016949153, 0.012711864406779662], [0.7378048780487805, 0.1951219512195122, 0.036585365853658534, 0.03048780487804878], [0.7435897435897436, 0.19487179487179487, 0.05641025641025641, 0.005128205128205128], [0.7, 0.1625, 0.075, 0.0625], [0.7594339622641509, 0.1650943396226415, 0.06132075471698113, 0.014150943396226415], [0.6413043478260869, 0.2391304347826087, 0.09239130434782608, 0.02717391304347826], [0.7297297297297297, 0.17117117117117117, 0.08108108108108109, 0.018018018018018018], [0.7828947368421053, 0.17105263157894737, 0.03289473684210526, 0.013157894736842105], [0.7540983606557377, 0.15163934426229508, 0.0778688524590164, 0.01639344262295082], [0.7337278106508875, 0.15976331360946747, 0.08284023668639054, 0.023668639053254437], [0.6946107784431138, 0.20958083832335328, 0.0658682634730539, 0.029940119760479042], [0.610738255033557, 0.2550335570469799, 0.0738255033557047, 0.06040268456375839], [0.7216981132075472, 0.20754716981132076, 0.06132075471698113, 0.009433962264150943], [0.7642857142857142, 0.15714285714285714, 0.05, 0.02857142857142857], [0.7378640776699029, 0.19902912621359223, 0.05825242718446602, 0.0048543689320388345], [0.7357142857142858, 0.15, 0.1, 0.014285714285714285], [0.7321428571428571, 0.20535714285714285, 0.05803571428571429, 0.004464285714285714], [0.8260869565217391, 0.12318840579710146, 0.043478260869565216, 0.007246376811594203], [0.7216981132075472, 0.19811320754716982, 0.07547169811320754, 0.0047169811320754715], [0.7114093959731543, 0.1610738255033557, 0.11409395973154363, 0.013422818791946308], [0.8258706467661692, 0.11940298507462686, 0.04477611940298507, 0.009950248756218905], [0.7777777777777778, 0.17647058823529413, 0.013071895424836602, 0.032679738562091505], [0.6683168316831684, 0.22772277227722773, 0.08415841584158416, 0.019801980198019802], [0.6368715083798883, 0.21787709497206703, 0.09497206703910614, 0.05027932960893855], [0.7121212121212122, 0.13636363636363635, 0.12121212121212122, 0.030303030303030304], [0.7321428571428571, 0.13095238095238096, 0.08928571428571429, 0.047619047619047616], [0.7210526315789474, 0.20526315789473684, 0.07368421052631578, 0.0], [0.782608695652174, 0.13768115942028986, 0.06521739130434782, 0.014492753623188406], [0.755868544600939, 0.13145539906103287, 0.09389671361502347, 0.018779342723004695], [0.7482517482517482, 0.17482517482517482, 0.04895104895104895, 0.027972027972027972], [0.7272727272727273, 0.18181818181818182, 0.06493506493506493, 0.025974025974025976], [0.7352941176470589, 0.18823529411764706, 0.058823529411764705, 0.01764705882352941], [0.6666666666666666, 0.21296296296296297, 0.10185185185185185, 0.018518518518518517], [0.6891891891891891, 0.20945945945945946, 0.06756756756756757, 0.033783783783783786], [0.7076923076923077, 0.18461538461538463, 0.09230769230769231, 0.015384615384615385], [0.7261146496815286, 0.1337579617834395, 0.10828025477707007, 0.03184713375796178], [0.7740112994350282, 0.13559322033898305, 0.07344632768361582, 0.01694915254237288], [0.7412587412587412, 0.16783216783216784, 0.07692307692307693, 0.013986013986013986], [0.7192118226600985, 0.17733990147783252, 0.08866995073891626, 0.014778325123152709], [0.7161290322580646, 0.2, 0.07741935483870968, 0.0064516129032258064], [0.7252252252252253, 0.18018018018018017, 0.07657657657657657, 0.018018018018018018], [0.7470588235294118, 0.1411764705882353, 0.08235294117647059, 0.029411764705882353], [0.6502463054187192, 0.23645320197044334, 0.07881773399014778, 0.034482758620689655], [0.6521739130434783, 0.14285714285714285, 0.12422360248447205, 0.08074534161490683], [0.6854460093896714, 0.2112676056338028, 0.09389671361502347, 0.009389671361502348], [0.7012195121951219, 0.21951219512195122, 0.036585365853658534, 0.042682926829268296]]}, "acc_test": 0.47, "precision_test": 0.47368421052631576, "recall_test": 0.54, "f1_test": 0.5046728971962616, "auc_test": 0.4868}
{"name": "perturbation_10_z", "predictions": {"test": [0.3385842795919539, 0.6896875721431959, 0.41958377257873347, 0.6545652035728207, 1.2859641963649724, 0.7419269121609748, 0.5192777141767204, 0.6262275650620991, 0.011439212920700624, 0.06844455302449506, 1.0434011004066261, 0.17000281737048484, 0.8082756384460494, 1.1068338745874597, 0.1799283023049676, 0.5736763697145617, 0.9609668801265517, 0.4877794190603619, 0.4196211791407154, -0.1535143983574742, 0.7030442169703337, -0.15159824069924854, 0.4320712940270059, 0.4654298646283317, 0.14909864051299893, 0.5012290955123945, 1.274260710900946, 0.0053521289925892975, 0.41400345766988306, -0.01702785260105589, 0.6874150959230084, 0.36361902319251027, -0.720118734193915, 0.22102651583332428, -0.08143306327217835, 0.25121605957769255, -0.22194143797027557, 0.7510541631992521, 0.5337351198792193, 0.3264850676052059, 1.0266946255099498, -0.27848406334349196, 0.3317446549911464, 0.7470468794805579, 0.7157198471920957, 0.7517269719246921, 1.0769051449449514, 0.3596943360795035, 0.9230157026454796, -0.21222152153564006, -0.010007265974119503, 0.2834154043143273, -0.14228831490018565, 0.5522525720649212, 0.6247367476173944, 0.648567067466137, 0.31491216211048084, -0.12874355606946547, 0.588787079917721, 0.20703698716139174, -0.5198508744844011, 0.40980545428522236, 1.901196454770431, -0.34440492827450575, 0.6818206006466392, -0.37399078608576775, 1.1458989092884215, 0.06140625388336882, 0.7562930281454325, 0.5219058670040979, 0.9017645429823913, 0.16383855491303773, 0.023894331900967767, 0.3130124340206968, 1.9171658248163925, 0.23620408688898994, 0.3081534664073053, -0.339269251860114, 0.2312799045475478, 0.458112291586009, 1.6230620955615793, 0.37422230822955943, 0.0769457009543725, 0.4617908683779766, 0.7689115876146438, -0.30031653280528714, 0.09204803584673912, 0.32804603837600116, 0.2713171856549851, 0.11994417608454701, 0.37447928480535314, -0.11790390963995544, 1.003151050317512, 0.5821282706602032, 1.028306322237881, 0.20864519081140476, 0.15408333068739002, -0.30145384523631397, 0.05883407152718275, 0.8731399963457135]}, "info": {"pct_words_masked": 0.3, "span_length": 2, "n_perturbations": 10}, "general": {"acc_test": 0.58, "precision_test": 0.5666666666666667, "recall_test": 0.68, "f1_test": 0.6181818181818183, "auc_test": 0.6484}}
{"name": "Retrained GPT-sentinel", "before": {"acc_test": 0.76, "precision_test": 0.9642857142857143, "recall_test": 0.54, "f1_test": 0.6923076923076923, "auc_test": 0.8464}, "acc_test": 0.74, "precision_test": 0.875, "recall_test": 0.56, "f1_test": 0.6829268292682927, "auc_test": 0.822}
{"name": "RetrainedHello-SimpleAI/chatgpt-detector-roberta", "predictions": {"test": [0.23010413348674774, 0.9561800956726074, 0.6983773708343506, 0.9986675977706909, 0.017900310456752777, 0.02705751359462738, 0.398047536611557, 0.744178295135498, 0.9967869520187378, 0.9755604267120361, 0.9991405010223389, 0.7409327030181885, 0.4495450556278229, 0.9593908786773682, 0.981879711151123, 0.7695510387420654, 0.9928337335586548, 0.9936683773994446, 0.6557170748710632, 0.9988346695899963, 0.994125485420227, 0.5536525249481201, 0.9490041136741638, 0.7544018626213074, 0.501880943775177, 0.41572919487953186, 0.9992414712905884, 0.9961674809455872, 0.10139826685190201, 0.7545120716094971, 0.9991133809089661, 0.9991360306739807, 0.7928128242492676, 0.9959800243377686, 0.08643832057714462, 0.7744510173797607, 0.9930657148361206, 0.7045661211013794, 0.4297242760658264, 0.03796426206827164, 0.0035052953753620386, 0.0008353870362043381, 0.9992208480834961, 0.7168483138084412, 0.8006511926651001, 0.7257954478263855, 0.9902622103691101, 0.9963202476501465, 0.3991713523864746, 0.7036570310592651, 0.011883508414030075, 0.20101116597652435, 0.9965466856956482, 0.9619753956794739, 0.9946417808532715, 0.9966480135917664, 0.9979872703552246, 0.2564820945262909, 0.9983799457550049, 0.46194568276405334, 0.285069078207016, 0.7591731548309326, 0.14448826014995575, 0.0952109694480896, 0.9992458820343018, 0.07819360494613647, 0.9992202520370483, 0.9883922934532166, 0.998967170715332, 0.9824569821357727, 0.8023304343223572, 0.07519450038671494, 0.7465270757675171, 0.35864579677581787, 0.7653738260269165, 0.9874832630157471, 0.7743588089942932, 0.9733438491821289, 0.018686112016439438, 0.0017639751313254237, 0.9954583644866943, 0.9221273064613342, 0.9950664043426514, 0.9958082437515259, 0.7362896203994751, 0.6543968319892883, 0.8787049651145935, 0.7449161410331726, 0.7228603363037109, 0.058294110000133514, 0.34491559863090515, 0.0018813718343153596, 0.9966171383857727, 0.9984337687492371, 0.764228343963623, 0.9662214517593384, 0.7851619720458984, 0.058856673538684845, 0.9877602458000183, 0.3719518184661865]}, "logits": {"test": [-0.7366687655448914, 1.469861388206482, 0.20079103112220764, 2.942763566970825, -1.9783705472946167, -1.79377281665802, -0.3775328993797302, 0.3097231686115265, 2.5909600257873535, 1.7288780212402344, 3.1031911373138428, 0.30176228284835815, -0.28145870566368103, 1.5040254592895508, 1.8593989610671997, 0.3756011724472046, 2.256577491760254, 2.3087949752807617, 0.10873521864414215, 2.9937472343444824, 2.340277910232544, -0.09017876535654068, 1.401392936706543, 0.3356194496154785, -0.1855544000864029, -0.34421396255493164, 3.140256404876709, 2.5183403491973877, -1.1735692024230957, 0.3360539674758911, 3.092731237411499, 3.1014509201049805, 0.4388980269432068, 2.498568058013916, -1.2521367073059082, 0.3892340660095215, 2.270463705062866, 0.495307058095932, -0.3181113004684448, -1.6398869752883911, -2.679781436920166, -3.256547212600708, 3.102144956588745, 0.24327439069747925, 0.46124663949012756, 0.2644839286804199, 2.1264660358428955, 2.5351316928863525, -0.37539857625961304, 0.21269872784614563, -2.1585280895233154, -0.8142151832580566, 2.5613176822662354, 1.533298373222351, 2.378854751586914, 2.573577404022217, 2.780668258666992, -0.6720278859138489, 2.866759777069092, -0.25866734981536865, -0.6066387295722961, 0.34807199239730835, -0.9931499361991882, -1.2047247886657715, 3.1212003231048584, -1.3007861375808716, 3.133368492126465, 2.0514395236968994, 3.0385735034942627, 1.8734872341156006, 0.46658095717430115, -1.3196420669555664, 0.3156754970550537, -0.45361167192459106, 0.3645808696746826, 2.0191152095794678, 0.38859477639198303, 1.6907809972763062, -1.9593100547790527, -2.9615797996520996, 2.4478819370269775, 1.2057385444641113, 2.413376808166504, 2.481210708618164, 0.2900189757347107, 0.10599572211503983, 0.9898540377616882, 0.31172865629196167, 0.26307475566864014, -1.4407814741134644, -0.4808984100818634, -2.9355382919311523, 2.5697968006134033, 2.88000750541687, 0.36141157150268555, 1.5861490964889526, 0.4182203710079193, -1.436259150505066, 2.028775215148926, -0.4275827705860138]}, "acc_test": 0.52, "precision_test": 0.5142857142857142, "recall_test": 0.72, "f1_test": 0.6, "auc_test": 0.5824, "preds": [0.23010413348674774, 0.6983773708343506, 0.017900310456752777, 0.398047536611557, 0.9967869520187378, 0.9991405010223389, 0.4495450556278229, 0.981879711151123, 0.9928337335586548, 0.6557170748710632, 0.994125485420227, 0.9490041136741638, 0.501880943775177, 0.9992414712905884, 0.10139826685190201, 0.9991133809089661, 0.7928128242492676, 0.08643832057714462, 0.9930657148361206, 0.4297242760658264, 0.0035052953753620386, 0.9992208480834961, 0.8006511926651001, 0.9902622103691101, 0.3991713523864746, 0.011883508414030075, 0.9965466856956482, 0.9946417808532715, 0.9979872703552246, 0.9983799457550049, 0.285069078207016, 0.14448826014995575, 0.9992458820343018, 0.9992202520370483, 0.998967170715332, 0.8023304343223572, 0.7465270757675171, 0.7653738260269165, 0.7743588089942932, 0.018686112016439438, 0.9954583644866943, 0.9950664043426514, 0.7362896203994751, 0.8787049651145935, 0.7228603363037109, 0.34491559863090515, 0.9966171383857727, 0.764228343963623, 0.7851619720458984, 0.9877602458000183]}
{"name": "Retraineddistilbert-base-uncased", "predictions": {"test": [0.9600779414176941, 0.9489443302154541, 0.02632809244096279, 0.03236623480916023, 0.9720207452774048, 0.7854410409927368, 0.19795694947242737, 0.08625411987304688, 0.893271267414093, 0.8228992819786072, 0.9609602093696594, 0.9488222599029541, 0.6348000168800354, 0.31338489055633545, 0.8660932183265686, 0.022665444761514664, 0.06975509226322174, 0.033378247171640396, 0.8687639236450195, 0.04893407225608826, 0.7492210268974304, 0.955794095993042, 0.9500831365585327, 0.9522059559822083, 0.14553694427013397, 0.02363302744925022, 0.7520254850387573, 0.726007342338562, 0.24133092164993286, 0.07018880546092987, 0.9742555022239685, 0.9225354194641113, 0.13790254294872284, 0.04499146342277527, 0.1560022085905075, 0.1041470617055893, 0.9652314186096191, 0.932698667049408, 0.5320693254470825, 0.1177666187286377, 0.43643054366111755, 0.05119120329618454, 0.9397897124290466, 0.9054613709449768, 0.968808650970459, 0.22733718156814575, 0.8271937370300293, 0.8027413487434387, 0.10381107032299042, 0.1664608269929886, 0.6988176703453064, 0.2962864339351654, 0.9259157776832581, 0.525067150592804, 0.3723006844520569, 0.7196733355522156, 0.22891020774841309, 0.026597008109092712, 0.9744438529014587, 0.970849871635437, 0.03978222608566284, 0.03770109638571739, 0.0684262365102768, 0.03258153423666954, 0.9695225954055786, 0.9188185930252075, 0.44574642181396484, 0.11013635993003845, 0.9640436172485352, 0.5861335396766663, 0.3691751956939697, 0.15424323081970215, 0.8813247680664062, 0.05116908624768257, 0.9750170707702637, 0.9604406952857971, 0.973419725894928, 0.5570855140686035, 0.28700029850006104, 0.07017011940479279, 0.9714778065681458, 0.14679120481014252, 0.9711158871650696, 0.661846399307251, 0.4694105088710785, 0.7478429079055786, 0.3346841633319855, 0.34807533025741577, 0.265210896730423, 0.09811891615390778, 0.16560618579387665, 0.044861726462841034, 0.12479600310325623, 0.06745940446853638, 0.9295905828475952, 0.5822200775146484, 0.38226959109306335, 0.5667045712471008, 0.6278977990150452, 0.05624439939856529]}, "logits": {"test": [1.4861390590667725, 1.3327977657318115, -1.969783067703247, -1.8642867803573608, 1.6503468751907349, 0.5262815952301025, -0.7898712158203125, -1.3159632682800293, 0.974160373210907, 0.6865600943565369, 1.4580124616622925, 1.331180453300476, 0.08355919271707535, -0.6297188997268677, 0.8460150361061096, -2.0172042846679688, -1.39273202419281, -1.8139652013778687, 0.8375721573829651, -1.6337565183639526, 0.46565502882003784, 1.4642541408538818, 1.3465758562088013, 1.3771737813949585, -1.0027412176132202, -2.0246822834014893, 0.5365586280822754, 0.4429144859313965, -0.7198185920715332, -1.4523605108261108, 1.678955078125, 1.1153428554534912, -1.0593845844268799, -1.6935421228408813, -0.9567904472351074, -1.236512541770935, 1.5183188915252686, 1.1974140405654907, -0.008990997448563576, -1.1471662521362305, -0.22264519333839417, -1.6194409132003784, 1.257219672203064, 1.0037091970443726, 1.5781526565551758, -0.725562334060669, 0.6830660700798035, 0.5841171741485596, -1.1915841102600098, -0.9473408460617065, 0.3352263271808624, -0.5510780215263367, 1.1839905977249146, -0.03563763573765755, -0.3459028899669647, 0.3594866693019867, -0.7201482057571411, -1.983444333076477, 1.6644177436828613, 1.6399956941604614, -1.7947531938552856, -1.7911635637283325, -1.5018662214279175, -1.8700698614120483, 1.5794918537139893, 1.0754245519638062, -0.16004052758216858, -1.1759661436080933, 1.5257713794708252, 0.07235251367092133, -0.39041265845298767, -1.0089305639266968, 0.9273738861083984, -1.6114777326583862, 1.6755326986312866, 1.459159016609192, 1.6206096410751343, -0.02965831197798252, -0.5970832109451294, -1.447210669517517, 1.6379600763320923, -0.997756838798523, 1.6469022035598755, 0.2337317019701004, -0.18098562955856323, 0.48470357060432434, -0.47617843747138977, -0.4263603985309601, -0.6756206154823303, -1.278006672859192, -0.9150270223617554, -1.6881859302520752, -1.0925203561782837, -1.4426137208938599, 1.224510908126831, 0.10675308853387833, -0.3483138382434845, 0.08550383895635605, 0.16912159323692322, -1.5550018548965454]}, "acc_test": 0.56, "precision_test": 0.56, "recall_test": 0.56, "f1_test": 0.56, "auc_test": 0.682, "preds": [0.9600779414176941, 0.02632809244096279, 0.9720207452774048, 0.19795694947242737, 0.893271267414093, 0.9609602093696594, 0.6348000168800354, 0.8660932183265686, 0.06975509226322174, 0.8687639236450195, 0.7492210268974304, 0.9500831365585327, 0.14553694427013397, 0.7520254850387573, 0.24133092164993286, 0.9742555022239685, 0.13790254294872284, 0.1560022085905075, 0.9652314186096191, 0.5320693254470825, 0.43643054366111755, 0.9397897124290466, 0.968808650970459, 0.8271937370300293, 0.10381107032299042, 0.6988176703453064, 0.9259157776832581, 0.3723006844520569, 0.22891020774841309, 0.9744438529014587, 0.03978222608566284, 0.0684262365102768, 0.9695225954055786, 0.44574642181396484, 0.9640436172485352, 0.3691751956939697, 0.8813247680664062, 0.9750170707702637, 0.973419725894928, 0.28700029850006104, 0.9714778065681458, 0.9711158871650696, 0.4694105088710785, 0.3346841633319855, 0.265210896730423, 0.16560618579387665, 0.12479600310325623, 0.9295905828475952, 0.38226959109306335, 0.6278977990150452]}
{"name": "Retrained Radar", "before": {"acc_test": 0.63, "precision_test": 0.6, "recall_test": 0.78, "f1_test": 0.6782608695652174, "auc_test": 0.6588}, "acc_test": 0.73, "precision_test": 0.7804878048780488, "recall_test": 0.64, "f1_test": 0.7032967032967035, "auc_test": 0.7808}
