{"name": "likelihood_threshold", "predictions": {"test": [-2.88389253616333, -2.7059621810913086, -0.8623782396316528, -2.5462939739227295, -3.590430974960327, -3.2057912349700928, -2.2651727199554443, -2.4503414630889893, -2.432988405227661, -2.499350070953369, -3.345688819885254, -3.1216723918914795, -2.022440195083618, -2.583090305328369, -2.091463327407837, -2.5504798889160156, -2.4522876739501953, -4.089223861694336, -2.276989698410034, -2.871389150619507, -1.9201587438583374, -2.9537031650543213, -1.814741611480713, -3.6202027797698975, -2.39117431640625, -2.73970627784729, -1.855143427848816, -2.9089183807373047, -2.914802312850952, -3.3024888038635254, -3.315427303314209, -2.9560577869415283, -2.1137187480926514, -2.472611904144287, -2.81020188331604, -3.234663486480713, -1.4411365985870361, -2.5240719318389893, -2.5095691680908203, -2.744154214859009, -2.7371997833251953, -3.5177793502807617, -3.496633768081665, -3.4235894680023193, -3.632734537124634, -3.461000919342041, -1.505628228187561, -2.3941195011138916, -2.255605697631836, -2.732883930206299, -1.5315288305282593, -2.693214178085327, -1.6339218616485596, -2.282691240310669, -2.142117977142334, -2.990454912185669, -2.637336254119873, -2.310181140899658, -1.9386329650878906, -2.54830002784729, -2.382077217102051, -3.2268483638763428, -1.8404045104980469, -3.5178568363189697, -2.5247840881347656, -3.0663585662841797, -2.4868810176849365, -2.5573008060455322, -2.3539912700653076, -3.3523075580596924, -1.7800616025924683, -2.754309892654419, -3.5268824100494385, -3.4589507579803467, -1.8072290420532227, -3.037794351577759, -2.3226945400238037, -3.0779058933258057, -2.9631266593933105, -4.363192081451416, -2.834228992462158, -2.737388849258423, -2.014176845550537, -3.2481281757354736, -2.7070109844207764, -2.920642375946045, -3.5880627632141113, -4.330782890319824, -1.907870888710022, -2.8777997493743896, -2.8738512992858887, -2.7845382690429688, -1.8318519592285156, -5.5628557205200195, -2.3296871185302734, -2.9170119762420654, -2.6773014068603516, -2.6096575260162354, -3.401209592819214, -3.065021276473999]}, "acc_test": 0.57, "precision_test": 0.5454545454545454, "recall_test": 0.84, "f1_test": 0.6614173228346457, "auc_test": 0.7708}
{"name": "rank_threshold", "predictions": {"test": [-87.36666870117188, -63.62010955810547, -80.96000671386719, -86.32994842529297, -332.4810791015625, -312.9085998535156, -61.03007507324219, -57.49895095825195, -87.817138671875, -72.15681457519531, -259.32000732421875, -98.46012115478516, -9.67391300201416, -31.74444580078125, -22.891088485717773, -30.11640167236328, -19.428571701049805, -465.8531799316406, -168.6732635498047, -36.1298713684082, -45.051612854003906, -104.45255279541016, -36.19047546386719, -327.4659729003906, -132.24346923828125, -67.76729583740234, -6.776397705078125, -91.52984619140625, -88.20635223388672, -202.3729705810547, -85.10400390625, -62.47019958496094, -25.632001876831055, -118.671875, -96.33333587646484, -89.09916687011719, -59.50819396972656, -57.24561309814453, -221.92086791992188, -91.8058853149414, -86.4380111694336, -104.24832153320312, -158.51266479492188, -238.4514617919922, -174.05426025390625, -116.8933334350586, -3.238410711288452, -22.51369857788086, -273.6031799316406, -44.53741455078125, -9.580644607543945, -41.006134033203125, -13.744000434875488, -46.123077392578125, -40.49580001831055, -42.64462661743164, -36.832000732421875, -17.10714340209961, -33.344085693359375, -52.57143020629883, -16.94444465637207, -145.08209228515625, -7.3828125, -265.5403747558594, -31.24761962890625, -55.54255294799805, -82.99275207519531, -128.77256774902344, -25.59503936767578, -53.363014221191406, -21.270000457763672, -46.855072021484375, -115.67256927490234, -291.6500244140625, -99.6021499633789, -269.244873046875, -160.90476989746094, -77.34269714355469, -50.529415130615234, -298.7364196777344, -88.04838562011719, -162.0449981689453, -9.631579399108887, -49.178951263427734, -32.71794891357422, -32.717105865478516, -288.2291564941406, -415.8465881347656, -27.056074142456055, -89.76654815673828, -83.5314712524414, -73.01087188720703, -12.064516067504883, -390.33544921875, -383.1969909667969, -71.84000396728516, -110.3277359008789, -58.151634216308594, -264.0243835449219, -132.36666870117188]}, "acc_test": 0.52, "precision_test": 0.5125, "recall_test": 0.82, "f1_test": 0.6307692307692307, "auc_test": 0.6212}
{"name": "log_rank_threshold", "predictions": {"test": [-1.4823721647262573, -1.3515924215316772, -0.3927241563796997, -1.2682832479476929, -1.9391921758651733, -1.6508833169937134, -1.1187974214553833, -1.2082209587097168, -1.121699333190918, -1.1969159841537476, -1.8100539445877075, -1.6557778120040894, -0.8313326239585876, -1.296743631362915, -0.8880733847618103, -1.2071385383605957, -1.1843894720077515, -2.3041694164276123, -1.0323612689971924, -1.4323909282684326, -0.8051332831382751, -1.499106526374817, -0.8361642956733704, -2.0646584033966064, -1.1235138177871704, -1.331017255783081, -0.7574282288551331, -1.488997459411621, -1.4795160293579102, -1.7406330108642578, -1.75788414478302, -1.4493024349212646, -0.8924294710159302, -1.145146131515503, -1.3860501050949097, -1.7000844478607178, -0.543388843536377, -1.1894018650054932, -1.227563738822937, -1.374381422996521, -1.3405286073684692, -2.025010824203491, -1.9957427978515625, -1.9151585102081299, -1.962188720703125, -1.8873132467269897, -0.5298862457275391, -1.1010271310806274, -0.9363034963607788, -1.4173043966293335, -0.5516535639762878, -1.3166651725769043, -0.7225778698921204, -1.0678359270095825, -0.9136475324630737, -1.5355198383331299, -1.193672776222229, -1.0632284879684448, -0.7752448320388794, -1.2403082847595215, -1.0468207597732544, -1.7140480279922485, -0.7231109738349915, -1.875511646270752, -1.1188490390777588, -1.5578182935714722, -1.2704534530639648, -1.2504314184188843, -1.056881070137024, -1.7690818309783936, -0.7151866555213928, -1.346914291381836, -1.9158298969268799, -1.8622934818267822, -0.8177006244659424, -1.6104519367218018, -1.0479940176010132, -1.5899118185043335, -1.577429175376892, -2.5038697719573975, -1.4076323509216309, -1.3605296611785889, -0.8079723715782166, -1.690517783164978, -1.3044297695159912, -1.4366642236709595, -1.973430871963501, -2.430169105529785, -0.7972075343132019, -1.48658287525177, -1.3669919967651367, -1.446891188621521, -0.6980440020561218, -3.3446741104125977, -1.2470009326934814, -1.5024865865707397, -1.2998424768447876, -1.3105398416519165, -1.8231929540634155, -1.5726048946380615]}, "acc_test": 0.57, "precision_test": 0.5454545454545454, "recall_test": 0.84, "f1_test": 0.6614173228346457, "auc_test": 0.7752}
{"name": "entropy_threshold", "predictions": {"test": [2.992021322250366, 3.3323042392730713, 1.2726342678070068, 3.202305555343628, 3.6062235832214355, 3.351210117340088, 2.9028403759002686, 3.0952322483062744, 3.2989861965179443, 3.166870355606079, 3.329655170440674, 3.3724827766418457, 3.0899765491485596, 3.251132011413574, 2.92232084274292, 2.966627359390259, 2.707843542098999, 4.049739360809326, 3.1355412006378174, 3.2293448448181152, 2.923715114593506, 3.212555170059204, 2.45078706741333, 3.9882447719573975, 3.2522099018096924, 3.314486026763916, 2.8254952430725098, 3.3389832973480225, 3.168339729309082, 3.4525060653686523, 3.387704849243164, 3.282322406768799, 3.088594913482666, 3.3466453552246094, 3.4057891368865967, 3.316046953201294, 2.106257915496826, 2.9492249488830566, 2.9511117935180664, 2.98569655418396, 3.5158851146698, 3.5348896980285645, 3.716883897781372, 3.7492570877075195, 3.390637159347534, 3.719271421432495, 2.4221861362457275, 2.8591597080230713, 3.120577335357666, 3.040252923965454, 2.5213241577148438, 3.3995344638824463, 2.180030584335327, 2.6057610511779785, 2.907682180404663, 3.0876543521881104, 3.5118727684020996, 3.0382325649261475, 3.0455098152160645, 3.107374429702759, 3.2046282291412354, 3.4384241104125977, 2.9603896141052246, 3.485990047454834, 3.4177308082580566, 3.5908772945404053, 2.920469045639038, 2.974473237991333, 3.199099540710449, 3.8565080165863037, 2.855668783187866, 2.9966182708740234, 3.651003837585449, 3.6703832149505615, 2.4068126678466797, 3.136831760406494, 3.0560519695281982, 3.3323676586151123, 3.3998451232910156, 4.573663711547852, 3.462455987930298, 3.37375545501709, 3.0358004570007324, 3.318808078765869, 2.8146474361419678, 3.2274062633514404, 3.565342903137207, 4.326934814453125, 2.6858553886413574, 3.0822558403015137, 3.5537471771240234, 3.226473569869995, 2.9092936515808105, 4.69887113571167, 3.2039542198181152, 3.3282008171081543, 3.261028528213501, 3.101083517074585, 3.5362329483032227, 3.3715903759002686]}, "acc_test": 0.55, "precision_test": 0.5294117647058824, "recall_test": 0.9, "f1_test": 0.6666666666666667, "auc_test": 0.6792}
{"name": "rank_GLTR_threshold", "predictions": {"test": [[0.75, 0.14166666666666666, 0.08333333333333333, 0.025], [0.7653631284916201, 0.1340782122905028, 0.08379888268156424, 0.01675977653631285], [0.944, 0.024, 0.016, 0.016], [0.8223350253807107, 0.1116751269035533, 0.05583756345177665, 0.01015228426395939], [0.6810810810810811, 0.16216216216216217, 0.11351351351351352, 0.043243243243243246], [0.7258064516129032, 0.15053763440860216, 0.08064516129032258, 0.043010752688172046], [0.8195488721804511, 0.11278195488721804, 0.05263157894736842, 0.015037593984962405], [0.7840670859538784, 0.1509433962264151, 0.05241090146750524, 0.012578616352201259], [0.8342857142857143, 0.10285714285714286, 0.045714285714285714, 0.017142857142857144], [0.7969151670951157, 0.15938303341902313, 0.02570694087403599, 0.017994858611825194], [0.688, 0.176, 0.112, 0.024], [0.7361963190184049, 0.1656441717791411, 0.07975460122699386, 0.018404907975460124], [0.8840579710144928, 0.08695652173913043, 0.028985507246376812, 0.0], [0.7666666666666667, 0.17777777777777778, 0.05555555555555555, 0.0], [0.8514851485148515, 0.12871287128712872, 0.019801980198019802, 0.0], [0.8042328042328042, 0.14285714285714285, 0.042328042328042326, 0.010582010582010581], [0.8214285714285714, 0.13392857142857142, 0.044642857142857144, 0.0], [0.6146788990825688, 0.1834862385321101, 0.12844036697247707, 0.07339449541284404], [0.8217821782178217, 0.13861386138613863, 0.0297029702970297, 0.009900990099009901], [0.7662337662337663, 0.16233766233766234, 0.06493506493506493, 0.006493506493506494], [0.8838709677419355, 0.10967741935483871, 0.0, 0.0064516129032258064], [0.7445255474452555, 0.1678832116788321, 0.06569343065693431, 0.021897810218978103], [0.8809523809523809, 0.08928571428571429, 0.023809523809523808, 0.005952380952380952], [0.6230366492146597, 0.18848167539267016, 0.13612565445026178, 0.05235602094240838], [0.8608695652173913, 0.09565217391304348, 0.017391304347826087, 0.02608695652173913], [0.7861635220125787, 0.1509433962264151, 0.0440251572327044, 0.018867924528301886], [0.8819875776397516, 0.11180124223602485, 0.006211180124223602, 0.0], [0.746268656716418, 0.17164179104477612, 0.06716417910447761, 0.014925373134328358], [0.746031746031746, 0.16666666666666666, 0.05555555555555555, 0.031746031746031744], [0.6972972972972973, 0.17297297297297298, 0.10810810810810811, 0.021621621621621623], [0.68, 0.224, 0.072, 0.024], [0.7748344370860927, 0.152317880794702, 0.059602649006622516, 0.013245033112582781], [0.896, 0.072, 0.024, 0.008], [0.7864583333333334, 0.17708333333333334, 0.026041666666666668, 0.010416666666666666], [0.7575757575757576, 0.18181818181818182, 0.030303030303030304, 0.030303030303030304], [0.7024793388429752, 0.2231404958677686, 0.049586776859504134, 0.024793388429752067], [0.9426229508196722, 0.02459016393442623, 0.02459016393442623, 0.00819672131147541], [0.8245614035087719, 0.10526315789473684, 0.04678362573099415, 0.023391812865497075], [0.7985611510791367, 0.14388489208633093, 0.050359712230215826, 0.007194244604316547], [0.7823529411764706, 0.13529411764705881, 0.07058823529411765, 0.011764705882352941], [0.7851239669421488, 0.1487603305785124, 0.04132231404958678, 0.024793388429752067], [0.6442953020134228, 0.2080536912751678, 0.11409395973154363, 0.03355704697986577], [0.6645569620253164, 0.14556962025316456, 0.13924050632911392, 0.05063291139240506], [0.6708860759493671, 0.16033755274261605, 0.10970464135021098, 0.05907172995780591], [0.6666666666666666, 0.20930232558139536, 0.10852713178294573, 0.015503875968992248], [0.6666666666666666, 0.19333333333333333, 0.12666666666666668, 0.013333333333333334], [0.9337748344370861, 0.06622516556291391, 0.0, 0.0], [0.8013698630136986, 0.15753424657534246, 0.03424657534246575, 0.00684931506849315], [0.873015873015873, 0.1111111111111111, 0.007936507936507936, 0.007936507936507936], [0.7551020408163265, 0.16326530612244897, 0.06802721088435375, 0.013605442176870748], [0.9290322580645162, 0.05161290322580645, 0.01935483870967742, 0.0], [0.7975460122699386, 0.12883435582822086, 0.06748466257668712, 0.006134969325153374], [0.92, 0.048, 0.032, 0.0], [0.8384615384615385, 0.11538461538461539, 0.038461538461538464, 0.007692307692307693], [0.8907563025210085, 0.06722689075630252, 0.025210084033613446, 0.01680672268907563], [0.7603305785123967, 0.15702479338842976, 0.0743801652892562, 0.008264462809917356], [0.84, 0.104, 0.048, 0.008], [0.7916666666666666, 0.17857142857142858, 0.02976190476190476, 0.0], [0.9139784946236559, 0.053763440860215055, 0.021505376344086023, 0.010752688172043012], [0.8142857142857143, 0.12142857142857143, 0.05, 0.014285714285714285], [0.8333333333333334, 0.12698412698412698, 0.03968253968253968, 0.0], [0.7238805970149254, 0.16417910447761194, 0.08208955223880597, 0.029850746268656716], [0.8984375, 0.0859375, 0.015625, 0.0], [0.6832298136645962, 0.18012422360248448, 0.06832298136645963, 0.06832298136645963], [0.8380952380952381, 0.12380952380952381, 0.02857142857142857, 0.009523809523809525], [0.723404255319149, 0.2127659574468085, 0.05319148936170213, 0.010638297872340425], [0.7753623188405797, 0.15217391304347827, 0.06521739130434782, 0.007246376811594203], [0.7725631768953068, 0.1624548736462094, 0.05054151624548736, 0.01444043321299639], [0.859504132231405, 0.09090909090909091, 0.04132231404958678, 0.008264462809917356], [0.6986301369863014, 0.15753424657534246, 0.136986301369863, 0.00684931506849315], [0.92, 0.07, 0.0, 0.01], [0.7536231884057971, 0.15217391304347827, 0.08695652173913043, 0.007246376811594203], [0.6548672566371682, 0.22123893805309736, 0.09734513274336283, 0.02654867256637168], [0.6916666666666667, 0.15833333333333333, 0.11666666666666667, 0.03333333333333333], [0.8548387096774194, 0.11827956989247312, 0.016129032258064516, 0.010752688172043012], [0.7142857142857143, 0.1836734693877551, 0.06938775510204082, 0.0326530612244898], [0.9047619047619048, 0.07142857142857142, 0.007936507936507936, 0.015873015873015872], [0.7303370786516854, 0.15168539325842698, 0.09550561797752809, 0.02247191011235955], [0.7226890756302521, 0.18487394957983194, 0.08403361344537816, 0.008403361344537815], [0.5813953488372093, 0.20155038759689922, 0.14728682170542637, 0.06976744186046512], [0.7419354838709677, 0.1693548387096774, 0.06451612903225806, 0.024193548387096774], [0.795, 0.14, 0.045, 0.02], [0.9385964912280702, 0.043859649122807015, 0.017543859649122806, 0.0], [0.7052631578947368, 0.21052631578947367, 0.07368421052631578, 0.010526315789473684], [0.7606837606837606, 0.15384615384615385, 0.08547008547008547, 0.0], [0.7302631578947368, 0.18421052631578946, 0.08552631578947369, 0.0], [0.6736111111111112, 0.1597222222222222, 0.125, 0.041666666666666664], [0.5681818181818182, 0.24431818181818182, 0.11931818181818182, 0.06818181818181818], [0.897196261682243, 0.07476635514018691, 0.018691588785046728, 0.009345794392523364], [0.7665505226480837, 0.13937282229965156, 0.07317073170731707, 0.020905923344947737], [0.7692307692307693, 0.17482517482517482, 0.04195804195804196, 0.013986013986013986], [0.7717391304347826, 0.14130434782608695, 0.07608695652173914, 0.010869565217391304], [0.946236559139785, 0.043010752688172046, 0.010752688172043012, 0.0], [0.3924050632911392, 0.24050632911392406, 0.27848101265822783, 0.08860759493670886], [0.8106060606060606, 0.07575757575757576, 0.07575757575757576, 0.03787878787878788], [0.7466666666666667, 0.14666666666666667, 0.08, 0.02666666666666667], [0.7899159663865546, 0.13445378151260504, 0.05042016806722689, 0.025210084033613446], [0.7909836065573771, 0.14344262295081966, 0.05737704918032787, 0.00819672131147541], [0.6910569105691057, 0.16260162601626016, 0.0975609756097561, 0.04878048780487805], [0.719047619047619, 0.16666666666666666, 0.08095238095238096, 0.03333333333333333]]}, "acc_test": 0.58, "precision_test": 0.5540540540540541, "recall_test": 0.82, "f1_test": 0.6612903225806451, "auc_test": 0.7712}
{"name": "perturbation_10_z", "predictions": {"test": [0.6115170099349275, 0.4661984150039538, 0.14056712013131106, 1.4392859690353121, -0.018915615294858787, 0.19928411450915648, 0.48822712121130096, 3.324166626378088, 1.4840594576109847, 2.5924835650074396, 0.29539051503372726, 0.7752442366241811, 1.2553756000512384, 2.007566568868571, 1.0769353977740541, 1.2637264267684618, 1.7676745123736952, 0.8356725199246647, 0.7024264018328054, 1.6162167317452114, 0.9623672585758841, 0.1688401145690459, 1.4914543671634264, 0.19048511592637038, 0.9969434517961413, 1.401268874070737, 1.325811131190171, 0.6171591762475848, 0.5260721457237357, 1.0844457646739676, -0.7303227195617144, 1.0856205125992644, 1.5562025343839356, 1.4402444432213717, 0.6199970651005798, 0.8520563403764607, -0.5572998975116141, 0.16031136147467112, 0.6475646770523155, 1.1648495279476014, 0.39998960981191084, 0.3972092071446826, -0.5194797122617424, 0.35164915655819107, -0.4762430205793498, -0.2076717632427286, 0.7493797118486085, 1.5533873267835416, -1.1990827172499459, 0.9460160632393296, 1.712531912657359, 1.0940014990402924, 0.9586304579187386, 0.8306743177341085, 1.042211933007292, 0.5154914849425485, 1.3192808612153688, 1.1962225443636691, 0.039411722447420854, 2.3689138070783233, 1.490615753359145, 0.17455008087281995, 0.3679330174119085, 0.7253961234488261, 1.4010421808805886, 0.6793678741366787, 1.0855782634384696, 0.9565710782864564, 1.3590307098623615, 0.13464811687115852, 1.2156715485152805, 0.7652667155161843, 0.3517818987030293, 0.23488759332764156, 2.9532882275506736, 0.5245244954570563, 1.0739249192713525, 1.0541837759191028, 0.5894657400674536, 0.30739293915531085, 0.5500904198471679, 1.2814740986586934, 0.3711142295432729, 0.8900149134745929, -0.47129009411708317, 0.4498340063550528, 0.2598849781941514, 0.8327390555188122, 0.9203832127230706, 1.1368889719270785, 0.1256382924174647, 0.9299752146404962, 1.9149854887777236, -0.45313824745923104, 0.5186751307775357, 0.8478612468189405, -0.6049690747920011, 1.9956294399180512, -0.12342761306102731, 1.9173262122177746]}, "info": {"pct_words_masked": 0.3, "span_length": 2, "n_perturbations": 10}, "general": {"acc_test": 0.45, "precision_test": 0.4675324675324675, "recall_test": 0.72, "f1_test": 0.5669291338582677, "auc_test": 0.4236}}
{"name": "Retrained GPT-sentinel", "before": {"acc_test": 0.91, "precision_test": 0.9767441860465116, "recall_test": 0.84, "f1_test": 0.9032258064516129, "auc_test": 0.982}, "acc_test": 0.94, "precision_test": 0.9230769230769231, "recall_test": 0.96, "f1_test": 0.9411764705882353, "auc_test": 0.9804}
{"name": "RetrainedHello-SimpleAI/chatgpt-detector-roberta", "predictions": {"test": [0.09350406378507614, 0.9884384274482727, 0.9910406470298767, 0.7727280855178833, 0.9866226315498352, 0.997212827205658, 0.915969967842102, 0.9989609718322754, 0.9992551207542419, 0.7809157371520996, 0.5266543030738831, 0.4151296317577362, 0.9992731213569641, 0.32763808965682983, 0.9992719292640686, 0.9992116689682007, 0.9992196559906006, 0.012316502630710602, 0.9992251396179199, 0.7847520112991333, 0.9992289543151855, 0.9985756874084473, 0.9992539286613464, 0.060153938829898834, 0.99921715259552, 0.9992107152938843, 0.9992764592170715, 0.998390793800354, 0.5657851696014404, 0.9919853210449219, 0.2718231678009033, 0.9988824725151062, 0.9992235898971558, 0.9991554021835327, 0.9992515444755554, 0.999213457107544, 0.9992387294769287, 0.9992105960845947, 0.9992226362228394, 0.9733031392097473, 0.9973474740982056, 0.7086256146430969, 0.9971979856491089, 0.3418407142162323, 0.3906193971633911, 0.7665827870368958, 0.9992508292198181, 0.9975607395172119, 0.9992111921310425, 0.999214768409729, 0.9992349147796631, 0.9992437362670898, 0.9992679953575134, 0.9890620112419128, 0.9992856383323669, 0.999251663684845, 0.43178707361221313, 0.462671160697937, 0.999269425868988, 0.988642156124115, 0.44658878445625305, 0.5333366990089417, 0.9992709755897522, 0.01614992506802082, 0.9992802739143372, 0.9992282390594482, 0.11240741610527039, 0.1836829036474228, 0.9992480874061584, 0.9563401341438293, 0.9992617964744568, 0.9992387294769287, 0.5264025330543518, 0.9991275668144226, 0.9992116689682007, 0.2532796263694763, 0.9992228746414185, 0.997305154800415, 0.998383641242981, 0.003855136688798666, 0.3937925696372986, 0.9992530941963196, 0.999283492565155, 0.0056257848627865314, 0.9992419481277466, 0.9992414712905884, 0.7608539462089539, 0.06259050220251083, 0.9992708563804626, 0.9992419481277466, 0.48537570238113403, 0.09208023548126221, 0.9992101192474365, 0.0007174125057645142, 0.9949836730957031, 0.9990208148956299, 0.9992484450340271, 0.99899822473526, 0.10517951846122742, 0.2257554978132248]}, "logits": {"test": [-1.2136343717575073, 2.053138494491577, 2.1619455814361572, 0.3844088315963745, 1.9905431270599365, 2.6491475105285645, 1.169661045074463, 3.0363786220550537, 3.143376111984253, 0.40639185905456543, -0.14011165499687195, -0.3453426659107208, 3.124950647354126, -0.515971839427948, 3.124525785446167, 3.0941972732543945, 3.101274251937866, -2.1428887844085693, 3.1009645462036133, 0.4169701337814331, 3.1030819416046143, 2.917038917541504, 3.143209218978882, -1.4259768724441528, 3.096897602081299, 3.093982219696045, 3.1261136531829834, 2.869387626647949, -0.06750983744859695, 2.209231376647949, -0.6364170908927917, 3.009458065032959, 3.1345314979553223, 3.1089682579040527, 3.1147587299346924, 3.096669912338257, 3.108168840408325, 3.0940234661102295, 3.0996909141540527, 1.6900752782821655, 2.6693224906921387, 0.22411808371543884, 2.646986961364746, -0.18295857310295105, -0.3916590213775635, 0.3671640455722809, 3.1145875453948975, 2.7033207416534424, 3.094835042953491, 3.0957109928131104, 3.1062393188476562, 3.119452476501465, 3.122720718383789, 2.0768637657165527, 3.1231069564819336, 3.1145503520965576, -0.021997112780809402, -0.2573326528072357, 3.1233925819396973, 2.060753345489502, -0.28695863485336304, -0.12780851125717163, 3.124253749847412, -2.023876190185547, 3.1272008419036865, 3.1026763916015625, -1.1220036745071411, -0.8643969297409058, 3.1129539012908936, 1.4714010953903198, 3.119873523712158, 3.1154255867004395, -0.14057359099388123, 3.098196506500244, 3.095390796661377, -0.6796405911445618, 3.103545665740967, 2.662867784500122, 2.86765718460083, -2.640024185180664, -0.38561251759529114, 3.143068790435791, 3.1274948120117188, -2.480625629425049, 3.1403918266296387, 3.1175944805145264, 0.3525007963180542, -1.407201886177063, 3.123690128326416, 3.117982864379883, -0.21575164794921875, -1.2211798429489136, 3.093824863433838, -3.314730644226074, 2.406433582305908, 3.0579071044921875, 3.123340368270874, 3.0496644973754883, -1.1553188562393188, -0.747797966003418]}, "acc_test": 0.56, "precision_test": 0.5394736842105263, "recall_test": 0.82, "f1_test": 0.6507936507936507, "auc_test": 0.699, "preds": [0.09350406378507614, 0.9910406470298767, 0.9866226315498352, 0.915969967842102, 0.9992551207542419, 0.5266543030738831, 0.9992731213569641, 0.9992719292640686, 0.9992196559906006, 0.9992251396179199, 0.9992289543151855, 0.9992539286613464, 0.99921715259552, 0.9992764592170715, 0.5657851696014404, 0.2718231678009033, 0.9992235898971558, 0.9992515444755554, 0.9992387294769287, 0.9992226362228394, 0.9973474740982056, 0.9971979856491089, 0.3906193971633911, 0.9992508292198181, 0.9992111921310425, 0.9992349147796631, 0.9992679953575134, 0.9992856383323669, 0.43178707361221313, 0.999269425868988, 0.44658878445625305, 0.9992709755897522, 0.9992802739143372, 0.11240741610527039, 0.9992480874061584, 0.9992617964744568, 0.5264025330543518, 0.9992116689682007, 0.9992228746414185, 0.998383641242981, 0.3937925696372986, 0.999283492565155, 0.9992419481277466, 0.7608539462089539, 0.9992708563804626, 0.48537570238113403, 0.9992101192474365, 0.9949836730957031, 0.9992484450340271, 0.10517951846122742]}
{"name": "Retraineddistilbert-base-uncased", "predictions": {"test": [0.974919855594635, 0.02450518123805523, 0.9631222486495972, 0.023028748109936714, 0.9722269177436829, 0.04425324499607086, 0.976207971572876, 0.022652707993984222, 0.9757132530212402, 0.018090462312102318, 0.9717793464660645, 0.034267451614141464, 0.9765400290489197, 0.030622439458966255, 0.9764904975891113, 0.034646037966012955, 0.9741023182868958, 0.42299824953079224, 0.9756936430931091, 0.01982659287750721, 0.9736000299453735, 0.04612937569618225, 0.9713080525398254, 0.2049679458141327, 0.9756661653518677, 0.027676565572619438, 0.9747189879417419, 0.020184315741062164, 0.9512519836425781, 0.02919567935168743, 0.9767395257949829, 0.06533530354499817, 0.9680537581443787, 0.02191043458878994, 0.976934015750885, 0.05937739834189415, 0.9723125696182251, 0.03379663825035095, 0.9660038948059082, 0.029050467535853386, 0.976800799369812, 0.024356383830308914, 0.9567076563835144, 0.04569626599550247, 0.9765987396240234, 0.03990962728857994, 0.9750897288322449, 0.037110988050699234, 0.45952272415161133, 0.021564416587352753, 0.9671937823295593, 0.02031840570271015, 0.9773340821266174, 0.6883686780929565, 0.9780008792877197, 0.9762591123580933, 0.9720796346664429, 0.020877139642834663, 0.9751222133636475, 0.05968008562922478, 0.9764521718025208, 0.9346767663955688, 0.9771038889884949, 0.03254695609211922, 0.9750733971595764, 0.9727275967597961, 0.9578506350517273, 0.02691809833049774, 0.97578364610672, 0.03371529281139374, 0.9762839078903198, 0.03399791941046715, 0.9467095732688904, 0.41554275155067444, 0.9618661403656006, 0.03229521960020065, 0.9756988286972046, 0.024181155487895012, 0.9658681154251099, 0.049086496233940125, 0.9776947498321533, 0.02997872605919838, 0.9757276773452759, 0.07175524532794952, 0.9597477316856384, 0.029403461143374443, 0.9686240553855896, 0.027365751564502716, 0.9763867259025574, 0.02621624805033207, 0.9062389135360718, 0.033866818994283676, 0.9757062196731567, 0.03076067380607128, 0.9729864001274109, 0.9636269807815552, 0.9768081903457642, 0.028961576521396637, 0.9738720059394836, 0.024731479585170746]}, "logits": {"test": [1.7234766483306885, -2.0077223777770996, 1.4870812892913818, -2.029794216156006, 1.6106619834899902, -1.7249236106872559, 1.6818922758102417, -2.0687336921691895, 1.7285045385360718, -2.16567063331604, 1.6010922193527222, -1.821669340133667, 1.7161197662353516, -1.8853604793548584, 1.708837628364563, -1.8257414102554321, 1.7004958391189575, -0.2559257447719574, 1.7050706148147583, -2.1236095428466797, 1.6499792337417603, -1.6919515132904053, 1.6294084787368774, -0.8040076494216919, 1.70476233959198, -1.9397248029708862, 1.6884368658065796, -2.1257214546203613, 1.3410613536834717, -1.9065029621124268, 1.691953182220459, -1.492800235748291, 1.5529096126556396, -2.0862162113189697, 1.7180522680282593, -1.5581096410751343, 1.5770598649978638, -1.8083018064498901, 1.5449082851409912, -1.910361647605896, 1.695772647857666, -2.04384708404541, 1.387279748916626, -1.677926778793335, 1.7245426177978516, -1.7456392049789429, 1.6919828653335571, -1.783427119255066, -0.24145019054412842, -2.0901684761047363, 1.568617582321167, -2.0918686389923096, 1.7312957048416138, 0.27733278274536133, 1.7623809576034546, 1.728755235671997, 1.6503976583480835, -2.105994462966919, 1.6871850490570068, -1.537125587463379, 1.714475393295288, 1.2451809644699097, 1.735602855682373, -1.866628885269165, 1.702581763267517, 1.6520057916641235, 1.4347397089004517, -1.9527392387390137, 1.6490769386291504, -1.8525716066360474, 1.6868531703948975, -1.8455456495285034, 1.2789767980575562, -0.240016371011734, 1.4659435749053955, -1.858815312385559, 1.672316312789917, -2.039370059967041, 1.473366618156433, -1.6493163108825684, 1.7494622468948364, -1.913996696472168, 1.6753578186035156, -1.4025846719741821, 1.4698975086212158, -1.920350432395935, 1.559149146080017, -1.9939627647399902, 1.6914645433425903, -1.9515559673309326, 0.9901608228683472, -1.8768906593322754, 1.656620740890503, -1.8796926736831665, 1.6252318620681763, 1.48021399974823, 1.687820315361023, -1.8990511894226074, 1.7020801305770874, -2.002931594848633]}, "acc_test": 0.94, "precision_test": 0.9074074074074074, "recall_test": 0.98, "f1_test": 0.9423076923076924, "auc_test": 0.9732000000000001, "preds": [0.974919855594635, 0.9631222486495972, 0.9722269177436829, 0.976207971572876, 0.9757132530212402, 0.9717793464660645, 0.9765400290489197, 0.9764904975891113, 0.9741023182868958, 0.9756936430931091, 0.9736000299453735, 0.9713080525398254, 0.9756661653518677, 0.9747189879417419, 0.9512519836425781, 0.9767395257949829, 0.9680537581443787, 0.976934015750885, 0.9723125696182251, 0.9660038948059082, 0.976800799369812, 0.9567076563835144, 0.9765987396240234, 0.9750897288322449, 0.45952272415161133, 0.9671937823295593, 0.9773340821266174, 0.9780008792877197, 0.9720796346664429, 0.9751222133636475, 0.9764521718025208, 0.9771038889884949, 0.9750733971595764, 0.9578506350517273, 0.97578364610672, 0.9762839078903198, 0.9467095732688904, 0.9618661403656006, 0.9756988286972046, 0.9658681154251099, 0.9776947498321533, 0.9757276773452759, 0.9597477316856384, 0.9686240553855896, 0.9763867259025574, 0.9062389135360718, 0.9757062196731567, 0.9729864001274109, 0.9768081903457642, 0.9738720059394836]}
{"name": "Retrained Radar", "before": {"acc_test": 0.75, "precision_test": 0.7272727272727273, "recall_test": 0.8, "f1_test": 0.761904761904762, "auc_test": 0.8376}, "acc_test": 0.86, "precision_test": 0.7903225806451613, "recall_test": 0.98, "f1_test": 0.8749999999999999, "auc_test": 0.972}
