{"name": "likelihood_threshold", "predictions": {"test": [-2.88389253616333, -3.7729249000549316, -0.8623782396316528, -3.571908712387085, -3.590430974960327, -3.676255702972412, -2.2651727199554443, -3.314650297164917, -2.432988405227661, -3.2727930545806885, -3.345688819885254, -3.4039926528930664, -2.022440195083618, -3.790379285812378, -2.091463327407837, -3.767954111099243, -2.4522876739501953, -3.4970498085021973, -2.276989698410034, -3.0320980548858643, -1.9201587438583374, -3.606097936630249, -1.814741611480713, -3.550675868988037, -2.39117431640625, -3.2557034492492676, -1.855143427848816, -3.2101619243621826, -2.914802312850952, -3.8057360649108887, -3.315427303314209, -3.5411107540130615, -2.1137187480926514, -3.291588306427002, -2.81020188331604, -3.4328739643096924, -1.4411365985870361, -3.4767088890075684, -2.5095691680908203, -3.0129106044769287, -2.7371997833251953, -4.146044731140137, -3.496633768081665, -3.6900088787078857, -3.632734537124634, -3.721700429916382, -1.505628228187561, -3.2446205615997314, -2.255605697631836, -2.9934275150299072, -1.5315288305282593, -3.434563636779785, -1.6339218616485596, -3.9512698650360107, -2.142117977142334, -3.3870739936828613, -2.637336254119873, -3.4917614459991455, -1.9386329650878906, -3.3823375701904297, -2.382077217102051, -3.4899213314056396, -1.8404045104980469, -3.716887950897217, -2.5247840881347656, -3.780508518218994, -2.4868810176849365, -3.8710432052612305, -2.3539912700653076, -3.6413302421569824, -1.7800616025924683, -3.2046029567718506, -3.585561990737915, -3.7799816131591797, -1.8072290420532227, -3.13647723197937, -2.3226945400238037, -3.2983968257904053, -2.9631266593933105, -3.6567249298095703, -2.834228992462158, -3.713371992111206, -2.014176845550537, -3.4226768016815186, -2.7070109844207764, -3.9339778423309326, -3.5880627632141113, -3.8233017921447754, -1.907870888710022, -3.294398546218872, -2.8738512992858887, -3.3513245582580566, -1.8318519592285156, -3.2490038871765137, -2.3296871185302734, -3.222085952758789, -2.6773014068603516, -3.7102904319763184, -3.401209592819214, -3.590864419937134]}, "acc_test": 0.86, "precision_test": 0.875, "recall_test": 0.84, "f1_test": 0.8571428571428572, "auc_test": 0.9236}
{"name": "rank_threshold", "predictions": {"test": [-87.36666870117188, -217.3663787841797, -80.96000671386719, -149.11428833007812, -332.4810791015625, -231.2411346435547, -61.03007507324219, -97.7983627319336, -87.817138671875, -107.08275604248047, -259.32000732421875, -80.01744079589844, -9.67391300201416, -188.74481201171875, -22.891088485717773, -132.4250030517578, -19.428571701049805, -168.75, -168.6732635498047, -60.75454330444336, -45.051612854003906, -155.3831787109375, -36.19047546386719, -232.3791046142578, -132.24346923828125, -79.09954833984375, -6.776397705078125, -49.69056701660156, -88.20635223388672, -325.9666748046875, -85.10400390625, -101.7704849243164, -25.632001876831055, -76.29717254638672, -96.33333587646484, -97.26697540283203, -59.50819396972656, -136.242919921875, -221.92086791992188, -95.81600189208984, -86.4380111694336, -268.35955810546875, -158.51266479492188, -181.4895782470703, -174.05426025390625, -279.3496398925781, -3.238410711288452, -62.580787658691406, -273.6031799316406, -73.66431427001953, -9.580644607543945, -240.22540283203125, -13.744000434875488, -199.039306640625, -40.49580001831055, -184.06964111328125, -36.832000732421875, -79.7283935546875, -33.344085693359375, -132.4213104248047, -16.94444465637207, -142.9345703125, -7.3828125, -207.5313720703125, -31.24761962890625, -128.54891967773438, -82.99275207519531, -133.43667602539062, -25.59503936767578, -284.07244873046875, -21.270000457763672, -76.70588684082031, -171.377197265625, -100.63948822021484, -99.6021499633789, -155.91798400878906, -160.90476989746094, -157.0673370361328, -50.529415130615234, -129.96641540527344, -88.04838562011719, -200.49020385742188, -9.631579399108887, -152.78282165527344, -32.71794891357422, -206.4923858642578, -288.2291564941406, -230.92739868164062, -27.056074142456055, -231.1979217529297, -83.5314712524414, -128.5483856201172, -12.064516067504883, -167.18856811523438, -383.1969909667969, -183.46763610839844, -110.3277359008789, -251.93023681640625, -264.0243835449219, -143.00961303710938]}, "acc_test": 0.61, "precision_test": 0.5797101449275363, "recall_test": 0.8, "f1_test": 0.6722689075630253, "auc_test": 0.7528}
{"name": "log_rank_threshold", "predictions": {"test": [-1.4823721647262573, -1.969936490058899, -0.3927241563796997, -1.8373819589614868, -1.9391921758651733, -2.001032829284668, -1.1187974214553833, -1.7281876802444458, -1.121699333190918, -1.6720935106277466, -1.8100539445877075, -1.807905673980713, -0.8313326239585876, -2.0287492275238037, -0.8880733847618103, -2.008622169494629, -1.1843894720077515, -1.8808226585388184, -1.0323612689971924, -1.5124095678329468, -0.8051332831382751, -1.9441754817962646, -0.8361642956733704, -1.9100549221038818, -1.1235138177871704, -1.648478388786316, -0.7574282288551331, -1.66130530834198, -1.4795160293579102, -2.0966978073120117, -1.75788414478302, -1.8577102422714233, -0.8924294710159302, -1.7310916185379028, -1.3860501050949097, -1.8042114973068237, -0.543388843536377, -1.8377525806427002, -1.227563738822937, -1.5365701913833618, -1.3405286073684692, -2.391068696975708, -1.9957427978515625, -2.0835320949554443, -1.962188720703125, -1.986262559890747, -0.5298862457275391, -1.5979031324386597, -0.9363034963607788, -1.5416611433029175, -0.5516535639762878, -1.8028450012207031, -0.7225778698921204, -2.0914995670318604, -0.9136475324630737, -1.7848838567733765, -1.193672776222229, -1.8407917022705078, -0.7752448320388794, -1.7605575323104858, -1.0468207597732544, -1.8806613683700562, -0.7231109738349915, -1.9604421854019165, -1.1188490390777588, -2.075378656387329, -1.2704534530639648, -2.124922037124634, -1.056881070137024, -1.8533953428268433, -0.7151866555213928, -1.6398009061813354, -1.9850260019302368, -2.0052738189697266, -0.8177006244659424, -1.6661088466644287, -1.0479940176010132, -1.701641321182251, -1.577429175376892, -2.0357282161712646, -1.4076323509216309, -2.043466329574585, -0.8079723715782166, -1.7463219165802002, -1.3044297695159912, -2.1683452129364014, -1.973430871963501, -2.1717631816864014, -0.7972075343132019, -1.7162612676620483, -1.3669919967651367, -1.740207552909851, -0.6980440020561218, -1.6892098188400269, -1.2470009326934814, -1.6394842863082886, -1.2998424768447876, -2.0328125953674316, -1.8231929540634155, -1.9478247165679932]}, "acc_test": 0.82, "precision_test": 0.8076923076923077, "recall_test": 0.84, "f1_test": 0.8235294117647058, "auc_test": 0.908}
{"name": "entropy_threshold", "predictions": {"test": [2.992021322250366, 3.9248902797698975, 1.2726342678070068, 3.9869325160980225, 3.6062235832214355, 3.8776586055755615, 2.9028403759002686, 3.34035325050354, 3.2989861965179443, 3.7150845527648926, 3.329655170440674, 3.8724777698516846, 3.0899765491485596, 3.7355093955993652, 2.92232084274292, 4.03259801864624, 2.707843542098999, 3.5434958934783936, 3.1355412006378174, 3.6211915016174316, 2.923715114593506, 3.6890480518341064, 2.45078706741333, 3.474334239959717, 3.2522099018096924, 3.6311473846435547, 2.8254952430725098, 3.491985321044922, 3.168339729309082, 3.810544013977051, 3.387704849243164, 3.6897940635681152, 3.088594913482666, 3.6074447631835938, 3.4057891368865967, 3.609891653060913, 2.106257915496826, 3.5730457305908203, 2.9511117935180664, 3.0607588291168213, 3.5158851146698, 4.010621070861816, 3.716883897781372, 4.074227333068848, 3.390637159347534, 4.045238494873047, 2.4221861362457275, 3.6503207683563232, 3.120577335357666, 3.6880767345428467, 2.5213241577148438, 3.6779894828796387, 2.180030584335327, 4.008157253265381, 2.907682180404663, 3.6580846309661865, 3.5118727684020996, 3.8756368160247803, 3.0455098152160645, 3.7519242763519287, 3.2046282291412354, 3.310556411743164, 2.9603896141052246, 3.7342052459716797, 3.4177308082580566, 3.9937217235565186, 2.920469045639038, 3.877329111099243, 3.199099540710449, 3.7712042331695557, 2.855668783187866, 3.764047861099243, 3.720973014831543, 3.9638917446136475, 2.4068126678466797, 3.195403575897217, 3.0560519695281982, 3.4324936866760254, 3.3998451232910156, 3.7577879428863525, 3.462455987930298, 3.791271924972534, 3.0358004570007324, 3.626652479171753, 2.8146474361419678, 4.013477325439453, 3.565342903137207, 3.9086358547210693, 2.6858553886413574, 3.3164114952087402, 3.5537471771240234, 3.683535099029541, 2.9092936515808105, 3.5508739948272705, 3.2039542198181152, 3.6672444343566895, 3.261028528213501, 3.652543067932129, 3.5362329483032227, 3.760127544403076]}, "acc_test": 0.86, "precision_test": 0.8333333333333334, "recall_test": 0.9, "f1_test": 0.8653846153846153, "auc_test": 0.9364}
{"name": "rank_GLTR_threshold", "predictions": {"test": [[0.75, 0.14166666666666666, 0.08333333333333333, 0.025], [0.6379310344827587, 0.19827586206896552, 0.1336206896551724, 0.03017241379310345], [0.944, 0.024, 0.016, 0.016], [0.7, 0.16666666666666666, 0.10952380952380952, 0.023809523809523808], [0.6810810810810811, 0.16216216216216217, 0.11351351351351352, 0.043243243243243246], [0.6453900709219859, 0.2127659574468085, 0.09574468085106383, 0.04609929078014184], [0.8195488721804511, 0.11278195488721804, 0.05263157894736842, 0.015037593984962405], [0.6866485013623979, 0.19346049046321526, 0.10626702997275204, 0.013623978201634877], [0.8342857142857143, 0.10285714285714286, 0.045714285714285714, 0.017142857142857144], [0.7, 0.19310344827586207, 0.0896551724137931, 0.017241379310344827], [0.688, 0.176, 0.112, 0.024], [0.6686046511627907, 0.22093023255813954, 0.08139534883720931, 0.029069767441860465], [0.8840579710144928, 0.08695652173913043, 0.028985507246376812, 0.0], [0.658753709198813, 0.18694362017804153, 0.12759643916913946, 0.026706231454005934], [0.8514851485148515, 0.12871287128712872, 0.019801980198019802, 0.0], [0.64, 0.205, 0.115, 0.04], [0.8214285714285714, 0.13392857142857142, 0.044642857142857144, 0.0], [0.6693548387096774, 0.1935483870967742, 0.10887096774193548, 0.028225806451612902], [0.8217821782178217, 0.13861386138613863, 0.0297029702970297, 0.009900990099009901], [0.740909090909091, 0.17727272727272728, 0.06818181818181818, 0.013636363636363636], [0.8838709677419355, 0.10967741935483871, 0.0, 0.0064516129032258064], [0.677570093457944, 0.17289719626168223, 0.10747663551401869, 0.04205607476635514], [0.8809523809523809, 0.08928571428571429, 0.023809523809523808, 0.005952380952380952], [0.6805970149253732, 0.1701492537313433, 0.11641791044776119, 0.03283582089552239], [0.8608695652173913, 0.09565217391304348, 0.017391304347826087, 0.02608695652173913], [0.7104072398190046, 0.18552036199095023, 0.07239819004524888, 0.03167420814479638], [0.8819875776397516, 0.11180124223602485, 0.006211180124223602, 0.0], [0.690566037735849, 0.20754716981132076, 0.09056603773584905, 0.011320754716981131], [0.746031746031746, 0.16666666666666666, 0.05555555555555555, 0.031746031746031744], [0.6222222222222222, 0.2388888888888889, 0.07222222222222222, 0.06666666666666667], [0.68, 0.224, 0.072, 0.024], [0.6598360655737705, 0.24180327868852458, 0.07377049180327869, 0.02459016393442623], [0.896, 0.072, 0.024, 0.008], [0.6792452830188679, 0.20754716981132076, 0.09905660377358491, 0.014150943396226415], [0.7575757575757576, 0.18181818181818182, 0.030303030303030304, 0.030303030303030304], [0.6561085972850679, 0.248868778280543, 0.07692307692307693, 0.01809954751131222], [0.9426229508196722, 0.02459016393442623, 0.02459016393442623, 0.00819672131147541], [0.680161943319838, 0.18218623481781376, 0.11740890688259109, 0.020242914979757085], [0.7985611510791367, 0.14388489208633093, 0.050359712230215826, 0.007194244604316547], [0.74, 0.156, 0.076, 0.028], [0.7851239669421488, 0.1487603305785124, 0.04132231404958678, 0.024793388429752067], [0.5617977528089888, 0.25280898876404495, 0.12921348314606743, 0.056179775280898875], [0.6645569620253164, 0.14556962025316456, 0.13924050632911392, 0.05063291139240506], [0.6354166666666666, 0.19444444444444445, 0.13541666666666666, 0.034722222222222224], [0.6666666666666666, 0.20930232558139536, 0.10852713178294573, 0.015503875968992248], [0.6616541353383458, 0.19924812030075187, 0.10150375939849623, 0.03759398496240601], [0.9337748344370861, 0.06622516556291391, 0.0, 0.0], [0.7117903930131004, 0.20087336244541484, 0.07423580786026202, 0.013100436681222707], [0.873015873015873, 0.1111111111111111, 0.007936507936507936, 0.007936507936507936], [0.7173144876325088, 0.19081272084805653, 0.07420494699646643, 0.0176678445229682], [0.9290322580645162, 0.05161290322580645, 0.01935483870967742, 0.0], [0.6857142857142857, 0.1746031746031746, 0.09841269841269841, 0.04126984126984127], [0.92, 0.048, 0.032, 0.0], [0.6157205240174672, 0.2445414847161572, 0.09606986899563319, 0.043668122270742356], [0.8907563025210085, 0.06722689075630252, 0.025210084033613446, 0.01680672268907563], [0.681592039800995, 0.19402985074626866, 0.10945273631840796, 0.014925373134328358], [0.84, 0.104, 0.048, 0.008], [0.6831275720164609, 0.18930041152263374, 0.09876543209876543, 0.02880658436213992], [0.9139784946236559, 0.053763440860215055, 0.021505376344086023, 0.010752688172043012], [0.6852791878172588, 0.2131979695431472, 0.07614213197969544, 0.025380710659898477], [0.8333333333333334, 0.12698412698412698, 0.03968253968253968, 0.0], [0.6962616822429907, 0.16355140186915887, 0.102803738317757, 0.037383177570093455], [0.8984375, 0.0859375, 0.015625, 0.0], [0.6401673640167364, 0.20502092050209206, 0.11715481171548117, 0.03765690376569038], [0.8380952380952381, 0.12380952380952381, 0.02857142857142857, 0.009523809523809525], [0.592391304347826, 0.28804347826086957, 0.09782608695652174, 0.021739130434782608], [0.7753623188405797, 0.15217391304347827, 0.06521739130434782, 0.007246376811594203], [0.62, 0.22333333333333333, 0.12, 0.03666666666666667], [0.859504132231405, 0.09090909090909091, 0.04132231404958678, 0.008264462809917356], [0.6956521739130435, 0.19806763285024154, 0.0821256038647343, 0.024154589371980676], [0.92, 0.07, 0.0, 0.01], [0.7205882352941176, 0.13725490196078433, 0.12254901960784313, 0.0196078431372549], [0.631578947368421, 0.24561403508771928, 0.08771929824561403, 0.03508771929824561], [0.6523605150214592, 0.2017167381974249, 0.12446351931330472, 0.02145922746781116], [0.8548387096774194, 0.11827956989247312, 0.016129032258064516, 0.010752688172043012], [0.7066246056782335, 0.167192429022082, 0.0946372239747634, 0.031545741324921134], [0.9047619047619048, 0.07142857142857142, 0.007936507936507936, 0.015873015873015872], [0.7205387205387206, 0.1717171717171717, 0.08080808080808081, 0.026936026936026935], [0.7226890756302521, 0.18487394957983194, 0.08403361344537816, 0.008403361344537815], [0.6156716417910447, 0.23507462686567165, 0.11194029850746269, 0.03731343283582089], [0.7419354838709677, 0.1693548387096774, 0.06451612903225806, 0.024193548387096774], [0.6392156862745098, 0.21176470588235294, 0.11764705882352941, 0.03137254901960784], [0.9385964912280702, 0.043859649122807015, 0.017543859649122806, 0.0], [0.7424242424242424, 0.15656565656565657, 0.06060606060606061, 0.04040404040404041], [0.7606837606837606, 0.15384615384615385, 0.08547008547008547, 0.0], [0.6142131979695431, 0.2131979695431472, 0.1319796954314721, 0.04060913705583756], [0.6736111111111112, 0.1597222222222222, 0.125, 0.041666666666666664], [0.636963696369637, 0.17491749174917492, 0.132013201320132, 0.056105610561056105], [0.897196261682243, 0.07476635514018691, 0.018691588785046728, 0.009345794392523364], [0.6822916666666666, 0.21875, 0.07291666666666667, 0.026041666666666668], [0.7692307692307693, 0.17482517482517482, 0.04195804195804196, 0.013986013986013986], [0.6989247311827957, 0.2007168458781362, 0.06810035842293907, 0.03225806451612903], [0.946236559139785, 0.043010752688172046, 0.010752688172043012, 0.0], [0.6914285714285714, 0.19428571428571428, 0.08571428571428572, 0.02857142857142857], [0.8106060606060606, 0.07575757575757576, 0.07575757575757576, 0.03787878787878788], [0.7302158273381295, 0.16906474820143885, 0.07553956834532374, 0.025179856115107913], [0.7899159663865546, 0.13445378151260504, 0.05042016806722689, 0.025210084033613446], [0.627906976744186, 0.20930232558139536, 0.11627906976744186, 0.046511627906976744], [0.6910569105691057, 0.16260162601626016, 0.0975609756097561, 0.04878048780487805], [0.6474358974358975, 0.22115384615384615, 0.08974358974358974, 0.041666666666666664]]}, "acc_test": 0.86, "precision_test": 0.8913043478260869, "recall_test": 0.82, "f1_test": 0.8541666666666666, "auc_test": 0.9192}
{"name": "perturbation_10_z", "predictions": {"test": [0.6115170099349275, -0.0550618284109426, -0.6323081516733398, 0.009156560044920164, -0.10697764121370176, 0.005566488481762896, 0.14728296710627134, 0.4233427981241094, 1.432391279160952, 1.2530603502537094, 0.11792261739260716, 0.6890335500402878, 1.631907064307924, -0.17346192491261314, 0.9832020220157305, 0.10587043673605805, 0.8075154000673431, 0.16933187374807301, 0.46475547515639, 0.4888369350694337, 1.4369753536545438, -0.24235029080144765, 1.860108069609475, -0.1958101624697298, 0.5456193085789899, 0.9021271455041714, 1.7229141021804588, 0.5045326174896702, 0.8244998512300341, 0.08671473917141514, -1.1762614902869843, 0.14044380866896816, 1.1318670395318802, 0.20766438704718038, 0.9507076344335815, 0.1941910108238798, -0.43488669396482643, 0.08833406715670244, 0.7245561651442834, 0.24163889791663046, -0.06059354782224517, -0.2490809543532035, 0.10582859634502235, 0.37371115818197376, -0.5545806678679137, 0.26256589611115083, 1.300308640087218, 0.24708568923129762, 0.3407790829157379, 1.166178312097563, 2.200971075446673, 0.32278353064710974, 0.7532344275556407, 0.061611007396675556, 0.41226150548391094, 0.6392996575483985, 1.89486900463771, 0.4356550633810453, 0.27134067631095343, -0.03243835255181951, 2.1987217510513566, 0.592456952431766, 0.9778114465807944, 0.02105539630970398, 1.5736120428713885, 0.2174854949003068, 0.6184672444387176, 0.3184070932040703, 1.0579649401179534, -0.07865038049580954, 0.5532352959294967, 0.6383426907292374, -0.19028658292570813, 0.27377736640808376, 2.1798058093313517, 0.39275764195826635, 0.8642798981110654, 0.2285486312306495, 0.217579602041855, -0.19798940507922017, 0.23245783943428436, 0.6621859898064141, 0.731500793537227, -0.0033009674277453193, -0.45450679108080033, -0.5410762828660891, 0.023602918568986202, 0.10557727659172783, 1.3917895520747727, 0.28380762571517076, -0.19891146749002242, 0.32052201419268095, 1.0415388260843415, 0.3814515816536002, 0.48100693472227124, 1.073605636243511, -0.1588066662596156, 0.5039300713963597, 0.17820382995616743, 0.2214586147441835]}, "info": {"pct_words_masked": 0.3, "span_length": 2, "n_perturbations": 10}, "general": {"acc_test": 0.62, "precision_test": 0.6153846153846154, "recall_test": 0.64, "f1_test": 0.6274509803921569, "auc_test": 0.6648}}
{"name": "Retrained GPT-sentinel", "before": {"acc_test": 0.92, "precision_test": 1.0, "recall_test": 0.84, "f1_test": 0.9130434782608696, "auc_test": 1.0}, "acc_test": 0.98, "precision_test": 1.0, "recall_test": 0.96, "f1_test": 0.9795918367346939, "auc_test": 1.0}
{"name": "RetrainedHello-SimpleAI/chatgpt-detector-roberta", "predictions": {"test": [0.0935034453868866, 0.08409576863050461, 0.9910407662391663, 0.5932649374008179, 0.9866226315498352, 0.3068122863769531, 0.9159702658653259, 0.9875494241714478, 0.9992551207542419, 0.7613863348960876, 0.5266543626785278, 0.13151900470256805, 0.9992731213569641, 0.002670327899977565, 0.9992719292640686, 0.7798323035240173, 0.9992196559906006, 0.41036340594291687, 0.9992251396179199, 0.7774240970611572, 0.9992289543151855, 0.992203950881958, 0.9992539286613464, 0.3028339147567749, 0.99921715259552, 0.9977607727050781, 0.9992764592170715, 0.999211311340332, 0.5657851099967957, 0.3254036009311676, 0.27182289958000183, 0.9989629983901978, 0.9992235898971558, 0.7722402811050415, 0.9992515444755554, 0.9970786571502686, 0.9992387294769287, 0.7927899360656738, 0.9992226362228394, 0.6401830315589905, 0.9973474740982056, 0.06267720460891724, 0.9971979856491089, 0.19558177888393402, 0.390619158744812, 0.06462638080120087, 0.9992508292198181, 0.7761991620063782, 0.9992111921310425, 0.999198853969574, 0.9992349147796631, 0.9964281916618347, 0.9992679953575134, 0.14360490441322327, 0.9992856383323669, 0.8584647178649902, 0.4317858815193176, 0.0020538801327347755, 0.999269425868988, 0.7256325483322144, 0.4465896189212799, 0.12011919170618057, 0.9992709755897522, 0.3447737395763397, 0.9992802739143372, 0.41307884454727173, 0.11240718513727188, 0.004882332868874073, 0.9992480874061584, 0.9988242983818054, 0.9992617964744568, 0.27600929141044617, 0.5874062180519104, 0.7700910568237305, 0.9992116689682007, 0.3672356903553009, 0.9992228746414185, 0.9915532469749451, 0.998383641242981, 0.366396427154541, 0.39379236102104187, 0.04891688749194145, 0.999283492565155, 0.005740995518863201, 0.9992419481277466, 0.7903677225112915, 0.7608541250228882, 0.11167320609092712, 0.9992708563804626, 0.9984122514724731, 0.4853755235671997, 0.008039227686822414, 0.9992101192474365, 0.44015568494796753, 0.9949836730957031, 0.4549194276332855, 0.9992484450340271, 0.9902623891830444, 0.10517951846122742, 0.21838489174842834]}, "logits": {"test": [-1.2136374711990356, -1.2655175924301147, 2.1619515419006348, -0.015438211150467396, 1.9905433654785156, -0.5594763159751892, 1.1696624755859375, 2.022543430328369, 3.143376111984253, 0.3539971113204956, -0.14011150598526, -1.0420247316360474, 3.124950885772705, -2.7925102710723877, 3.124525785446167, 0.404060423374176, 3.101274251937866, -0.3542817234992981, 3.1009645462036133, 0.3971066474914551, 3.1030819416046143, 2.220982551574707, 3.143209218978882, -0.5679581761360168, 3.096897602081299, 2.73785662651062, 3.1261134147644043, 3.0950214862823486, -0.06750989705324173, -0.5205639600753784, -0.636417806148529, 3.0370969772338867, 3.1345317363739014, 0.38311004638671875, 3.1147589683532715, 2.6299502849578857, 3.1081693172454834, 0.43917158246040344, 3.099691152572632, 0.07686909288167953, 2.6693227291107178, -1.4065438508987427, 2.646986961364746, -0.8295760154724121, -0.3916594386100769, -1.3920156955718994, 3.1145875453948975, 0.3939228951931, 3.094834804534912, 3.1256017684936523, 3.106238842010498, 2.547429323196411, 3.122720241546631, -0.9963645339012146, 3.1231071949005127, 0.9137564301490784, -0.021999087184667587, -2.899941921234131, 3.1233925819396973, 0.26406535506248474, -0.28695711493492126, -1.0884417295455933, 3.124253749847412, -0.4811900556087494, 3.1272010803222656, -0.34918737411499023, -1.1220046281814575, -2.5406739711761475, 3.1129539012908936, 2.9904253482818604, 3.119873285293579, -0.6269167065620422, -0.026643387973308563, 0.37726524472236633, 3.095390558242798, -0.43676382303237915, 3.103545665740967, 2.187042236328125, 2.867656707763672, -0.43840739130973816, -0.38561302423477173, -1.5228697061538696, 3.1274943351745605, -2.4719974994659424, 3.1403920650482178, 0.43140697479248047, 0.3525013327598572, -1.1253103017807007, 3.123690366744995, 2.8746554851531982, -0.21575206518173218, -2.3279361724853516, 3.093824863433838, -0.2987869679927826, 2.4064342975616455, -0.27157437801361084, 3.123340368270874, 2.126487970352173, -1.1553188562393188, -0.7670114636421204]}, "acc_test": 0.67, "precision_test": 0.6307692307692307, "recall_test": 0.82, "f1_test": 0.7130434782608696, "auc_test": 0.8232, "preds": [0.0935034453868866, 0.9910407662391663, 0.9866226315498352, 0.9159702658653259, 0.9992551207542419, 0.5266543626785278, 0.9992731213569641, 0.9992719292640686, 0.9992196559906006, 0.9992251396179199, 0.9992289543151855, 0.9992539286613464, 0.99921715259552, 0.9992764592170715, 0.5657851099967957, 0.27182289958000183, 0.9992235898971558, 0.9992515444755554, 0.9992387294769287, 0.9992226362228394, 0.9973474740982056, 0.9971979856491089, 0.390619158744812, 0.9992508292198181, 0.9992111921310425, 0.9992349147796631, 0.9992679953575134, 0.9992856383323669, 0.4317858815193176, 0.999269425868988, 0.4465896189212799, 0.9992709755897522, 0.9992802739143372, 0.11240718513727188, 0.9992480874061584, 0.9992617964744568, 0.5874062180519104, 0.9992116689682007, 0.9992228746414185, 0.998383641242981, 0.39379236102104187, 0.999283492565155, 0.9992419481277466, 0.7608541250228882, 0.9992708563804626, 0.4853755235671997, 0.9992101192474365, 0.9949836730957031, 0.9992484450340271, 0.10517951846122742]}
{"name": "Retraineddistilbert-base-uncased", "predictions": {"test": [0.974919855594635, 0.018986348062753677, 0.9631222486495972, 0.02405487932264805, 0.9722269177436829, 0.020955227315425873, 0.976207971572876, 0.0181297454982996, 0.9757132530212402, 0.017636150121688843, 0.9717793464660645, 0.020288586616516113, 0.9765400290489197, 0.017272261902689934, 0.9764904975891113, 0.01954643242061138, 0.9741023182868958, 0.02171667292714119, 0.9756936430931091, 0.018153661862015724, 0.9736000299453735, 0.021057644858956337, 0.9713080525398254, 0.019943075254559517, 0.9756661653518677, 0.01862003281712532, 0.9747189879417419, 0.021993936970829964, 0.9512518644332886, 0.03557558357715607, 0.9767395257949829, 0.01869858428835869, 0.9680538773536682, 0.02181057818233967, 0.976934015750885, 0.01807493157684803, 0.9723125696182251, 0.020615261048078537, 0.9660038352012634, 0.022606657817959785, 0.976800799369812, 0.018664419651031494, 0.9567076563835144, 0.019074367359280586, 0.9765987396240234, 0.02145085111260414, 0.9750897288322449, 0.018948398530483246, 0.45952293276786804, 0.019178083166480064, 0.9671937823295593, 0.01616220362484455, 0.9773340821266174, 0.018679043278098106, 0.9780008792877197, 0.024223655462265015, 0.9720796346664429, 0.018395984545350075, 0.9751222133636475, 0.01986120641231537, 0.9764521718025208, 0.018144723027944565, 0.9771037697792053, 0.020413637161254883, 0.9750733971595764, 0.02005382813513279, 0.9578506350517273, 0.020666496828198433, 0.97578364610672, 0.02484622225165367, 0.9762837886810303, 0.018687386065721512, 0.9369416236877441, 0.019769731909036636, 0.9618661403656006, 0.019867204129695892, 0.9756988286972046, 0.025891393423080444, 0.9658681154251099, 0.018558720126748085, 0.9776947498321533, 0.018866870552301407, 0.9757276773452759, 0.019944405183196068, 0.9597477316856384, 0.018498530611395836, 0.9686240553855896, 0.019192034378647804, 0.9763867259025574, 0.025628957897424698, 0.9062389135360718, 0.01956303045153618, 0.9757062196731567, 0.019499149173498154, 0.9729864001274109, 0.019814692437648773, 0.9768081903457642, 0.01998782344162464, 0.9738720059394836, 0.01931394636631012]}, "logits": {"test": [1.723476767539978, -2.1345412731170654, 1.487080693244934, -2.0466625690460205, 1.610662579536438, -2.1072421073913574, 1.6818921566009521, -2.1813764572143555, 1.7285041809082031, -2.176129102706909, 1.6010924577713013, -2.102692127227783, 1.7161198854446411, -2.2005953788757324, 1.7088372707366943, -2.119542121887207, 1.7004958391189575, -2.0753064155578613, 1.7050703763961792, -2.1708569526672363, 1.6499793529510498, -2.1060895919799805, 1.6294087171554565, -2.1176226139068604, 1.7047622203826904, -2.158482551574707, 1.68843674659729, -2.0378329753875732, 1.3410611152648926, -1.8296788930892944, 1.6919530630111694, -2.154815196990967, 1.5529102087020874, -2.067269802093506, 1.7180521488189697, -2.188643455505371, 1.5770596265792847, -2.0992472171783447, 1.5449084043502808, -2.0589144229888916, 1.6957728862762451, -2.166300058364868, 1.3872803449630737, -2.1475253105163574, 1.7245428562164307, -2.1001834869384766, 1.6919831037521362, -2.1270012855529785, -0.24144983291625977, -2.135202169418335, 1.568617820739746, -2.2161688804626465, 1.7312959432601929, -2.172300100326538, 1.7623810768127441, -2.028947353363037, 1.650397539138794, -2.1574740409851074, 1.6871851682662964, -2.1241326332092285, 1.7144755125045776, -2.1874470710754395, 1.7356029748916626, -2.0876858234405518, 1.702581524848938, -2.12432599067688, 1.4347397089004517, -2.1218113899230957, 1.6490767002105713, -2.0216805934906006, 1.6868529319763184, -2.1386470794677734, 1.1970505714416504, -2.121171474456787, 1.4659433364868164, -2.1217386722564697, 1.6723164319992065, -1.9722881317138672, 1.473366618156433, -2.1603221893310547, 1.7494622468948364, -2.164055109024048, 1.6753578186035156, -2.106318712234497, 1.4698975086212158, -2.163288116455078, 1.559149146080017, -2.1452596187591553, 1.6914645433425903, -1.9581193923950195, 0.9901608228683472, -2.1487884521484375, 1.656620740890503, -2.1261250972747803, 1.6252318620681763, -2.135512351989746, 1.6878201961517334, -2.1047871112823486, 1.7020803689956665, -2.161144256591797]}, "acc_test": 0.99, "precision_test": 1.0, "recall_test": 0.98, "f1_test": 0.98989898989899, "auc_test": 1.0, "preds": [0.974919855594635, 0.9631222486495972, 0.9722269177436829, 0.976207971572876, 0.9757132530212402, 0.9717793464660645, 0.9765400290489197, 0.9764904975891113, 0.9741023182868958, 0.9756936430931091, 0.9736000299453735, 0.9713080525398254, 0.9756661653518677, 0.9747189879417419, 0.9512518644332886, 0.9767395257949829, 0.9680538773536682, 0.976934015750885, 0.9723125696182251, 0.9660038352012634, 0.976800799369812, 0.9567076563835144, 0.9765987396240234, 0.9750897288322449, 0.45952293276786804, 0.9671937823295593, 0.9773340821266174, 0.9780008792877197, 0.9720796346664429, 0.9751222133636475, 0.9764521718025208, 0.9771037697792053, 0.9750733971595764, 0.9578506350517273, 0.97578364610672, 0.9762837886810303, 0.9369416236877441, 0.9618661403656006, 0.9756988286972046, 0.9658681154251099, 0.9776947498321533, 0.9757276773452759, 0.9597477316856384, 0.9686240553855896, 0.9763867259025574, 0.9062389135360718, 0.9757062196731567, 0.9729864001274109, 0.9768081903457642, 0.9738720059394836]}
{"name": "Retrained Radar", "before": {"acc_test": 0.87, "precision_test": 0.9302325581395349, "recall_test": 0.8, "f1_test": 0.8602150537634408, "auc_test": 0.9464}, "acc_test": 0.99, "precision_test": 1.0, "recall_test": 0.98, "f1_test": 0.98989898989899, "auc_test": 1.0}
