{"name": "likelihood_threshold", "predictions": {"test": [-3.663397789001465, -3.197319507598877, -3.8680522441864014, -3.1106767654418945, -3.4434127807617188, -3.483752965927124, -3.161073684692383, -2.559431552886963, -3.5504255294799805, -2.9220380783081055, -3.784250497817993, -3.627936363220215, -3.4575021266937256, -3.0835392475128174, -3.1530041694641113, -2.7186949253082275, -3.03277850151062, -3.143124580383301, -3.4426109790802, -3.1511900424957275, -3.12778902053833, -3.4227569103240967, -2.974510669708252, -2.7879393100738525, -3.100517988204956, -3.2498979568481445, -3.0035855770111084, -3.3101418018341064, -3.5380656719207764, -3.249077558517456, -2.8927876949310303, -3.022451877593994, -3.884739875793457, -3.3524255752563477, -3.822526454925537, -3.685779333114624, -2.9146311283111572, -2.7686758041381836, -3.1067440509796143, -4.1127190589904785, -3.3726375102996826, -3.3229737281799316, -3.5428667068481445, -3.1848037242889404, -3.101884603500366, -2.851383924484253, -3.466717004776001, -3.340991497039795, -3.1391594409942627, -2.8097174167633057, -3.0251753330230713, -3.100554943084717, -3.566256046295166, -2.92744517326355, -3.2680957317352295, -2.865732192993164, -4.021907806396484, -3.4191689491271973, -3.029212474822998, -3.3712148666381836, -3.355395555496216, -2.7507050037384033, -3.880352735519409, -3.2380850315093994, -3.5515847206115723, -3.81430721282959, -3.06132173538208, -3.0289437770843506, -3.939885139465332, -3.1127688884735107, -2.574453830718994, -2.4685521125793457, -3.5313358306884766, -3.1748201847076416, -2.8814969062805176, -2.653822422027588, -3.880347967147827, -3.721132755279541, -3.064866781234741, -3.29359769821167, -3.9775068759918213, -3.064150333404541, -2.9304373264312744, -3.155567169189453, -3.365036964416504, -3.1256484985351562, -3.587735652923584, -3.324493885040283, -3.2914254665374756, -3.236172676086426, -2.9755072593688965, -3.0556509494781494, -3.411576271057129, -2.9755966663360596, -3.15973162651062, -3.028151273727417, -3.5104289054870605, -3.8252036571502686, -3.9774539470672607, -3.477696180343628]}, "acc_test": 0.42, "precision_test": 0.42, "recall_test": 0.42, "f1_test": 0.41999999999999993, "auc_test": 0.35200000000000004}
{"name": "rank_threshold", "predictions": {"test": [-229.3832550048828, -344.90740966796875, -254.53623962402344, -131.81118774414062, -250.9659881591797, -279.8344421386719, -105.9230728149414, -88.89115142822266, -180.57894897460938, -139.446533203125, -185.84828186035156, -382.59478759765625, -209.73292541503906, -128.6844940185547, -36.93877410888672, -143.3913116455078, -50.58124923706055, -126.49090576171875, -62.1055908203125, -245.87820434570312, -86.5602798461914, -303.8888854980469, -65.49689483642578, -123.97468566894531, -142.9290008544922, -215.74545288085938, -131.47682189941406, -342.2605895996094, -125.37500762939453, -151.30201721191406, -36.20270538330078, -84.07142639160156, -271.32354736328125, -54.80864334106445, -177.82676696777344, -185.1234588623047, -57.92353057861328, -59.90860366821289, -135.89334106445312, -353.5856628417969, -161.10638427734375, -338.190185546875, -116.06382751464844, -127.00609588623047, -88.775146484375, -107.79267883300781, -98.03225708007812, -134.1241912841797, -68.05042266845703, -254.44586181640625, -66.33098602294922, -122.47333526611328, -174.03125, -167.76087951660156, -48.042423248291016, -205.20730590820312, -228.52984619140625, -257.59375, -87.5041732788086, -187.7663116455078, -101.39156341552734, -39.546051025390625, -235.83193969726562, -89.87574005126953, -132.68992614746094, -306.87249755859375, -58.10810852050781, -164.5, -186.00794982910156, -89.24285888671875, -47.484130859375, -148.44927978515625, -114.43870544433594, -100.55033874511719, -54.521209716796875, -139.7385711669922, -180.109375, -261.664794921875, -136.8000030517578, -309.1190490722656, -232.23333740234375, -62.050724029541016, -34.02339172363281, -92.05594635009766, -58.44865036010742, -94.96470642089844, -279.41326904296875, -147.56082153320312, -135.40267944335938, -169.356689453125, -70.36764526367188, -61.53845977783203, -86.77483367919922, -71.43225860595703, -58.64788818359375, -121.60588836669922, -231.55101013183594, -575.9876098632812, -232.77357482910156, -205.77438354492188]}, "acc_test": 0.55, "precision_test": 0.5409836065573771, "recall_test": 0.66, "f1_test": 0.5945945945945946, "auc_test": 0.6396}
{"name": "log_rank_threshold", "predictions": {"test": [-2.0811305046081543, -1.6615945100784302, -2.1608757972717285, -1.620785117149353, -1.7995351552963257, -1.8776754140853882, -1.6790387630462646, -1.2129688262939453, -1.9476951360702515, -1.5587868690490723, -2.1480445861816406, -2.0641634464263916, -1.8617897033691406, -1.660825490951538, -1.6107027530670166, -1.2980594635009766, -1.5768083333969116, -1.585797667503357, -1.8613171577453613, -1.6418120861053467, -1.6729928255081177, -1.8367359638214111, -1.5542545318603516, -1.3715580701828003, -1.696412205696106, -1.7334626913070679, -1.62286376953125, -1.7484071254730225, -1.9563205242156982, -1.6818459033966064, -1.47470223903656, -1.5107784271240234, -2.2710235118865967, -1.754647970199585, -2.245439291000366, -2.0148439407348633, -1.5340710878372192, -1.388899564743042, -1.7070565223693848, -2.307927370071411, -1.8839001655578613, -1.6993448734283447, -1.9483927488327026, -1.6749334335327148, -1.6385154724121094, -1.4064280986785889, -1.9085838794708252, -1.726657509803772, -1.6694049835205078, -1.4103633165359497, -1.5693668127059937, -1.636112093925476, -1.9415960311889648, -1.4486064910888672, -1.7541557550430298, -1.462693691253662, -2.278517007827759, -1.8737419843673706, -1.520288109779358, -1.8258317708969116, -1.8278313875198364, -1.3430064916610718, -2.169881582260132, -1.6887171268463135, -1.9439823627471924, -2.155956506729126, -1.4635554552078247, -1.5106306076049805, -2.2868669033050537, -1.6423453092575073, -1.289293646812439, -1.137257695198059, -1.9198194742202759, -1.665698528289795, -1.459191083908081, -1.3393255472183228, -2.2610902786254883, -2.09210467338562, -1.5974009037017822, -1.7925723791122437, -2.22062349319458, -1.5216152667999268, -1.5282585620880127, -1.6085350513458252, -1.8447797298431396, -1.6404814720153809, -1.9569733142852783, -1.7917579412460327, -1.8517957925796509, -1.7340331077575684, -1.6313599348068237, -1.5653327703475952, -1.8479135036468506, -1.5030066967010498, -1.684180736541748, -1.6020511388778687, -1.9271053075790405, -2.2126431465148926, -2.2160091400146484, -1.8349379301071167]}, "acc_test": 0.38, "precision_test": 0.36363636363636365, "recall_test": 0.32, "f1_test": 0.3404255319148936, "auc_test": 0.3184}
{"name": "entropy_threshold", "predictions": {"test": [3.975806951522827, 3.946267604827881, 3.566277027130127, 3.2134385108947754, 3.2127597332000732, 3.528266668319702, 3.358470916748047, 2.9968161582946777, 3.5705878734588623, 3.2061307430267334, 3.6281821727752686, 3.791299819946289, 3.298999071121216, 3.2502710819244385, 3.2833662033081055, 3.197566032409668, 3.3256828784942627, 3.421308994293213, 3.4455759525299072, 3.4592230319976807, 3.4561562538146973, 3.3327584266662598, 3.040100336074829, 2.802168130874634, 3.318434238433838, 3.696507453918457, 3.0260984897613525, 3.569157838821411, 3.7484652996063232, 3.4479165077209473, 3.0770139694213867, 3.3963258266448975, 3.748884916305542, 3.4852309226989746, 3.7015140056610107, 3.6460540294647217, 2.9995555877685547, 2.887233257293701, 3.5194427967071533, 4.229419708251953, 3.3136188983917236, 3.4590277671813965, 3.585207939147949, 3.5271694660186768, 3.283109188079834, 3.30265212059021, 3.592660665512085, 3.3219499588012695, 3.286261796951294, 3.178894281387329, 3.30753755569458, 3.523080348968506, 3.800612688064575, 3.2134454250335693, 3.2748775482177734, 3.1708760261535645, 3.938336133956909, 3.6047165393829346, 3.51173734664917, 3.4474222660064697, 3.305873155593872, 3.2342169284820557, 3.6068758964538574, 3.5126945972442627, 3.400294065475464, 3.7993786334991455, 3.1619246006011963, 2.912135601043701, 3.824138641357422, 3.406130790710449, 2.853398561477661, 2.7599544525146484, 3.2148611545562744, 3.293154239654541, 2.920628547668457, 2.7151429653167725, 3.753608226776123, 3.722368001937866, 3.2417447566986084, 3.5750014781951904, 3.376085042953491, 3.2250869274139404, 3.2651524543762207, 3.6716833114624023, 3.5188305377960205, 3.3182661533355713, 3.562912940979004, 3.5578505992889404, 3.653149127960205, 3.461763381958008, 3.234560012817383, 3.292348861694336, 3.6152124404907227, 3.2560622692108154, 3.2867367267608643, 3.2721877098083496, 3.528891086578369, 3.973037004470825, 4.062135696411133, 3.587005853652954]}, "acc_test": 0.46, "precision_test": 0.47058823529411764, "recall_test": 0.64, "f1_test": 0.5423728813559322, "auc_test": 0.4628}
{"name": "rank_GLTR_threshold", "predictions": {"test": [[0.6299559471365639, 0.22466960352422907, 0.09251101321585903, 0.05286343612334802], [0.7222222222222222, 0.14814814814814814, 0.08641975308641975, 0.043209876543209874], [0.6304347826086957, 0.17391304347826086, 0.15217391304347827, 0.043478260869565216], [0.7622377622377622, 0.15384615384615385, 0.055944055944055944, 0.027972027972027972], [0.6870748299319728, 0.19727891156462585, 0.061224489795918366, 0.05442176870748299], [0.695364238410596, 0.19205298013245034, 0.059602649006622516, 0.052980132450331126], [0.7272727272727273, 0.15384615384615385, 0.07692307692307693, 0.04195804195804196], [0.8435374149659864, 0.08843537414965986, 0.047619047619047616, 0.02040816326530612], [0.7105263157894737, 0.125, 0.09868421052631579, 0.06578947368421052], [0.7672955974842768, 0.12578616352201258, 0.06289308176100629, 0.0440251572327044], [0.6, 0.2206896551724138, 0.14482758620689656, 0.034482758620689655], [0.6666666666666666, 0.13725490196078433, 0.13725490196078433, 0.058823529411764705], [0.6770186335403726, 0.18633540372670807, 0.07453416149068323, 0.062111801242236024], [0.7058823529411765, 0.17647058823529413, 0.09090909090909091, 0.026737967914438502], [0.7142857142857143, 0.19387755102040816, 0.09183673469387756, 0.0], [0.8115942028985508, 0.12318840579710146, 0.036231884057971016, 0.028985507246376812], [0.71875, 0.1875, 0.09375, 0.0], [0.7515151515151515, 0.13333333333333333, 0.07878787878787878, 0.03636363636363636], [0.6521739130434783, 0.2360248447204969, 0.09937888198757763, 0.012422360248447204], [0.6987179487179487, 0.23076923076923078, 0.04487179487179487, 0.02564102564102564], [0.6737588652482269, 0.2198581560283688, 0.0851063829787234, 0.02127659574468085], [0.7, 0.18333333333333332, 0.05, 0.06666666666666667], [0.7142857142857143, 0.19254658385093168, 0.07453416149068323, 0.018633540372670808], [0.7721518987341772, 0.13924050632911392, 0.06962025316455696, 0.0189873417721519], [0.6923076923076923, 0.1834319526627219, 0.09467455621301775, 0.029585798816568046], [0.7212121212121212, 0.15151515151515152, 0.09090909090909091, 0.03636363636363636], [0.7019867549668874, 0.17218543046357615, 0.09271523178807947, 0.033112582781456956], [0.6909090909090909, 0.18787878787878787, 0.07878787878787878, 0.04242424242424243], [0.6166666666666667, 0.26666666666666666, 0.1, 0.016666666666666666], [0.738255033557047, 0.1476510067114094, 0.09395973154362416, 0.020134228187919462], [0.7364864864864865, 0.16216216216216217, 0.0945945945945946, 0.006756756756756757], [0.7272727272727273, 0.17532467532467533, 0.08441558441558442, 0.012987012987012988], [0.611764705882353, 0.15294117647058825, 0.18235294117647058, 0.052941176470588235], [0.654320987654321, 0.2654320987654321, 0.07407407407407407, 0.006172839506172839], [0.6220472440944882, 0.1732283464566929, 0.14173228346456693, 0.06299212598425197], [0.6296296296296297, 0.24074074074074073, 0.09876543209876543, 0.030864197530864196], [0.7058823529411765, 0.18235294117647058, 0.1, 0.011764705882352941], [0.7634408602150538, 0.15591397849462366, 0.06989247311827956, 0.010752688172043012], [0.6977777777777778, 0.1688888888888889, 0.08444444444444445, 0.04888888888888889], [0.6022099447513812, 0.2154696132596685, 0.13812154696132597, 0.04419889502762431], [0.675531914893617, 0.17553191489361702, 0.11702127659574468, 0.031914893617021274], [0.7423312883435583, 0.15950920245398773, 0.06748466257668712, 0.03067484662576687], [0.6524822695035462, 0.2127659574468085, 0.10638297872340426, 0.028368794326241134], [0.7195121951219512, 0.15853658536585366, 0.0975609756097561, 0.024390243902439025], [0.7218934911242604, 0.15976331360946747, 0.10059171597633136, 0.01775147928994083], [0.7560975609756098, 0.15853658536585366, 0.06707317073170732, 0.018292682926829267], [0.6451612903225806, 0.21935483870967742, 0.12258064516129032, 0.012903225806451613], [0.6862745098039216, 0.19607843137254902, 0.08496732026143791, 0.032679738562091505], [0.7142857142857143, 0.16806722689075632, 0.09243697478991597, 0.025210084033613446], [0.7770700636942676, 0.1337579617834395, 0.07643312101910828, 0.012738853503184714], [0.7323943661971831, 0.1619718309859155, 0.09154929577464789, 0.014084507042253521], [0.7533333333333333, 0.15333333333333332, 0.06, 0.03333333333333333], [0.675, 0.18125, 0.0875, 0.05625], [0.782608695652174, 0.13768115942028986, 0.057971014492753624, 0.021739130434782608], [0.7090909090909091, 0.1393939393939394, 0.15151515151515152, 0.0], [0.7378048780487805, 0.1951219512195122, 0.036585365853658534, 0.03048780487804878], [0.5746268656716418, 0.26865671641791045, 0.11194029850746269, 0.04477611940298507], [0.7, 0.1625, 0.075, 0.0625], [0.7625, 0.12083333333333333, 0.09583333333333334, 0.020833333333333332], [0.6413043478260869, 0.2391304347826087, 0.09239130434782608, 0.02717391304347826], [0.6807228915662651, 0.1686746987951807, 0.12048192771084337, 0.030120481927710843], [0.7828947368421053, 0.17105263157894737, 0.03289473684210526, 0.013157894736842105], [0.6470588235294118, 0.18487394957983194, 0.14285714285714285, 0.025210084033613446], [0.7337278106508875, 0.15976331360946747, 0.08284023668639054, 0.023668639053254437], [0.6976744186046512, 0.13178294573643412, 0.13953488372093023, 0.031007751937984496], [0.610738255033557, 0.2550335570469799, 0.0738255033557047, 0.06040268456375839], [0.7747747747747747, 0.10810810810810811, 0.0990990990990991, 0.018018018018018018], [0.7642857142857142, 0.15714285714285714, 0.05, 0.02857142857142857], [0.5873015873015873, 0.18253968253968253, 0.15873015873015872, 0.07142857142857142], [0.7357142857142858, 0.15, 0.1, 0.014285714285714285], [0.7698412698412699, 0.19047619047619047, 0.031746031746031744, 0.007936507936507936], [0.8260869565217391, 0.12318840579710146, 0.043478260869565216, 0.007246376811594203], [0.6258064516129033, 0.25161290322580643, 0.0967741935483871, 0.025806451612903226], [0.7114093959731543, 0.1610738255033557, 0.11409395973154363, 0.013422818791946308], [0.7393939393939394, 0.16363636363636364, 0.08484848484848485, 0.012121212121212121], [0.7777777777777778, 0.17647058823529413, 0.013071895424836602, 0.032679738562091505], [0.5989583333333334, 0.19270833333333334, 0.15104166666666666, 0.057291666666666664], [0.6368715083798883, 0.21787709497206703, 0.09497206703910614, 0.05027932960893855], [0.7277777777777777, 0.16111111111111112, 0.07222222222222222, 0.03888888888888889], [0.7321428571428571, 0.13095238095238096, 0.08928571428571429, 0.047619047619047616], [0.6222222222222222, 0.18888888888888888, 0.12222222222222222, 0.06666666666666667], [0.782608695652174, 0.13768115942028986, 0.06521739130434782, 0.014492753623188406], [0.7076023391812866, 0.22807017543859648, 0.05847953216374269, 0.005847953216374269], [0.7482517482517482, 0.17482517482517482, 0.04895104895104895, 0.027972027972027972], [0.6864864864864865, 0.1783783783783784, 0.12432432432432433, 0.010810810810810811], [0.7352941176470589, 0.18823529411764706, 0.058823529411764705, 0.01764705882352941], [0.673469387755102, 0.1989795918367347, 0.07142857142857142, 0.05612244897959184], [0.6891891891891891, 0.20945945945945946, 0.06756756756756757, 0.033783783783783786], [0.6845637583892618, 0.18120805369127516, 0.087248322147651, 0.04697986577181208], [0.7261146496815286, 0.1337579617834395, 0.10828025477707007, 0.03184713375796178], [0.6838235294117647, 0.22058823529411764, 0.08088235294117647, 0.014705882352941176], [0.7412587412587412, 0.16783216783216784, 0.07692307692307693, 0.013986013986013986], [0.695364238410596, 0.152317880794702, 0.1390728476821192, 0.013245033112582781], [0.7161290322580646, 0.2, 0.07741935483870968, 0.0064516129032258064], [0.7230046948356808, 0.1784037558685446, 0.0892018779342723, 0.009389671361502348], [0.7470588235294118, 0.1411764705882353, 0.08235294117647059, 0.029411764705882353], [0.6683673469387755, 0.1836734693877551, 0.11224489795918367, 0.03571428571428571], [0.6521739130434783, 0.14285714285714285, 0.12422360248447205, 0.08074534161490683], [0.6540880503144654, 0.16352201257861634, 0.12578616352201258, 0.05660377358490566], [0.7012195121951219, 0.21951219512195122, 0.036585365853658534, 0.042682926829268296]]}, "acc_test": 0.29, "precision_test": 0.23076923076923078, "recall_test": 0.18, "f1_test": 0.20224719101123595, "auc_test": 0.252}
{"name": "perturbation_10_z", "predictions": {"test": [0.049032774981617136, 0.6896875721431959, -0.47720162042635383, 1.0521406709273544, 0.03795273346774992, 0.17015525107893684, 0.4713546837554435, 0.8009454187041615, -0.14965849608490905, 0.2661723602827425, 0.25691283228910483, 0.7880258018225362, 0.26090450596493303, 1.4169380013931623, 0.22894435662632656, 0.9782264826637446, 0.11987657348982601, 0.5240757606487682, 0.30244335774982806, 0.6692581629791268, 0.9935737794177936, 0.29973469666303754, 0.04224236611312993, 0.9663193352215744, 0.8535676677239951, -0.06490029639619131, 0.4305101334823324, 0.8487762537420285, -0.3706867217617447, 0.45584861309600877, 1.0998865188621085, 0.4233984299571958, -0.015521308702993638, 1.0188890265692174, -0.3250453902236182, 0.6474834305542314, 0.11478398472840644, 0.9226904229285997, 0.3293553602667234, 0.3408012690811069, -0.03663695100633128, 0.5641422433371905, 0.9250071036395713, 0.2839558896584864, 0.3678234786590105, 0.7452654429163761, -0.1651550009040771, -0.5421318629999693, 0.10837149869954135, 0.14536207278157792, 0.5173604925735386, 0.12437411032139271, -0.3900454739617704, 0.4674762686529205, 0.3996805896854783, 0.6984082494047023, -0.9155471070880393, -0.3170139503386712, 0.3046069472335127, -0.131497392092942, -0.11580352182636709, 0.9079423972884829, 0.7155952216826107, 0.10195632756250388, 0.6242875179439045, -0.05268697206839884, -0.07338896275470468, -0.11344769891496886, -0.14185256521869688, 1.4977446938674503, 0.6061046745035578, 0.7129975106953941, -0.5235018548084435, -0.11833455690965326, 0.7626901316699708, 0.8128249677577383, 0.14197779386982357, -0.057969962660568176, 0.3077886239835389, 0.20194946495308458, 0.13142212100955888, 1.4951589829053895, 0.25872599780097555, -0.2614169320918013, 0.4989636389149499, 0.6595398214037733, -0.9329378887632558, 0.2147011750062635, 0.29510524524345993, 0.1956099971685582, 0.7486965304518783, -0.09206880697297155, 0.15993478425996815, 0.3557298839849839, 0.8589889826194079, 1.743628996522716, 0.4168291906085224, 0.05248037511307566, 0.17368989617273656, 1.6819067507771297]}, "info": {"pct_words_masked": 0.3, "span_length": 2, "n_perturbations": 10}, "general": {"acc_test": 0.41, "precision_test": 0.40816326530612246, "recall_test": 0.4, "f1_test": 0.4040404040404041, "auc_test": 0.35239999999999994}}
{"name": "Retrained GPT-sentinel", "before": {"acc_test": 0.9, "precision_test": 0.9761904761904762, "recall_test": 0.82, "f1_test": 0.8913043478260869, "auc_test": 0.9828}, "acc_test": 0.91, "precision_test": 0.9183673469387755, "recall_test": 0.9, "f1_test": 0.9090909090909091, "auc_test": 0.9648}
{"name": "RetrainedHello-SimpleAI/chatgpt-detector-roberta", "predictions": {"test": [0.09946626424789429, 0.9561800956726074, 0.1580907255411148, 0.9986675977706909, 0.8020047545433044, 0.02705751359462738, 0.4199075996875763, 0.744178295135498, 0.06359309703111649, 0.9755604267120361, 0.0051644425839185715, 0.7409327030181885, 0.7174859642982483, 0.9593908786773682, 0.980127215385437, 0.7695510387420654, 0.5593966245651245, 0.9936683773994446, 0.7731083035469055, 0.9988346695899963, 0.9991061091423035, 0.5536524653434753, 0.7917858362197876, 0.7544016242027283, 0.7190772294998169, 0.41572943329811096, 0.7756746411323547, 0.9961674809455872, 0.41828280687332153, 0.7545119524002075, 0.9567688703536987, 0.9991360306739807, 0.0015013753436505795, 0.9959800243377686, 0.17860139906406403, 0.7744510769844055, 0.2721536457538605, 0.7045741677284241, 0.7952753305435181, 0.037964221090078354, 0.18864424526691437, 0.0008353879093192518, 0.4888022840023041, 0.7168483734130859, 0.7726343870162964, 0.725795328617096, 0.9852220416069031, 0.9963202476501465, 0.004509240388870239, 0.7036570310592651, 0.003523108782246709, 0.20101116597652435, 0.1977531462907791, 0.9619753956794739, 0.9935023188591003, 0.9966480135917664, 0.6632711291313171, 0.2564820945262909, 0.4698030650615692, 0.46194568276405334, 0.7769806385040283, 0.7591731548309326, 0.002488428493961692, 0.0952109694480896, 0.6230841279029846, 0.0781935378909111, 0.7223878502845764, 0.9883924126625061, 0.011624788865447044, 0.9824569225311279, 0.6407216787338257, 0.07519453763961792, 0.4077396094799042, 0.35864606499671936, 0.7544422149658203, 0.9874832630157471, 0.013250688090920448, 0.9733438491821289, 0.045828476548194885, 0.0017639751313254237, 0.1900450438261032, 0.9221274256706238, 0.9418756365776062, 0.9958082437515259, 0.5514429807662964, 0.6543959379196167, 0.1468859761953354, 0.7449161410331726, 0.026456432417035103, 0.0582941435277462, 0.0017980275442823768, 0.0018813745118677616, 0.6068089008331299, 0.9984337687492371, 0.7968448996543884, 0.9662214517593384, 0.2013886719942093, 0.058856673538684845, 0.0020890396554023027, 0.3719518184661865]}, "logits": {"test": [-1.1831045150756836, 1.469861388206482, -0.9456220269203186, 2.942763566970825, 0.7317413687705994, -1.79377281665802, -0.33639562129974365, 0.3097231686115265, -1.3996689319610596, 1.7288780212402344, -2.5169098377227783, 0.30176228284835815, 0.24478472769260406, 1.5040254592895508, 1.8192923069000244, 0.3756011724472046, -0.07946596294641495, 2.308793783187866, 0.38526472449302673, 2.9937472343444824, 3.0899293422698975, -0.09017881751060486, 0.4359247386455536, 0.33561915159225464, 0.24847686290740967, -0.34421372413635254, 0.39228272438049316, 2.5183396339416504, -0.3394298255443573, 0.33605360984802246, 1.4757025241851807, 3.1014509201049805, -3.026332378387451, 2.498568058013916, -0.8797799348831177, 0.3892342150211334, -0.635657012462616, 0.49532443284988403, 0.4455397129058838, -1.639887809753418, -0.8496844172477722, -3.256546974182129, -0.20947310328483582, 0.24327467381954193, 0.384115070104599, 0.2644837498664856, 1.9476659297943115, 2.5351312160491943, -2.574212074279785, 0.21269872784614563, -2.677650213241577, -0.8142151832580566, -0.8234022259712219, 1.533298373222351, 2.29787540435791, 2.573577404022217, 0.1245463490486145, -0.6720278859138489, -0.24425849318504333, -0.25866734981536865, 0.3962782621383667, 0.34807199239730835, -2.821518898010254, -1.2047247886657715, 0.04262930899858475, -1.3007866144180298, 0.256428599357605, 2.051440715789795, -2.168116569519043, 1.8734865188598633, 0.07797103375196457, -1.3196419477462769, -0.35921499133110046, -0.4536111354827881, 0.335919588804245, 2.0191147327423096, -2.110884666442871, 1.6907814741134644, -1.5531506538391113, -2.9615793228149414, -0.845564603805542, 1.2057393789291382, 1.3416322469711304, 2.481210470199585, -0.09428559243679047, 0.10599403083324432, -0.9845141172409058, 0.311728835105896, -1.8038896322250366, -1.4407811164855957, -2.953864097595215, -2.935537815093994, 0.010701554827392101, 2.88000750541687, 0.45057234168052673, 1.586148977279663, -0.8131596446037292, -1.436259150505066, -2.893033266067505, -0.4275827705860138]}, "acc_test": 0.4, "precision_test": 0.41379310344827586, "recall_test": 0.48, "f1_test": 0.4444444444444445, "auc_test": 0.34559999999999996, "preds": [0.09946626424789429, 0.1580907255411148, 0.8020047545433044, 0.4199075996875763, 0.06359309703111649, 0.0051644425839185715, 0.7174859642982483, 0.980127215385437, 0.5593966245651245, 0.7731083035469055, 0.9991061091423035, 0.7917858362197876, 0.7190772294998169, 0.7756746411323547, 0.41828280687332153, 0.9567688703536987, 0.0015013753436505795, 0.17860139906406403, 0.2721536457538605, 0.7952753305435181, 0.18864424526691437, 0.4888022840023041, 0.7726343870162964, 0.9852220416069031, 0.004509240388870239, 0.003523108782246709, 0.1977531462907791, 0.9935023188591003, 0.6632711291313171, 0.4698030650615692, 0.7769806385040283, 0.002488428493961692, 0.6230841279029846, 0.7223878502845764, 0.011624788865447044, 0.6407216787338257, 0.4077396094799042, 0.7544422149658203, 0.013250688090920448, 0.045828476548194885, 0.1900450438261032, 0.9418756365776062, 0.5514429807662964, 0.1468859761953354, 0.026456432417035103, 0.0017980275442823768, 0.6068089008331299, 0.7968448996543884, 0.2013886719942093, 0.0020890396554023027]}
{"name": "Retraineddistilbert-base-uncased", "predictions": {"test": [0.9737114906311035, 0.9489443302154541, 0.6010524034500122, 0.03236623480916023, 0.9745449423789978, 0.7854410409927368, 0.7715763449668884, 0.08625411987304688, 0.9232876300811768, 0.8228992819786072, 0.9677161574363708, 0.9488222599029541, 0.9051623344421387, 0.31338489055633545, 0.8154034614562988, 0.022665444761514664, 0.2063719481229782, 0.033378273248672485, 0.9567893743515015, 0.048934053629636765, 0.973105251789093, 0.955794095993042, 0.9739107489585876, 0.9522060751914978, 0.1557498723268509, 0.02363303303718567, 0.9662214517593384, 0.7260069251060486, 0.9550426006317139, 0.07018884271383286, 0.9707167744636536, 0.9225355982780457, 0.889235258102417, 0.044991474598646164, 0.9676891565322876, 0.10414708405733109, 0.9663527011871338, 0.9326987862586975, 0.7035874128341675, 0.1177666187286377, 0.8924135565757751, 0.05119116231799126, 0.9759305119514465, 0.9054611921310425, 0.9717832803726196, 0.22733652591705322, 0.9604655504226685, 0.8027418255805969, 0.8648408055305481, 0.1664608269929886, 0.9200651049613953, 0.2962864339351654, 0.969306230545044, 0.525067150592804, 0.9306275844573975, 0.7196733355522156, 0.6661800146102905, 0.026597008109092712, 0.9720290899276733, 0.970849871635437, 0.23839056491851807, 0.03770109638571739, 0.9569345712661743, 0.03258153423666954, 0.8896483182907104, 0.9188185930252075, 0.9607612490653992, 0.11013635993003845, 0.9462275505065918, 0.5861335396766663, 0.8945165276527405, 0.15424323081970215, 0.9223952293395996, 0.05116908624768257, 0.9758510589599609, 0.9604406952857971, 0.9737528562545776, 0.5570855140686035, 0.09519165009260178, 0.07017011940479279, 0.9766989946365356, 0.14679120481014252, 0.976815938949585, 0.661846399307251, 0.9568854570388794, 0.7478429079055786, 0.9636009931564331, 0.34807533025741577, 0.9519977569580078, 0.09811891615390778, 0.958893358707428, 0.044861726462841034, 0.9678438901901245, 0.06745940446853638, 0.6774977445602417, 0.5822200775146484, 0.09257783740758896, 0.5667045712471008, 0.9551275968551636, 0.05624439939856529]}, "logits": {"test": [1.669740080833435, 1.3327977657318115, 0.09524177759885788, -1.8642867803573608, 1.6819734573364258, 0.5262815952301025, 0.506432294845581, -1.3159632682800293, 1.1373753547668457, 0.6865600943565369, 1.5407155752182007, 1.331180453300476, 0.9939613342285156, -0.6297188997268677, 0.6075106859207153, -2.0172042846679688, -0.7567338943481445, -1.8139647245407104, 1.4239203929901123, -1.6337567567825317, 1.6772128343582153, 1.4642531871795654, 1.6786291599273682, 1.377173662185669, -0.9775627851486206, -2.02468204498291, 1.5860540866851807, 0.4429134726524353, 1.4105430841445923, -1.4523605108261108, 1.6186672449111938, 1.115343689918518, 0.9251245260238647, -1.6935421228408813, 1.5932029485702515, -1.2365126609802246, 1.552030086517334, 1.1974142789840698, 0.35860931873321533, -1.14716637134552, 0.9780439138412476, -1.6194416284561157, 1.6904131174087524, 1.003708004951477, 1.606022596359253, -0.7255640625953674, 1.4269706010818481, 0.5841186046600342, 0.8139700293540955, -0.9473408460617065, 1.1188501119613647, -0.5510780215263367, 1.620260238647461, -0.03563763573765755, 1.1418161392211914, 0.3594866693019867, 0.19079230725765228, -1.983444333076477, 1.644075632095337, 1.6399956941604614, -0.7261364459991455, -1.7911635637283325, 1.4139758348464966, -1.8700698614120483, 0.9295350909233093, 1.0754245519638062, 1.4516956806182861, -1.1759661436080933, 1.2912285327911377, 0.07235251367092133, 0.9453858137130737, -1.0089305639266968, 1.1222676038742065, -1.6114777326583862, 1.6705538034439087, 1.459159016609192, 1.635264277458191, -0.02965831197798252, -1.2546379566192627, -1.447210669517517, 1.6787446737289429, -0.997756838798523, 1.7321771383285522, 0.2337317019701004, 1.4535473585128784, 0.48470357060432434, 1.5126476287841797, -0.4263603985309601, 1.4128204584121704, -1.278006672859192, 1.4839226007461548, -1.6881859302520752, 1.5926522016525269, -1.4426137208938599, 0.3287814259529114, 0.10675308853387833, -1.2774759531021118, 0.08550383895635605, 1.3924076557159424, -1.5550018548965454]}, "acc_test": 0.73, "precision_test": 0.6716417910447762, "recall_test": 0.9, "f1_test": 0.7692307692307693, "auc_test": 0.8572, "preds": [0.9737114906311035, 0.6010524034500122, 0.9745449423789978, 0.7715763449668884, 0.9232876300811768, 0.9677161574363708, 0.9051623344421387, 0.8154034614562988, 0.2063719481229782, 0.9567893743515015, 0.973105251789093, 0.9739107489585876, 0.1557498723268509, 0.9662214517593384, 0.9550426006317139, 0.9707167744636536, 0.889235258102417, 0.9676891565322876, 0.9663527011871338, 0.7035874128341675, 0.8924135565757751, 0.9759305119514465, 0.9717832803726196, 0.9604655504226685, 0.8648408055305481, 0.9200651049613953, 0.969306230545044, 0.9306275844573975, 0.6661800146102905, 0.9720290899276733, 0.23839056491851807, 0.9569345712661743, 0.8896483182907104, 0.9607612490653992, 0.9462275505065918, 0.8945165276527405, 0.9223952293395996, 0.9758510589599609, 0.9737528562545776, 0.09519165009260178, 0.9766989946365356, 0.976815938949585, 0.9568854570388794, 0.9636009931564331, 0.9519977569580078, 0.958893358707428, 0.9678438901901245, 0.6774977445602417, 0.09257783740758896, 0.9551275968551636]}
{"name": "Retrained Radar", "before": {"acc_test": 0.56, "precision_test": 0.5517241379310345, "recall_test": 0.64, "f1_test": 0.5925925925925927, "auc_test": 0.5596}, "acc_test": 0.81, "precision_test": 0.8163265306122449, "recall_test": 0.8, "f1_test": 0.8080808080808082, "auc_test": 0.8884}
