{"name": "likelihood_threshold", "predictions": {"test": [-3.1010942459106445, -3.2160446643829346, -0.876023530960083, -0.9136336445808411, -3.7227816581726074, -3.6537094116210938, -2.31231689453125, -2.324337959289551, -1.9918932914733887, -2.2780165672302246, -3.0984299182891846, -3.202991485595703, -2.2531845569610596, -2.5761284828186035, -2.438354253768921, -2.7147586345672607, -2.4522876739501953, -2.5579066276550293, -2.182967185974121, -2.2112197875976562, -1.9201587438583374, -2.3529160022735596, -1.814741611480713, -1.8997355699539185, -2.39117431640625, -2.6264829635620117, -1.855143427848816, -2.5705947875976562, -2.914802312850952, -2.961245536804199, -3.315427303314209, -3.3129353523254395, -2.1137187480926514, -2.3127601146698, -2.6616179943084717, -3.0898356437683105, -1.4411365985870361, -1.9223787784576416, -1.8767300844192505, -2.1148481369018555, -2.7124128341674805, -2.860800266265869, -3.496633768081665, -3.326892375946045, -3.632734537124634, -3.5433716773986816, -1.505628228187561, -1.7277051210403442, -2.255605697631836, -2.887547731399536, -1.5308269262313843, -1.9171556234359741, -1.6339218616485596, -1.8687344789505005, -2.142117977142334, -2.46814227104187, -2.637336254119873, -2.412156581878662, -1.7890777587890625, -2.582287073135376, -2.2566909790039062, -2.82993745803833, -1.8404045104980469, -2.1527698040008545, -2.5083229541778564, -3.1221585273742676, -2.4613914489746094, -2.661151170730591, -2.3539912700653076, -2.5763461589813232, -1.9126300811767578, -2.2537729740142822, -3.585561990737915, -3.7353129386901855, -2.0576395988464355, -2.4191741943359375, -2.3226945400238037, -2.8189589977264404, -3.2626311779022217, -3.094633102416992, -2.922060251235962, -3.008913278579712, -2.5030083656311035, -2.5030083656311035, -2.6269290447235107, -2.6269290447235107, -3.361213207244873, -3.370353937149048, -1.9519016742706299, -2.2283918857574463, -3.1957061290740967, -3.1957061290740967, -2.310695171356201, -2.142876148223877, -1.502984642982483, -1.4948844909667969, -2.689821720123291, -3.084320068359375, -3.379305124282837, -3.4913277626037598]}, "acc_test": 0.49, "precision_test": 0.49411764705882355, "recall_test": 0.84, "f1_test": 0.6222222222222222, "auc_test": 0.6022000000000001}
{"name": "rank_threshold", "predictions": {"test": [-137.30833435058594, -175.35043334960938, -81.07200622558594, -74.67200469970703, -442.5107421875, -445.9894104003906, -63.34074020385742, -62.74803161621094, -143.33334350585938, -133.10000610351562, -177.07937622070312, -139.0681915283203, -82.9136734008789, -132.09230041503906, -162.07070922851562, -187.89999389648438, -19.428571701049805, -19.008930206298828, -12.970588684082031, -11.109999656677246, -45.051612854003906, -78.06475067138672, -36.19047546386719, -25.974842071533203, -132.24346923828125, -160.13912963867188, -6.776397705078125, -54.256412506103516, -88.20635223388672, -88.7443618774414, -85.10400390625, -85.09928894042969, -25.632001876831055, -34.27642059326172, -33.75, -47.95098114013672, -59.50819396972656, -24.439023971557617, -11.395683288574219, -19.48091697692871, -86.42974853515625, -103.81356048583984, -158.51266479492188, -154.3231658935547, -174.05426025390625, -264.6842041015625, -3.238410711288452, -9.728571891784668, -273.6031799316406, -332.8164978027344, -9.655843734741211, -62.657535552978516, -13.744000434875488, -19.196720123291016, -40.49580001831055, -26.587154388427734, -36.832000732421875, -14.48360538482666, -10.527472496032715, -40.576473236083984, -12.959348678588867, -29.280990600585938, -7.3828125, -14.380165100097656, -31.254716873168945, -51.03370666503906, -82.3499984741211, -107.2582778930664, -25.59503936767578, -21.086956024169922, -25.303030014038086, -21.30434799194336, -171.377197265625, -225.0177001953125, -70.02857208251953, -177.2449951171875, -160.90476989746094, -97.27941131591797, -68.08000183105469, -52.544002532958984, -132.62294006347656, -126.73333740234375, -18.30172348022461, -18.30172348022461, -33.741668701171875, -33.741668701171875, -339.99200439453125, -348.98486328125, -27.43809700012207, -60.990478515625, -135.0932159423828, -135.0932159423828, -23.166667938232422, -15.239999771118164, -75.50387573242188, -76.28681945800781, -109.65546417236328, -236.54310607910156, -155.7027130126953, -130.6554718017578]}, "acc_test": 0.53, "precision_test": 0.5176470588235295, "recall_test": 0.88, "f1_test": 0.6518518518518519, "auc_test": 0.5429999999999999}
{"name": "log_rank_threshold", "predictions": {"test": [-1.6477534770965576, -1.751295804977417, -0.40340420603752136, -0.42458200454711914, -2.020272970199585, -1.9762506484985352, -1.1419771909713745, -1.1541324853897095, -0.8912352919578552, -1.0975030660629272, -1.679117202758789, -1.755876898765564, -0.9971421360969543, -1.2575103044509888, -1.1929383277893066, -1.337538719177246, -1.1843894720077515, -1.2247552871704102, -0.9923322200775146, -1.0201640129089355, -0.8051332831382751, -1.0609949827194214, -0.8361642956733704, -0.8629780411720276, -1.1235138177871704, -1.3301351070404053, -0.7574282288551331, -1.2356334924697876, -1.4795160293579102, -1.5662531852722168, -1.75788414478302, -1.7299031019210815, -0.8924294710159302, -1.0932989120483398, -1.2906827926635742, -1.586008071899414, -0.543388843536377, -0.8740314245223999, -0.845234215259552, -1.0092331171035767, -1.3358889818191528, -1.453649878501892, -1.9957427978515625, -1.9301872253417969, -1.962188720703125, -1.8623738288879395, -0.5298862457275391, -0.7153588533401489, -0.9363034963607788, -1.417672872543335, -0.5631880164146423, -0.8810652494430542, -0.7225778698921204, -0.8482556939125061, -0.9136475324630737, -1.1216460466384888, -1.193672776222229, -1.122497797012329, -0.7049924731254578, -1.2112455368041992, -0.9832174777984619, -1.4280726909637451, -0.7231109738349915, -0.9153605103492737, -1.113293170928955, -1.527273416519165, -1.248937964439392, -1.328314185142517, -1.056881070137024, -1.2141484022140503, -0.7823763489723206, -1.0631639957427979, -1.9850260019302368, -2.074476718902588, -1.0165046453475952, -1.2636704444885254, -1.0479940176010132, -1.4172942638397217, -1.7913694381713867, -1.6344079971313477, -1.5027397871017456, -1.584974765777588, -1.1214230060577393, -1.1214230060577393, -1.2402219772338867, -1.2402219772338867, -1.7413274049758911, -1.7681611776351929, -0.8334762454032898, -1.0388911962509155, -1.643681526184082, -1.643681526184082, -1.0551469326019287, -0.9362248182296753, -0.5829758644104004, -0.5772786736488342, -1.3012837171554565, -1.5991528034210205, -1.8361775875091553, -1.8818155527114868]}, "acc_test": 0.5, "precision_test": 0.5, "recall_test": 0.82, "f1_test": 0.6212121212121212, "auc_test": 0.6166}
{"name": "entropy_threshold", "predictions": {"test": [3.0847246646881104, 3.064655065536499, 1.2726342678070068, 1.3238457441329956, 3.7266347408294678, 3.7117693424224854, 2.9840104579925537, 2.82768177986145, 2.8790805339813232, 2.8526768684387207, 3.335610866546631, 3.357200860977173, 3.2212419509887695, 3.333759069442749, 3.0949792861938477, 3.1918671131134033, 2.707843542098999, 2.7625956535339355, 2.995497226715088, 2.999258279800415, 2.923715114593506, 3.0756218433380127, 2.45078706741333, 2.460437297821045, 3.2522099018096924, 3.171489953994751, 2.8254952430725098, 3.2121076583862305, 3.168339729309082, 3.2223095893859863, 3.387704849243164, 3.411130905151367, 3.088594913482666, 2.9831888675689697, 3.2703967094421387, 3.3640825748443604, 2.106257915496826, 2.3288097381591797, 2.5291860103607178, 2.6276919841766357, 3.520603895187378, 3.3562729358673096, 3.716883897781372, 3.66501522064209, 3.390637159347534, 3.4184420108795166, 2.4221861362457275, 2.5843942165374756, 3.120577335357666, 3.3377721309661865, 2.5064194202423096, 2.459087610244751, 2.180030584335327, 2.1954185962677, 2.907682180404663, 2.993842840194702, 3.5118727684020996, 3.400838613510132, 2.937112331390381, 3.1081953048706055, 3.193931818008423, 3.2914834022521973, 2.9603896141052246, 3.031066656112671, 3.4082207679748535, 3.504082441329956, 2.9086132049560547, 2.960731267929077, 3.199099540710449, 3.1694231033325195, 2.825287103652954, 3.009783983230591, 3.720973014831543, 3.8584156036376953, 2.500544309616089, 2.694492816925049, 3.0560519695281982, 3.20971941947937, 3.5485665798187256, 3.531909465789795, 3.394118547439575, 3.4237589836120605, 3.277146339416504, 3.277146339416504, 2.7710273265838623, 2.7710273265838623, 3.2837159633636475, 3.231934070587158, 2.663940906524658, 2.6540002822875977, 3.5319406986236572, 3.5319406986236572, 3.126859426498413, 3.030712842941284, 2.2736337184906006, 2.2682812213897705, 3.2315480709075928, 3.407646417617798, 3.5610511302948, 3.5028858184814453]}, "acc_test": 0.48, "precision_test": 0.4891304347826087, "recall_test": 0.9, "f1_test": 0.6338028169014084, "auc_test": 0.5326000000000001}
{"name": "rank_GLTR_threshold", "predictions": {"test": [[0.7083333333333334, 0.14166666666666666, 0.10833333333333334, 0.041666666666666664], [0.6752136752136753, 0.1794871794871795, 0.10256410256410256, 0.042735042735042736], [0.936, 0.032, 0.016, 0.016], [0.928, 0.048, 0.008, 0.016], [0.6612903225806451, 0.1774193548387097, 0.11290322580645161, 0.04838709677419355], [0.671957671957672, 0.17989417989417988, 0.10052910052910052, 0.047619047619047616], [0.8148148148148148, 0.11851851851851852, 0.05185185185185185, 0.014814814814814815], [0.8031496062992126, 0.13385826771653545, 0.047244094488188976, 0.015748031496062992], [0.8933333333333333, 0.08666666666666667, 0.006666666666666667, 0.013333333333333334], [0.83125, 0.1375, 0.025, 0.00625], [0.7063492063492064, 0.18253968253968253, 0.07936507936507936, 0.031746031746031744], [0.7045454545454546, 0.16666666666666666, 0.09848484848484848, 0.030303030303030304], [0.8633093525179856, 0.10071942446043165, 0.02158273381294964, 0.014388489208633094], [0.8076923076923077, 0.13076923076923078, 0.038461538461538464, 0.023076923076923078], [0.7777777777777778, 0.16161616161616163, 0.030303030303030304, 0.030303030303030304], [0.77, 0.14, 0.06, 0.03], [0.8214285714285714, 0.13392857142857142, 0.044642857142857144, 0.0], [0.7678571428571429, 0.1875, 0.044642857142857144, 0.0], [0.8333333333333334, 0.13725490196078433, 0.029411764705882353, 0.0], [0.83, 0.14, 0.03, 0.0], [0.8838709677419355, 0.10967741935483871, 0.0, 0.0064516129032258064], [0.8489208633093526, 0.11510791366906475, 0.014388489208633094, 0.02158273381294964], [0.8809523809523809, 0.08928571428571429, 0.023809523809523808, 0.005952380952380952], [0.8553459119496856, 0.1069182389937107, 0.031446540880503145, 0.006289308176100629], [0.8608695652173913, 0.09565217391304348, 0.017391304347826087, 0.02608695652173913], [0.8260869565217391, 0.08695652173913043, 0.06086956521739131, 0.02608695652173913], [0.8819875776397516, 0.11180124223602485, 0.006211180124223602, 0.0], [0.7884615384615384, 0.14743589743589744, 0.04487179487179487, 0.019230769230769232], [0.746031746031746, 0.16666666666666666, 0.05555555555555555, 0.031746031746031744], [0.7293233082706767, 0.17293233082706766, 0.07518796992481203, 0.022556390977443608], [0.68, 0.224, 0.072, 0.024], [0.6879432624113475, 0.1773049645390071, 0.11347517730496454, 0.02127659574468085], [0.896, 0.072, 0.024, 0.008], [0.8211382113821138, 0.11382113821138211, 0.056910569105691054, 0.008130081300813009], [0.76, 0.19, 0.04, 0.01], [0.696078431372549, 0.21568627450980393, 0.0784313725490196, 0.00980392156862745], [0.9426229508196722, 0.02459016393442623, 0.02459016393442623, 0.00819672131147541], [0.8455284552845529, 0.11382113821138211, 0.032520325203252036, 0.008130081300813009], [0.8561151079136691, 0.11510791366906475, 0.02877697841726619, 0.0], [0.8396946564885496, 0.09923664122137404, 0.061068702290076333, 0.0], [0.7851239669421488, 0.1487603305785124, 0.04132231404958678, 0.024793388429752067], [0.7711864406779662, 0.15254237288135594, 0.05084745762711865, 0.025423728813559324], [0.6645569620253164, 0.14556962025316456, 0.13924050632911392, 0.05063291139240506], [0.676829268292683, 0.1402439024390244, 0.13414634146341464, 0.04878048780487805], [0.6666666666666666, 0.20930232558139536, 0.10852713178294573, 0.015503875968992248], [0.6766917293233082, 0.21804511278195488, 0.09774436090225563, 0.007518796992481203], [0.9337748344370861, 0.06622516556291391, 0.0, 0.0], [0.9, 0.07857142857142857, 0.02142857142857143, 0.0], [0.873015873015873, 0.1111111111111111, 0.007936507936507936, 0.007936507936507936], [0.7431192660550459, 0.1926605504587156, 0.05504587155963303, 0.009174311926605505], [0.9285714285714286, 0.05194805194805195, 0.01948051948051948, 0.0], [0.8767123287671232, 0.07534246575342465, 0.03424657534246575, 0.0136986301369863], [0.92, 0.048, 0.032, 0.0], [0.8524590163934426, 0.11475409836065574, 0.02459016393442623, 0.00819672131147541], [0.8907563025210085, 0.06722689075630252, 0.025210084033613446, 0.01680672268907563], [0.8256880733944955, 0.11009174311926606, 0.06422018348623854, 0.0], [0.84, 0.104, 0.048, 0.008], [0.819672131147541, 0.1557377049180328, 0.02459016393442623, 0.0], [0.9120879120879121, 0.06593406593406594, 0.02197802197802198, 0.0], [0.8235294117647058, 0.10588235294117647, 0.07058823529411765, 0.0], [0.8373983739837398, 0.13821138211382114, 0.024390243902439025, 0.0], [0.7603305785123967, 0.1652892561983471, 0.0743801652892562, 0.0], [0.8984375, 0.0859375, 0.015625, 0.0], [0.8677685950413223, 0.09917355371900827, 0.03305785123966942, 0.0], [0.839622641509434, 0.11320754716981132, 0.03773584905660377, 0.009433962264150943], [0.7752808988764045, 0.14606741573033707, 0.06741573033707865, 0.011235955056179775], [0.7785714285714286, 0.15, 0.06428571428571428, 0.007142857142857143], [0.7682119205298014, 0.15894039735099338, 0.059602649006622516, 0.013245033112582781], [0.859504132231405, 0.09090909090909091, 0.04132231404958678, 0.008264462809917356], [0.808695652173913, 0.12173913043478261, 0.06956521739130435, 0.0], [0.9090909090909091, 0.06060606060606061, 0.020202020202020204, 0.010101010101010102], [0.8369565217391305, 0.13043478260869565, 0.03260869565217391, 0.0], [0.631578947368421, 0.24561403508771928, 0.08771929824561403, 0.03508771929824561], [0.6548672566371682, 0.18584070796460178, 0.10619469026548672, 0.05309734513274336], [0.8114285714285714, 0.15428571428571428, 0.022857142857142857, 0.011428571428571429], [0.79, 0.13, 0.045, 0.035], [0.9047619047619048, 0.07142857142857142, 0.007936507936507936, 0.015873015873015872], [0.7720588235294118, 0.17647058823529413, 0.03676470588235294, 0.014705882352941176], [0.704, 0.152, 0.128, 0.016], [0.688, 0.208, 0.096, 0.008], [0.7459016393442623, 0.16393442622950818, 0.06557377049180328, 0.02459016393442623], [0.7416666666666667, 0.15, 0.075, 0.03333333333333333], [0.8362068965517241, 0.12931034482758622, 0.034482758620689655, 0.0], [0.8362068965517241, 0.12931034482758622, 0.034482758620689655, 0.0], [0.7833333333333333, 0.15, 0.06666666666666667, 0.0], [0.7833333333333333, 0.15, 0.06666666666666667, 0.0], [0.736, 0.144, 0.072, 0.048], [0.75, 0.11363636363636363, 0.09090909090909091, 0.045454545454545456], [0.8857142857142857, 0.08571428571428572, 0.01904761904761905, 0.009523809523809525], [0.8571428571428571, 0.10476190476190476, 0.02857142857142857, 0.009523809523809525], [0.7627118644067796, 0.1016949152542373, 0.09322033898305085, 0.0423728813559322], [0.7627118644067796, 0.1016949152542373, 0.09322033898305085, 0.0423728813559322], [0.84375, 0.11458333333333333, 0.041666666666666664, 0.0], [0.87, 0.1, 0.03, 0.0], [0.9302325581395349, 0.031007751937984496, 0.031007751937984496, 0.007751937984496124], [0.9302325581395349, 0.023255813953488372, 0.03875968992248062, 0.007751937984496124], [0.7899159663865546, 0.13445378151260504, 0.05042016806722689, 0.025210084033613446], [0.7758620689655172, 0.14655172413793102, 0.034482758620689655, 0.04310344827586207], [0.7117117117117117, 0.15315315315315314, 0.08108108108108109, 0.05405405405405406], [0.6974789915966386, 0.15126050420168066, 0.11764705882352941, 0.03361344537815126]]}, "acc_test": 0.51, "precision_test": 0.5061728395061729, "recall_test": 0.82, "f1_test": 0.6259541984732825, "auc_test": 0.6286}
{"name": "perturbation_10_z", "predictions": {"test": [0.9125117197353592, -0.005580212493993731, 0.19455619972438573, 1.0714521233349237, -0.15133170180972763, -0.19178955542536769, 0.6641823533121546, -0.8330640623722882, 1.6104017400619777, 0.9602702856512034, 0.23272800654882775, -0.4522332652744526, 1.0120703186062467, 1.3803183740120852, 0.012638434806222081, -0.09827364994097154, 0.494331422679316, 1.9969589834364099, 0.5392704114714358, 0.8275170538965114, 1.6982590407715454, 0.30374276255228294, 1.293740442475174, 1.3214656147182422, 0.8135535392036629, 0.5075734709458213, 1.7288383040876738, 0.8804862822393513, 0.7728132795970333, 0.9652709076934611, -0.3393810871343104, -0.8729953687053662, 0.9107276230678872, 0.7037681051351515, 1.2366355752883385, 0.48231580715590555, -0.04725929011691699, -0.2611383831754927, 1.6362894866591016, 0.8790315122421909, 0.7020508769976972, 0.7626583694382131, -0.32561209139716313, 0.9656798482342245, -0.3068507022110706, -0.6519178292506161, 1.0533195100314814, 0.7383105025705361, 0.6185991378335, 0.02368743373647441, 1.2244271007686056, 1.5394647266854882, 1.1869757497792242, 0.5579845992658642, 0.9533099707349711, 0.6155698010962832, 1.2290753842169932, 1.5569207081602698, 0.8973513832456698, -0.4840772987170932, 0.6618352073560546, 0.3189066143315639, 1.8405882528337962, 0.7509005537416584, 1.0319565390244996, 0.7028686963948294, 0.5108726120870507, -0.02528435690587084, 1.3807210953274027, 3.061527272573243, 1.3159137765936875, 0.5132146521046141, 0.5638799816867706, -0.12258319118870202, 1.3116243553690579, 1.8446600124501686, 1.2126370729348304, 0.9719474960492568, -0.5339180030089603, 0.7687673587955702, 0.2434554454864854, 0.750813771161652, 0.48742210076523784, -0.0032768711413785514, -0.38273147456773376, -0.15087934851816664, -0.1201001221830278, 0.447479673003582, 0.3512121248335504, 0.2811719261420955, -0.47974181634920043, -0.06395474541767528, 0.5668558116183641, 1.0624902137618446, 1.3111988745895635, 1.725343407658242, -0.3651988042327476, -0.05902696520091945, 0.1826461718972523, 0.11715858024193469]}, "info": {"pct_words_masked": 0.3, "span_length": 2, "n_perturbations": 10}, "general": {"acc_test": 0.54, "precision_test": 0.5303030303030303, "recall_test": 0.7, "f1_test": 0.603448275862069, "auc_test": 0.5568}}
{"name": "Retrained GPT-sentinel", "before": {"acc_test": 0.45, "precision_test": 0.47058823529411764, "recall_test": 0.8, "f1_test": 0.5925925925925927, "auc_test": 0.4626}, "acc_test": 0.49, "precision_test": 0.494949494949495, "recall_test": 0.98, "f1_test": 0.6577181208053691, "auc_test": 0.463}
{"name": "RetrainedHello-SimpleAI/chatgpt-detector-roberta", "predictions": {"test": [0.5168126225471497, 0.4393591582775116, 0.766657829284668, 0.7868180274963379, 0.75994473695755, 0.7888990640640259, 0.9566155672073364, 0.9951747059822083, 0.9992601275444031, 0.9934927821159363, 0.4916035532951355, 0.5225803852081299, 0.9992465972900391, 0.9992350339889526, 0.9992532134056091, 0.9992413520812988, 0.9992196559906006, 0.9992295503616333, 0.9992320537567139, 0.9992250204086304, 0.9992289543151855, 0.9914080500602722, 0.9992539286613464, 0.9978001713752747, 0.99921715259552, 0.9992235898971558, 0.9992764592170715, 0.9987003803253174, 0.5657853484153748, 0.769286572933197, 0.27182281017303467, 0.1535899043083191, 0.9992235898971558, 0.9972661733627319, 0.99925297498703, 0.9992151260375977, 0.9992387294769287, 0.9992105960845947, 0.9992457628250122, 0.9992102384567261, 0.9972527623176575, 0.7791745662689209, 0.9971979856491089, 0.9931475520133972, 0.3906193971633911, 0.7307994961738586, 0.9992508292198181, 0.999211311340332, 0.9992111921310425, 0.9975455403327942, 0.9992334842681885, 0.9984771609306335, 0.9992679953575134, 0.9992169141769409, 0.9992856383323669, 0.9992864727973938, 0.43178707361221313, 0.9944491386413574, 0.9992721676826477, 0.9992400407791138, 0.9992132186889648, 0.999235987663269, 0.9992709755897522, 0.9992457628250122, 0.9992838501930237, 0.9992701411247253, 0.10523931682109833, 0.3622380793094635, 0.9992480874061584, 0.9992105960845947, 0.9992455244064331, 0.9992601275444031, 0.5874059200286865, 0.6202571392059326, 0.984310507774353, 0.011854707263410091, 0.9992228746414185, 0.9943099021911621, 0.9565688967704773, 0.9804739952087402, 0.7892716526985168, 0.9464267492294312, 0.9992666840553284, 0.9992666840553284, 0.999262273311615, 0.999262273311615, 0.9905864596366882, 0.9885609745979309, 0.9992679953575134, 0.9992257356643677, 0.9992552399635315, 0.9992552399635315, 0.9992631077766418, 0.999235987663269, 0.9992207288742065, 0.9992204904556274, 0.9992477893829346, 0.9971253275871277, 0.2337934821844101, 0.13491179049015045]}, "logits": {"test": [-0.15818588435649872, -0.3002522885799408, 0.368169903755188, 0.42322421073913574, 0.3501913249492645, 0.42814528942108154, 1.474366307258606, 2.4226298332214355, 3.134688377380371, 2.2972664833068848, -0.20435401797294617, -0.147602379322052, 3.112276554107666, 3.112600564956665, 3.115809440612793, 3.109635591506958, 3.101274251937866, 3.108448028564453, 3.104593515396118, 3.1009151935577393, 3.1030819416046143, 2.1797235012054443, 3.1432089805603027, 2.7449984550476074, 3.096897602081299, 3.104112148284912, 3.126112937927246, 2.9523468017578125, -0.0675094798207283, 0.37487784028053284, -0.6364179849624634, -0.960965633392334, 3.1345314979553223, 2.657015562057495, 3.115509033203125, 3.0979394912719727, 3.108168840408325, 3.0944321155548096, 3.1118104457855225, 3.093592405319214, 2.655038595199585, 0.40226247906684875, 2.646986961364746, 2.275479316711426, -0.3916590213775635, 0.2764911353588104, 3.1145875453948975, 3.0941481590270996, 3.094835042953491, 2.7008044719696045, 3.105504274368286, 2.890984296798706, 3.122720718383789, 3.09675931930542, 3.1231069564819336, 3.125398874282837, -0.021997112780809402, 2.364051580429077, 3.12458872795105, 3.116431951522827, 3.0948550701141357, 3.1133697032928467, 3.124253749847412, 3.1119508743286133, 3.1275691986083984, 3.1237242221832275, -1.1550401449203491, -0.44654184579849243, 3.1129541397094727, 3.094329357147217, 3.1116154193878174, 3.1435446739196777, -0.02664388343691826, 0.037037674337625504, 1.9218239784240723, -2.1595804691314697, 3.1035454273223877, 2.3536717891693115, 1.4738878011703491, 1.826964020729065, 0.429617315530777, 1.3788574934005737, 3.1220345497131348, 3.1220345497131348, 3.137651205062866, 3.137651205062866, 2.1409006118774414, 2.057708740234375, 3.122479200363159, 3.101292610168457, 3.143397092819214, 3.143397092819214, 3.1392717361450195, 3.106714963912964, 3.1020565032958984, 3.1018459796905518, 3.1227469444274902, 2.6365349292755127, -0.7273313403129578, -1.0288535356521606]}, "acc_test": 0.49, "precision_test": 0.4943820224719101, "recall_test": 0.88, "f1_test": 0.6330935251798561, "auc_test": 0.6055999999999999, "preds": [0.5168126225471497, 0.766657829284668, 0.75994473695755, 0.9566155672073364, 0.9992601275444031, 0.4916035532951355, 0.9992465972900391, 0.9992532134056091, 0.9992196559906006, 0.9992320537567139, 0.9992289543151855, 0.9992539286613464, 0.99921715259552, 0.9992764592170715, 0.5657853484153748, 0.27182281017303467, 0.9992235898971558, 0.99925297498703, 0.9992387294769287, 0.9992457628250122, 0.9972527623176575, 0.9971979856491089, 0.3906193971633911, 0.9992508292198181, 0.9992111921310425, 0.9992334842681885, 0.9992679953575134, 0.9992856383323669, 0.43178707361221313, 0.9992721676826477, 0.9992132186889648, 0.9992709755897522, 0.9992838501930237, 0.10523931682109833, 0.9992480874061584, 0.9992455244064331, 0.5874059200286865, 0.984310507774353, 0.9992228746414185, 0.9565688967704773, 0.7892716526985168, 0.9992666840553284, 0.999262273311615, 0.9905864596366882, 0.9992679953575134, 0.9992552399635315, 0.9992631077766418, 0.9992207288742065, 0.9992477893829346, 0.2337934821844101]}
{"name": "Retraineddistilbert-base-uncased", "predictions": {"test": [0.9766691327095032, 0.9770704507827759, 0.9678233861923218, 0.9671016931533813, 0.9680095314979553, 0.970146119594574, 0.9762741327285767, 0.9757776260375977, 0.9666259288787842, 0.9695261716842651, 0.971373975276947, 0.9729222059249878, 0.9768478870391846, 0.9771726727485657, 0.9764587879180908, 0.9762720465660095, 0.9741023182868958, 0.9744259715080261, 0.975685715675354, 0.97573322057724, 0.9736000299453735, 0.9753064513206482, 0.9713080525398254, 0.9726911187171936, 0.9756661653518677, 0.9750876426696777, 0.9747189879417419, 0.9757673144340515, 0.9512518644332886, 0.9597654342651367, 0.9767395257949829, 0.9777671098709106, 0.9680537581443787, 0.9723365306854248, 0.976934015750885, 0.9759804010391235, 0.9723125696182251, 0.9742533564567566, 0.9660038948059082, 0.9717603921890259, 0.9767916798591614, 0.9771186113357544, 0.9567076563835144, 0.9594573974609375, 0.9765987396240234, 0.9763071537017822, 0.9750897288322449, 0.9751884341239929, 0.45952272415161133, 0.9673318266868591, 0.9671552777290344, 0.9701751470565796, 0.9773340821266174, 0.9776107668876648, 0.9780008792877197, 0.9776750206947327, 0.9720796346664429, 0.971860945224762, 0.9751434326171875, 0.9764153361320496, 0.9764521718025208, 0.9769085049629211, 0.9771038889884949, 0.9774560332298279, 0.9749699234962463, 0.9750977754592896, 0.9570352435112, 0.9683727025985718, 0.97578364610672, 0.9759845733642578, 0.9765177965164185, 0.976496160030365, 0.9369417428970337, 0.9462286233901978, 0.9662213325500488, 0.9681212306022644, 0.9756988286972046, 0.9761652946472168, 0.966910719871521, 0.9673411250114441, 0.9772447347640991, 0.9770236611366272, 0.9757005572319031, 0.9757005572319031, 0.9602238535881042, 0.9602238535881042, 0.9692856669425964, 0.9694707989692688, 0.976277768611908, 0.9752442240715027, 0.9776721596717834, 0.9776721596717834, 0.9762659072875977, 0.9759248495101929, 0.9750492572784424, 0.9749080538749695, 0.9774880409240723, 0.9776558876037598, 0.9742110371589661, 0.974492609500885]}, "logits": {"test": [1.730218768119812, 1.7359408140182495, 1.5683443546295166, 1.550244688987732, 1.5470064878463745, 1.5882601737976074, 1.6759849786758423, 1.6529861688613892, 1.5362218618392944, 1.5702344179153442, 1.5853147506713867, 1.6093547344207764, 1.7179077863693237, 1.7243542671203613, 1.7040907144546509, 1.7001889944076538, 1.700495719909668, 1.7019917964935303, 1.705531120300293, 1.7002921104431152, 1.649978756904602, 1.6768803596496582, 1.629408836364746, 1.6464543342590332, 1.7047624588012695, 1.6760919094085693, 1.6884366273880005, 1.6944984197616577, 1.3410606384277344, 1.444631576538086, 1.6919535398483276, 1.73287832736969, 1.5529096126556396, 1.6339136362075806, 1.7180522680282593, 1.6828994750976562, 1.5770598649978638, 1.6150802373886108, 1.5449082851409912, 1.6342272758483887, 1.6879560947418213, 1.6942278146743774, 1.387279748916626, 1.395163655281067, 1.7245426177978516, 1.713579773902893, 1.6919828653335571, 1.692479133605957, -0.24145019054412842, 1.515586256980896, 1.5662838220596313, 1.611830711364746, 1.7312957048416138, 1.7301934957504272, 1.7623809576034546, 1.7489123344421387, 1.6503976583480835, 1.6440455913543701, 1.686930537223816, 1.695209264755249, 1.714475393295288, 1.7095850706100464, 1.735602855682373, 1.7410260438919067, 1.700844645500183, 1.6967591047286987, 1.4270645380020142, 1.551226258277893, 1.6490765810012817, 1.6481093168258667, 1.693763017654419, 1.680387020111084, 1.1970508098602295, 1.2768176794052124, 1.5212032794952393, 1.5461390018463135, 1.672316312789917, 1.6765462160110474, 1.4973872900009155, 1.5018638372421265, 1.7270641326904297, 1.717952013015747, 1.662335753440857, 1.662335753440857, 1.4765104055404663, 1.4765104055404663, 1.5637447834014893, 1.5641872882843018, 1.6846603155136108, 1.6569970846176147, 1.740491509437561, 1.740491509437561, 1.671973466873169, 1.663164734840393, 1.6643970012664795, 1.6610188484191895, 1.69976806640625, 1.6855040788650513, 1.7010247707366943, 1.6992301940917969]}, "acc_test": 0.49, "precision_test": 0.494949494949495, "recall_test": 0.98, "f1_test": 0.6577181208053691, "auc_test": 0.4593999999999999, "preds": [0.9766691327095032, 0.9678233861923218, 0.9680095314979553, 0.9762741327285767, 0.9666259288787842, 0.971373975276947, 0.9768478870391846, 0.9764587879180908, 0.9741023182868958, 0.975685715675354, 0.9736000299453735, 0.9713080525398254, 0.9756661653518677, 0.9747189879417419, 0.9512518644332886, 0.9767395257949829, 0.9680537581443787, 0.976934015750885, 0.9723125696182251, 0.9660038948059082, 0.9767916798591614, 0.9567076563835144, 0.9765987396240234, 0.9750897288322449, 0.45952272415161133, 0.9671552777290344, 0.9773340821266174, 0.9780008792877197, 0.9720796346664429, 0.9751434326171875, 0.9764521718025208, 0.9771038889884949, 0.9749699234962463, 0.9570352435112, 0.97578364610672, 0.9765177965164185, 0.9369417428970337, 0.9662213325500488, 0.9756988286972046, 0.966910719871521, 0.9772447347640991, 0.9757005572319031, 0.9602238535881042, 0.9692856669425964, 0.976277768611908, 0.9776721596717834, 0.9762659072875977, 0.9750492572784424, 0.9774880409240723, 0.9742110371589661]}
{"name": "Retrained Radar", "before": {"acc_test": 0.5, "precision_test": 0.5, "recall_test": 0.8, "f1_test": 0.6153846153846154, "auc_test": 0.5314}, "acc_test": 0.49, "precision_test": 0.494949494949495, "recall_test": 0.98, "f1_test": 0.6577181208053691, "auc_test": 0.4582}
