{"name": "likelihood_threshold", "predictions": {"test": [-3.1010942459106445, -3.1639764308929443, -0.876023530960083, -0.9136336445808411, -3.7227816581726074, -3.70735502243042, -2.31231689453125, -2.31231689453125, -1.9918932914733887, -1.9918932914733887, -3.0984299182891846, -3.2434558868408203, -2.2531845569610596, -2.61366605758667, -2.438354253768921, -2.815650224685669, -2.4522876739501953, -2.577394485473633, -2.182967185974121, -2.2375948429107666, -1.9201587438583374, -2.225447416305542, -1.814741611480713, -1.7985012531280518, -2.39117431640625, -2.6676392555236816, -1.855143427848816, -2.1861066818237305, -2.914802312850952, -3.047609567642212, -3.315427303314209, -3.305086135864258, -2.1137187480926514, -2.2400002479553223, -2.6616179943084717, -3.1308040618896484, -1.4411365985870361, -1.6767841577529907, -1.8767300844192505, -1.9572633504867554, -2.7124128341674805, -2.8608579635620117, -3.496633768081665, -3.3760526180267334, -3.632734537124634, -3.5433716773986816, -1.505628228187561, -1.5917739868164062, -2.255605697631836, -2.8433749675750732, -1.5308269262313843, -2.0067062377929688, -1.6339218616485596, -1.8687344789505005, -2.142117977142334, -2.46814227104187, -2.637336254119873, -2.407257556915283, -1.7890777587890625, -2.582287073135376, -2.2566909790039062, -2.82993745803833, -1.8404045104980469, -2.1527698040008545, -2.5083229541778564, -3.1221585273742676, -2.4613914489746094, -2.661151170730591, -2.3539912700653076, -2.5763461589813232, -1.9126300811767578, -2.2537729740142822, -3.585561990737915, -3.7353129386901855, -2.0576395988464355, -1.8830537796020508, -2.3226945400238037, -2.8023929595947266, -3.2626311779022217, -3.2626311779022217, -2.922060251235962, -2.834228992462158, -2.5030083656311035, -2.4474050998687744, -2.6269290447235107, -2.6269290447235107, -3.361213207244873, -3.361213207244873, -1.9519016742706299, -2.2283918857574463, -3.1957061290740967, -3.1957061290740967, -2.310695171356201, -2.142876148223877, -1.502984642982483, -1.502984642982483, -2.689821720123291, -2.979694128036499, -3.379305124282837, -3.379305124282837]}, "acc_test": 0.51, "precision_test": 0.5060240963855421, "recall_test": 0.84, "f1_test": 0.631578947368421, "auc_test": 0.5792}
{"name": "rank_threshold", "predictions": {"test": [-137.30833435058594, -268.35833740234375, -81.07200622558594, -74.67200469970703, -442.5107421875, -441.6075134277344, -63.34074020385742, -63.34074020385742, -143.33334350585938, -143.33334350585938, -177.07937622070312, -120.73076629638672, -82.9136734008789, -84.9849624633789, -162.07070922851562, -175.77659606933594, -19.428571701049805, -18.91964340209961, -12.970588684082031, -12.550000190734863, -45.051612854003906, -54.029197692871094, -36.19047546386719, -36.666664123535156, -132.24346923828125, -162.65216064453125, -6.776397705078125, -10.473333358764648, -88.20635223388672, -113.51587677001953, -85.10400390625, -58.35384750366211, -25.632001876831055, -30.598358154296875, -33.75, -81.79000091552734, -59.50819396972656, -20.85714340209961, -11.395683288574219, -13.948147773742676, -86.42974853515625, -184.6271209716797, -158.51266479492188, -170.1012725830078, -174.05426025390625, -264.6842041015625, -3.238410711288452, -6.79054069519043, -273.6031799316406, -326.70269775390625, -9.655843734741211, -52.90070724487305, -13.744000434875488, -19.196720123291016, -40.49580001831055, -26.587154388427734, -36.832000732421875, -14.61156940460205, -10.527472496032715, -40.576473236083984, -12.959348678588867, -29.280990600585938, -7.3828125, -14.380165100097656, -31.254716873168945, -51.03370666503906, -82.3499984741211, -107.2582778930664, -25.59503936767578, -21.086956024169922, -25.303030014038086, -21.30434799194336, -171.377197265625, -225.0177001953125, -70.02857208251953, -161.25257873535156, -160.90476989746094, -195.15504455566406, -68.08000183105469, -68.08000183105469, -132.62294006347656, -88.04838562011719, -18.30172348022461, -16.439655303955078, -33.741668701171875, -33.741668701171875, -339.99200439453125, -339.99200439453125, -27.43809700012207, -60.990478515625, -135.0932159423828, -135.0932159423828, -23.166667938232422, -15.239999771118164, -75.50387573242188, -75.50387573242188, -109.65546417236328, -134.35577392578125, -155.7027130126953, -155.7027130126953]}, "acc_test": 0.54, "precision_test": 0.5238095238095238, "recall_test": 0.88, "f1_test": 0.6567164179104478, "auc_test": 0.5384}
{"name": "log_rank_threshold", "predictions": {"test": [-1.6477534770965576, -1.6829860210418701, -0.40340420603752136, -0.42458200454711914, -2.020272970199585, -2.02603816986084, -1.1419771909713745, -1.1419771909713745, -0.8912352919578552, -0.8912352919578552, -1.679117202758789, -1.7935644388198853, -0.9971421360969543, -1.2264567613601685, -1.1929383277893066, -1.4447790384292603, -1.1843894720077515, -1.2256847620010376, -0.9923322200775146, -1.0394763946533203, -0.8051332831382751, -0.9463222622871399, -0.8361642956733704, -0.8213474154472351, -1.1235138177871704, -1.360276699066162, -0.7574282288551331, -0.975999653339386, -1.4795160293579102, -1.6189217567443848, -1.75788414478302, -1.6899713277816772, -0.8924294710159302, -1.0513641834259033, -1.2906827926635742, -1.6241514682769775, -0.543388843536377, -0.6783071160316467, -0.845234215259552, -0.9267777800559998, -1.3358889818191528, -1.4669374227523804, -1.9957427978515625, -1.964296817779541, -1.962188720703125, -1.8623738288879395, -0.5298862457275391, -0.5712311267852783, -0.9363034963607788, -1.3813732862472534, -0.5631880164146423, -0.920296847820282, -0.7225778698921204, -0.8482556939125061, -0.9136475324630737, -1.1216460466384888, -1.193672776222229, -1.1334331035614014, -0.7049924731254578, -1.2112455368041992, -0.9832174777984619, -1.4280726909637451, -0.7231109738349915, -0.9153605103492737, -1.113293170928955, -1.527273416519165, -1.248937964439392, -1.328314185142517, -1.056881070137024, -1.2141484022140503, -0.7823763489723206, -1.0631639957427979, -1.9850260019302368, -2.074476718902588, -1.0165046453475952, -0.8689963221549988, -1.0479940176010132, -1.3922289609909058, -1.7913694381713867, -1.7913694381713867, -1.5027397871017456, -1.4076323509216309, -1.1214230060577393, -1.0706743001937866, -1.2402219772338867, -1.2402219772338867, -1.7413274049758911, -1.7413274049758911, -0.8334762454032898, -1.0388911962509155, -1.643681526184082, -1.643681526184082, -1.0551469326019287, -0.9362248182296753, -0.5829758644104004, -0.5829758644104004, -1.3012837171554565, -1.5422742366790771, -1.8361775875091553, -1.8361775875091553]}, "acc_test": 0.51, "precision_test": 0.5061728395061729, "recall_test": 0.82, "f1_test": 0.6259541984732825, "auc_test": 0.5912000000000001}
{"name": "entropy_threshold", "predictions": {"test": [3.0847246646881104, 3.143174409866333, 1.2726342678070068, 1.3238457441329956, 3.7266347408294678, 3.71985125541687, 2.9840104579925537, 2.9840104579925537, 2.8790805339813232, 2.8790805339813232, 3.335610866546631, 3.406606674194336, 3.2212419509887695, 3.251073122024536, 3.0949792861938477, 3.176007032394409, 2.707843542098999, 2.7614662647247314, 2.995497226715088, 3.0198333263397217, 2.923715114593506, 3.142624855041504, 2.45078706741333, 2.436150550842285, 3.2522099018096924, 3.17850399017334, 2.8254952430725098, 2.972437858581543, 3.168339729309082, 3.208827018737793, 3.387704849243164, 3.419430732727051, 3.088594913482666, 2.895744800567627, 3.2703967094421387, 3.424583673477173, 2.106257915496826, 2.1485137939453125, 2.5291860103607178, 2.549805164337158, 3.520603895187378, 3.51259446144104, 3.716883897781372, 3.64509654045105, 3.390637159347534, 3.4184420108795166, 2.4221861362457275, 2.5291900634765625, 3.120577335357666, 3.3275387287139893, 2.5064194202423096, 2.484405040740967, 2.180030584335327, 2.1954185962677, 2.907682180404663, 2.993842840194702, 3.5118727684020996, 3.3783366680145264, 2.937112331390381, 3.1081953048706055, 3.193931818008423, 3.2914834022521973, 2.9603896141052246, 3.031066656112671, 3.4082207679748535, 3.504082441329956, 2.9086132049560547, 2.960731267929077, 3.199099540710449, 3.1694231033325195, 2.825287103652954, 3.009783983230591, 3.720973014831543, 3.8584156036376953, 2.500544309616089, 2.5675222873687744, 3.0560519695281982, 3.1365931034088135, 3.5485665798187256, 3.5485665798187256, 3.394118547439575, 3.462455987930298, 3.277146339416504, 3.2149767875671387, 2.7710273265838623, 2.7710273265838623, 3.2837159633636475, 3.2837159633636475, 2.663940906524658, 2.6540002822875977, 3.5319406986236572, 3.5319406986236572, 3.126859426498413, 3.030712842941284, 2.2736337184906006, 2.2736337184906006, 3.2315480709075928, 3.259709358215332, 3.5610511302948, 3.5610511302948]}, "acc_test": 0.5, "precision_test": 0.5, "recall_test": 0.9, "f1_test": 0.6428571428571429, "auc_test": 0.5312}
{"name": "rank_GLTR_threshold", "predictions": {"test": [[0.7083333333333334, 0.14166666666666666, 0.10833333333333334, 0.041666666666666664], [0.7, 0.15, 0.10833333333333334, 0.041666666666666664], [0.936, 0.032, 0.016, 0.016], [0.928, 0.048, 0.008, 0.016], [0.6612903225806451, 0.1774193548387097, 0.11290322580645161, 0.04838709677419355], [0.6666666666666666, 0.1774193548387097, 0.10752688172043011, 0.04838709677419355], [0.8148148148148148, 0.11851851851851852, 0.05185185185185185, 0.014814814814814815], [0.8148148148148148, 0.11851851851851852, 0.05185185185185185, 0.014814814814814815], [0.8933333333333333, 0.08666666666666667, 0.006666666666666667, 0.013333333333333334], [0.8933333333333333, 0.08666666666666667, 0.006666666666666667, 0.013333333333333334], [0.7063492063492064, 0.18253968253968253, 0.07936507936507936, 0.031746031746031744], [0.7, 0.16153846153846155, 0.11538461538461539, 0.023076923076923078], [0.8633093525179856, 0.10071942446043165, 0.02158273381294964, 0.014388489208633094], [0.7894736842105263, 0.14285714285714285, 0.05263157894736842, 0.015037593984962405], [0.7777777777777778, 0.16161616161616163, 0.030303030303030304, 0.030303030303030304], [0.7446808510638298, 0.1595744680851064, 0.06382978723404255, 0.031914893617021274], [0.8214285714285714, 0.13392857142857142, 0.044642857142857144, 0.0], [0.7767857142857143, 0.17857142857142858, 0.044642857142857144, 0.0], [0.8333333333333334, 0.13725490196078433, 0.029411764705882353, 0.0], [0.83, 0.13, 0.04, 0.0], [0.8838709677419355, 0.10967741935483871, 0.0, 0.0064516129032258064], [0.8540145985401459, 0.13138686131386862, 0.0072992700729927005, 0.0072992700729927005], [0.8809523809523809, 0.08928571428571429, 0.023809523809523808, 0.005952380952380952], [0.8787878787878788, 0.09090909090909091, 0.024242424242424242, 0.006060606060606061], [0.8608695652173913, 0.09565217391304348, 0.017391304347826087, 0.02608695652173913], [0.8347826086956521, 0.06956521739130435, 0.06956521739130435, 0.02608695652173913], [0.8819875776397516, 0.11180124223602485, 0.006211180124223602, 0.0], [0.8066666666666666, 0.16666666666666666, 0.02666666666666667, 0.0], [0.746031746031746, 0.16666666666666666, 0.05555555555555555, 0.031746031746031744], [0.7222222222222222, 0.16666666666666666, 0.07936507936507936, 0.031746031746031744], [0.68, 0.224, 0.072, 0.024], [0.676923076923077, 0.2230769230769231, 0.09230769230769231, 0.007692307692307693], [0.896, 0.072, 0.024, 0.008], [0.8360655737704918, 0.11475409836065574, 0.040983606557377046, 0.00819672131147541], [0.76, 0.19, 0.04, 0.01], [0.71, 0.14, 0.13, 0.02], [0.9426229508196722, 0.02459016393442623, 0.02459016393442623, 0.00819672131147541], [0.907563025210084, 0.06722689075630252, 0.01680672268907563, 0.008403361344537815], [0.8561151079136691, 0.11510791366906475, 0.02877697841726619, 0.0], [0.8444444444444444, 0.1259259259259259, 0.02962962962962963, 0.0], [0.7851239669421488, 0.1487603305785124, 0.04132231404958678, 0.024793388429752067], [0.7542372881355932, 0.1694915254237288, 0.05084745762711865, 0.025423728813559324], [0.6645569620253164, 0.14556962025316456, 0.13924050632911392, 0.05063291139240506], [0.6582278481012658, 0.15822784810126583, 0.13924050632911392, 0.04430379746835443], [0.6666666666666666, 0.20930232558139536, 0.10852713178294573, 0.015503875968992248], [0.6766917293233082, 0.21804511278195488, 0.09774436090225563, 0.007518796992481203], [0.9337748344370861, 0.06622516556291391, 0.0, 0.0], [0.9256756756756757, 0.06756756756756757, 0.006756756756756757, 0.0], [0.873015873015873, 0.1111111111111111, 0.007936507936507936, 0.007936507936507936], [0.7567567567567568, 0.18018018018018017, 0.05405405405405406, 0.009009009009009009], [0.9285714285714286, 0.05194805194805195, 0.01948051948051948, 0.0], [0.851063829787234, 0.09219858156028368, 0.04964539007092199, 0.0070921985815602835], [0.92, 0.048, 0.032, 0.0], [0.8524590163934426, 0.11475409836065574, 0.02459016393442623, 0.00819672131147541], [0.8907563025210085, 0.06722689075630252, 0.025210084033613446, 0.01680672268907563], [0.8256880733944955, 0.11009174311926606, 0.06422018348623854, 0.0], [0.84, 0.104, 0.048, 0.008], [0.8099173553719008, 0.1652892561983471, 0.024793388429752067, 0.0], [0.9120879120879121, 0.06593406593406594, 0.02197802197802198, 0.0], [0.8235294117647058, 0.10588235294117647, 0.07058823529411765, 0.0], [0.8373983739837398, 0.13821138211382114, 0.024390243902439025, 0.0], [0.7603305785123967, 0.1652892561983471, 0.0743801652892562, 0.0], [0.8984375, 0.0859375, 0.015625, 0.0], [0.8677685950413223, 0.09917355371900827, 0.03305785123966942, 0.0], [0.839622641509434, 0.11320754716981132, 0.03773584905660377, 0.009433962264150943], [0.7752808988764045, 0.14606741573033707, 0.06741573033707865, 0.011235955056179775], [0.7785714285714286, 0.15, 0.06428571428571428, 0.007142857142857143], [0.7682119205298014, 0.15894039735099338, 0.059602649006622516, 0.013245033112582781], [0.859504132231405, 0.09090909090909091, 0.04132231404958678, 0.008264462809917356], [0.808695652173913, 0.12173913043478261, 0.06956521739130435, 0.0], [0.9090909090909091, 0.06060606060606061, 0.020202020202020204, 0.010101010101010102], [0.8369565217391305, 0.13043478260869565, 0.03260869565217391, 0.0], [0.631578947368421, 0.24561403508771928, 0.08771929824561403, 0.03508771929824561], [0.6548672566371682, 0.18584070796460178, 0.10619469026548672, 0.05309734513274336], [0.8114285714285714, 0.15428571428571428, 0.022857142857142857, 0.011428571428571429], [0.865979381443299, 0.10309278350515463, 0.020618556701030927, 0.010309278350515464], [0.9047619047619048, 0.07142857142857142, 0.007936507936507936, 0.015873015873015872], [0.7906976744186046, 0.15503875968992248, 0.031007751937984496, 0.023255813953488372], [0.704, 0.152, 0.128, 0.016], [0.704, 0.152, 0.128, 0.016], [0.7459016393442623, 0.16393442622950818, 0.06557377049180328, 0.02459016393442623], [0.7419354838709677, 0.1693548387096774, 0.06451612903225806, 0.024193548387096774], [0.8362068965517241, 0.12931034482758622, 0.034482758620689655, 0.0], [0.8275862068965517, 0.15517241379310345, 0.017241379310344827, 0.0], [0.7833333333333333, 0.15, 0.06666666666666667, 0.0], [0.7833333333333333, 0.15, 0.06666666666666667, 0.0], [0.736, 0.144, 0.072, 0.048], [0.736, 0.144, 0.072, 0.048], [0.8857142857142857, 0.08571428571428572, 0.01904761904761905, 0.009523809523809525], [0.8571428571428571, 0.10476190476190476, 0.02857142857142857, 0.009523809523809525], [0.7627118644067796, 0.1016949152542373, 0.09322033898305085, 0.0423728813559322], [0.7627118644067796, 0.1016949152542373, 0.09322033898305085, 0.0423728813559322], [0.84375, 0.11458333333333333, 0.041666666666666664, 0.0], [0.87, 0.1, 0.03, 0.0], [0.9302325581395349, 0.031007751937984496, 0.031007751937984496, 0.007751937984496124], [0.9302325581395349, 0.031007751937984496, 0.031007751937984496, 0.007751937984496124], [0.7899159663865546, 0.13445378151260504, 0.05042016806722689, 0.025210084033613446], [0.75, 0.14423076923076922, 0.08653846153846154, 0.019230769230769232], [0.7117117117117117, 0.15315315315315314, 0.08108108108108109, 0.05405405405405406], [0.7117117117117117, 0.15315315315315314, 0.08108108108108109, 0.05405405405405406]]}, "acc_test": 0.51, "precision_test": 0.5061728395061729, "recall_test": 0.82, "f1_test": 0.6259541984732825, "auc_test": 0.6108}
{"name": "perturbation_10_z", "predictions": {"test": [0.9125117197353592, 0.8829331737038161, 0.43045453026839703, 1.0457118356195074, -0.03365661410877591, -0.06888621150750046, 0.38819235893063714, 0.6756829330534059, 1.4434713722435888, 0.557641093667092, 0.09898763691859666, -0.09383746876888889, 1.4579433034583253, 0.3545330975037695, -0.2938194664164962, 0.16640424460906997, 1.3239856649291795, 1.258737706103947, 0.5262871099967418, 0.6083165140630103, 2.2861435894756847, 0.9607371855231536, 1.6374119701467984, 1.581734898755712, 1.4072179736137647, 0.32895392955463937, 1.2912614988051907, 1.7459954333454824, 0.7775687168264073, 1.2597998849862675, -0.32297370879158316, -0.27322815679512563, 1.9154127858634868, 1.1467551858661524, 2.302932784527076, 0.18642083041540994, 0.07162745060294483, -0.5149042384319624, 0.9663177251577494, 1.6280850423549442, 0.13889869385111134, 0.7160778814459525, 0.01034284962451098, 0.3173177674489317, 0.119106933220226, -0.9428421118721025, 0.9021074758093841, 1.2384599221741213, 0.4966675900755928, 0.11756136074520968, 1.2360321446443574, 1.1945072696085233, 1.7232249161305844, 0.7121665939039641, 0.5951311838216339, 1.0096733109477, 0.7339035129548972, 0.915717809318626, 0.9807725091696224, -0.10937391092974566, 0.8889595996740846, 0.03735115158760059, 0.8365026655808718, 1.7774575095665273, 0.801081266924842, 0.22827508979308692, 0.2954693928200872, -0.07742745794667051, 2.3593170928120917, 1.5492298314498603, 2.030177974438033, 1.3422438749478907, 0.22045149399603184, 0.37145615333752463, 2.0585549400116783, 1.787706330387103, 1.5632772772009815, 0.6698066113838709, -0.08062263095591768, -0.028193501161893446, 0.3751622745751171, 0.6028053597783298, -0.18339808616368192, 0.3578515762443044, 0.0999291405577579, -0.8604825799047043, -0.4670528079878931, 0.04562411011758, 0.9271248833205271, 0.36164938740345504, -0.029064446746166595, -0.4947015641866069, 0.6426745524457149, 0.7027132595166142, 1.9817301180243068, 1.564105236816875, 0.11779494079676053, 0.42908222101314275, 0.7101443154086013, 1.0395084236872751]}, "info": {"pct_words_masked": 0.3, "span_length": 2, "n_perturbations": 10}, "general": {"acc_test": 0.5, "precision_test": 0.5, "recall_test": 0.68, "f1_test": 0.576271186440678, "auc_test": 0.5644}}
{"name": "Retrained GPT-sentinel", "before": {"acc_test": 0.46, "precision_test": 0.47619047619047616, "recall_test": 0.8, "f1_test": 0.5970149253731344, "auc_test": 0.4508}, "acc_test": 0.49, "precision_test": 0.494949494949495, "recall_test": 0.98, "f1_test": 0.6577181208053691, "auc_test": 0.45400000000000007}
{"name": "RetrainedHello-SimpleAI/chatgpt-detector-roberta", "predictions": {"test": [0.5168126225471497, 0.40870967507362366, 0.766657829284668, 0.7868180274963379, 0.75994473695755, 0.7562159299850464, 0.9566155672073364, 0.9566155672073364, 0.9992601275444031, 0.9992601275444031, 0.4916035532951355, 0.4402729868888855, 0.9992465972900391, 0.9992110729217529, 0.9992532134056091, 0.9992295503616333, 0.9992196559906006, 0.9992154836654663, 0.9992320537567139, 0.9992300271987915, 0.9992289543151855, 0.9992176294326782, 0.9992539286613464, 0.9992609620094299, 0.99921715259552, 0.9992368221282959, 0.9992764592170715, 0.999270498752594, 0.5657853484153748, 0.35540953278541565, 0.27182281017303467, 0.328580766916275, 0.9992235898971558, 0.9991700649261475, 0.99925297498703, 0.999263346195221, 0.9992387294769287, 0.9992289543151855, 0.9992457628250122, 0.9992287158966064, 0.9972527623176575, 0.7850181460380554, 0.9971979856491089, 0.9955663084983826, 0.3906193971633911, 0.7307994961738586, 0.9992508292198181, 0.9992514252662659, 0.9992111921310425, 0.9977946281433105, 0.9992334842681885, 0.9964708089828491, 0.9992679953575134, 0.9992169141769409, 0.9992856383323669, 0.9992864727973938, 0.43178707361221313, 0.9586120843887329, 0.9992721676826477, 0.9992400407791138, 0.9992132186889648, 0.999235987663269, 0.9992709755897522, 0.9992457628250122, 0.9992838501930237, 0.9992701411247253, 0.10523931682109833, 0.3622380793094635, 0.9992480874061584, 0.9992105960845947, 0.9992455244064331, 0.9992601275444031, 0.5874059200286865, 0.6202571392059326, 0.984310507774353, 0.9979257583618164, 0.9992228746414185, 0.9924694895744324, 0.9565688967704773, 0.9565688967704773, 0.7892715930938721, 0.39379262924194336, 0.9992666840553284, 0.9992679953575134, 0.999262273311615, 0.999262273311615, 0.9905864596366882, 0.9905864596366882, 0.9992679953575134, 0.9992257356643677, 0.9992552399635315, 0.9992552399635315, 0.9992631077766418, 0.999235987663269, 0.9992207288742065, 0.9992207288742065, 0.9992477893829346, 0.9966875910758972, 0.2337934821844101, 0.2337934821844101]}, "logits": {"test": [-0.15818588435649872, -0.35738417506217957, 0.368169903755188, 0.42322421073913574, 0.3501913249492645, 0.3404821753501892, 1.474366307258606, 1.474366307258606, 3.134688377380371, 3.134688377380371, -0.20435401797294617, -0.2985772490501404, 3.112276554107666, 3.0938262939453125, 3.115809440612793, 3.1034581661224365, 3.101274251937866, 3.0981605052948, 3.104593515396118, 3.103513240814209, 3.1030819416046143, 3.0971150398254395, 3.1432089805603027, 3.1358203887939453, 3.096897602081299, 3.11397123336792, 3.126112937927246, 3.123795509338379, -0.0675094798207283, -0.4599963128566742, -0.6364179849624634, -0.514022707939148, 3.1345314979553223, 3.114626169204712, 3.115509033203125, 3.141652822494507, 3.108168840408325, 3.1030173301696777, 3.1118104457855225, 3.102889060974121, 2.655038595199585, 0.4175327718257904, 2.646986961364746, 2.4578962326049805, -0.3916590213775635, 0.2764911353588104, 3.1145875453948975, 3.1149373054504395, 3.094835042953491, 2.743992328643799, 3.105504274368286, 2.5523695945739746, 3.122720718383789, 3.09675931930542, 3.1231069564819336, 3.125398874282837, -0.021997112780809402, 1.495430827140808, 3.12458872795105, 3.116431951522827, 3.0948550701141357, 3.1133697032928467, 3.124253749847412, 3.1119508743286133, 3.1275691986083984, 3.1237242221832275, -1.1550401449203491, -0.44654184579849243, 3.1129541397094727, 3.094329357147217, 3.1116154193878174, 3.1435446739196777, -0.02664388343691826, 0.037037674337625504, 1.9218239784240723, 2.768608570098877, 3.1035454273223877, 2.235600471496582, 1.4738878011703491, 1.4738878011703491, 0.42961713671684265, -0.3856126070022583, 3.122034788131714, 3.1226630210876465, 3.137651205062866, 3.137651205062866, 2.1409010887145996, 2.1409010887145996, 3.1224794387817383, 3.101292848587036, 3.143397092819214, 3.143397092819214, 3.1392717361450195, 3.106714963912964, 3.1020565032958984, 3.1020565032958984, 3.1227469444274902, 2.578463077545166, -0.7273313403129578, -0.7273313403129578]}, "acc_test": 0.51, "precision_test": 0.5057471264367817, "recall_test": 0.88, "f1_test": 0.6423357664233577, "auc_test": 0.5618, "preds": [0.5168126225471497, 0.766657829284668, 0.75994473695755, 0.9566155672073364, 0.9992601275444031, 0.4916035532951355, 0.9992465972900391, 0.9992532134056091, 0.9992196559906006, 0.9992320537567139, 0.9992289543151855, 0.9992539286613464, 0.99921715259552, 0.9992764592170715, 0.5657853484153748, 0.27182281017303467, 0.9992235898971558, 0.99925297498703, 0.9992387294769287, 0.9992457628250122, 0.9972527623176575, 0.9971979856491089, 0.3906193971633911, 0.9992508292198181, 0.9992111921310425, 0.9992334842681885, 0.9992679953575134, 0.9992856383323669, 0.43178707361221313, 0.9992721676826477, 0.9992132186889648, 0.9992709755897522, 0.9992838501930237, 0.10523931682109833, 0.9992480874061584, 0.9992455244064331, 0.5874059200286865, 0.984310507774353, 0.9992228746414185, 0.9565688967704773, 0.7892715930938721, 0.9992666840553284, 0.999262273311615, 0.9905864596366882, 0.9992679953575134, 0.9992552399635315, 0.9992631077766418, 0.9992207288742065, 0.9992477893829346, 0.2337934821844101]}
{"name": "Retraineddistilbert-base-uncased", "predictions": {"test": [0.9766691327095032, 0.97679603099823, 0.9678233861923218, 0.9671016931533813, 0.9680095314979553, 0.9681992530822754, 0.9762741327285767, 0.9762741327285767, 0.9666259288787842, 0.9666259288787842, 0.971373975276947, 0.9728525876998901, 0.9768478870391846, 0.9773654937744141, 0.9764587879180908, 0.9761812090873718, 0.9741023182868958, 0.9742028117179871, 0.975685715675354, 0.9758471846580505, 0.9736000299453735, 0.9749758243560791, 0.9713080525398254, 0.9720112681388855, 0.9756661653518677, 0.9749765992164612, 0.9747189879417419, 0.9754152297973633, 0.9512518644332886, 0.9529529213905334, 0.9767395257949829, 0.9779248237609863, 0.9680537581443787, 0.9712885022163391, 0.976934015750885, 0.976360559463501, 0.9723125696182251, 0.9730519652366638, 0.9660038948059082, 0.9646588563919067, 0.9767916798591614, 0.9767137765884399, 0.9567076563835144, 0.9653271436691284, 0.9765987396240234, 0.9763071537017822, 0.9750897288322449, 0.975339949131012, 0.45952272415161133, 0.9681257009506226, 0.9671552777290344, 0.9698556065559387, 0.9773340821266174, 0.9776107668876648, 0.9780008792877197, 0.9776750206947327, 0.9720796346664429, 0.9711687564849854, 0.9751434326171875, 0.9764153361320496, 0.9764521718025208, 0.9769085049629211, 0.9771038889884949, 0.9774560332298279, 0.9749699234962463, 0.9750977754592896, 0.9570352435112, 0.9683727025985718, 0.97578364610672, 0.9759845733642578, 0.9765177965164185, 0.976496160030365, 0.9369417428970337, 0.9462286233901978, 0.9662213325500488, 0.9593024849891663, 0.9756988286972046, 0.9764408469200134, 0.966910719871521, 0.966910719871521, 0.9772447347640991, 0.9776947498321533, 0.9757006764411926, 0.9756006002426147, 0.9602238535881042, 0.9602238535881042, 0.9692856669425964, 0.9692856669425964, 0.976277768611908, 0.9752442240715027, 0.9776721596717834, 0.9776721596717834, 0.9762659072875977, 0.9759248495101929, 0.9750492572784424, 0.9750492572784424, 0.9774880409240723, 0.9778107404708862, 0.9742110371589661, 0.9742110371589661]}, "logits": {"test": [1.730218768119812, 1.734268069267273, 1.5683443546295166, 1.550244688987732, 1.5470064878463745, 1.5507798194885254, 1.6759849786758423, 1.6759849786758423, 1.5362218618392944, 1.5362218618392944, 1.5853147506713867, 1.6107234954833984, 1.7179077863693237, 1.7254887819290161, 1.7040907144546509, 1.7064456939697266, 1.700495719909668, 1.7022501230239868, 1.705531120300293, 1.704580307006836, 1.649978756904602, 1.6716890335083008, 1.629408836364746, 1.6397318840026855, 1.7047624588012695, 1.6731880903244019, 1.6884366273880005, 1.689148187637329, 1.3410606384277344, 1.3592286109924316, 1.6919535398483276, 1.7270795106887817, 1.5529096126556396, 1.609740972518921, 1.7180522680282593, 1.69468092918396, 1.5770598649978638, 1.583198070526123, 1.5449082851409912, 1.5373615026474, 1.6879560947418213, 1.688443899154663, 1.387279748916626, 1.4989503622055054, 1.7245426177978516, 1.713579773902893, 1.6919828653335571, 1.6965172290802002, -0.24145019054412842, 1.533186912536621, 1.5662838220596313, 1.6071593761444092, 1.7312957048416138, 1.7301934957504272, 1.7623809576034546, 1.7489123344421387, 1.6503976583480835, 1.6347662210464478, 1.686930537223816, 1.695209264755249, 1.714475393295288, 1.7095850706100464, 1.735602855682373, 1.7410260438919067, 1.700844645500183, 1.6967591047286987, 1.4270645380020142, 1.551226258277893, 1.6490765810012817, 1.6481093168258667, 1.693763017654419, 1.680387020111084, 1.1970508098602295, 1.2768176794052124, 1.5212032794952393, 1.4337414503097534, 1.672316312789917, 1.688405156135559, 1.4973872900009155, 1.4973872900009155, 1.7270640134811401, 1.7494622468948364, 1.6623358726501465, 1.6602575778961182, 1.4765104055404663, 1.4765104055404663, 1.5637445449829102, 1.5637445449829102, 1.684660792350769, 1.6569968461990356, 1.7404917478561401, 1.7404917478561401, 1.6719732284545898, 1.663164734840393, 1.66439688205719, 1.66439688205719, 1.69976806640625, 1.7116153240203857, 1.7010247707366943, 1.7010247707366943]}, "acc_test": 0.49, "precision_test": 0.494949494949495, "recall_test": 0.98, "f1_test": 0.6577181208053691, "auc_test": 0.4755999999999999, "preds": [0.9766691327095032, 0.9678233861923218, 0.9680095314979553, 0.9762741327285767, 0.9666259288787842, 0.971373975276947, 0.9768478870391846, 0.9764587879180908, 0.9741023182868958, 0.975685715675354, 0.9736000299453735, 0.9713080525398254, 0.9756661653518677, 0.9747189879417419, 0.9512518644332886, 0.9767395257949829, 0.9680537581443787, 0.976934015750885, 0.9723125696182251, 0.9660038948059082, 0.9767916798591614, 0.9567076563835144, 0.9765987396240234, 0.9750897288322449, 0.45952272415161133, 0.9671552777290344, 0.9773340821266174, 0.9780008792877197, 0.9720796346664429, 0.9751434326171875, 0.9764521718025208, 0.9771038889884949, 0.9749699234962463, 0.9570352435112, 0.97578364610672, 0.9765177965164185, 0.9369417428970337, 0.9662213325500488, 0.9756988286972046, 0.966910719871521, 0.9772447347640991, 0.9757006764411926, 0.9602238535881042, 0.9692856669425964, 0.976277768611908, 0.9776721596717834, 0.9762659072875977, 0.9750492572784424, 0.9774880409240723, 0.9742110371589661]}
{"name": "Retrained Radar", "before": {"acc_test": 0.51, "precision_test": 0.5063291139240507, "recall_test": 0.8, "f1_test": 0.6201550387596899, "auc_test": 0.5272}, "acc_test": 0.49, "precision_test": 0.494949494949495, "recall_test": 0.98, "f1_test": 0.6577181208053691, "auc_test": 0.4728}
