{"name": "likelihood_threshold", "predictions": {"test": [-3.4187581539154053, -3.197319507598877, -3.140984296798706, -3.1106767654418945, -2.883329153060913, -3.483752965927124, -2.706817865371704, -2.559431552886963, -3.104341745376587, -2.9220380783081055, -3.276317834854126, -3.627936363220215, -3.095501661300659, -3.0835392475128174, -2.9552109241485596, -2.7186949253082275, -3.2700419425964355, -3.143124580383301, -3.560218334197998, -3.1511900424957275, -2.958897113800049, -3.4227569103240967, -2.529741048812866, -2.7879393100738525, -2.97127366065979, -3.2498979568481445, -2.6812078952789307, -3.3101418018341064, -3.552232265472412, -3.249077558517456, -2.7744812965393066, -3.022451877593994, -3.553586959838867, -3.3524255752563477, -3.585747003555298, -3.685779333114624, -2.414945125579834, -2.7686758041381836, -3.1958062648773193, -4.1127190589904785, -2.8850975036621094, -3.3229737281799316, -3.170506000518799, -3.1848037242889404, -2.866090774536133, -2.851383924484253, -3.118399143218994, -3.340991497039795, -2.6735422611236572, -2.8097174167633057, -2.621767997741699, -3.100554943084717, -3.0945253372192383, -2.92744517326355, -2.660271406173706, -2.865732192993164, -3.346569061279297, -3.4191689491271973, -3.2109620571136475, -3.3712148666381836, -2.769505023956299, -2.7507050037384033, -3.356994152069092, -3.2380850315093994, -3.606987237930298, -3.81430721282959, -2.7961881160736084, -3.0289437770843506, -3.3766932487487793, -3.1127688884735107, -2.5321364402770996, -2.4685521125793457, -3.3076982498168945, -3.1748201847076416, -2.5241940021514893, -2.653822422027588, -3.8914284706115723, -3.721132755279541, -2.9971396923065186, -3.29359769821167, -3.6253302097320557, -3.064150333404541, -3.015834331512451, -3.155567169189453, -3.0676660537719727, -3.1256484985351562, -3.16865611076355, -3.324493885040283, -3.3450663089752197, -3.236172676086426, -3.0664477348327637, -3.0556509494781494, -2.9263455867767334, -2.9755966663360596, -2.782597780227661, -3.028151273727417, -3.7069172859191895, -3.8252036571502686, -3.23996901512146, -3.477696180343628]}, "acc_test": 0.54, "precision_test": 0.532258064516129, "recall_test": 0.66, "f1_test": 0.5892857142857142, "auc_test": 0.5688}
{"name": "rank_threshold", "predictions": {"test": [-159.61111450195312, -344.90740966796875, -69.28357696533203, -131.81118774414062, -51.586666107177734, -279.8344421386719, -72.29370880126953, -88.89115142822266, -140.41818237304688, -139.446533203125, -268.2608642578125, -382.59478759765625, -102.375, -128.6844940185547, -35.82758712768555, -143.3913116455078, -129.8709716796875, -126.49090576171875, -171.6992950439453, -245.87820434570312, -97.81065368652344, -303.8888854980469, -72.55484008789062, -123.97468566894531, -111.95782470703125, -215.74545288085938, -37.472049713134766, -342.2605895996094, -102.93792724609375, -151.30201721191406, -90.89677429199219, -84.07142639160156, -114.68987274169922, -54.80864334106445, -136.9620361328125, -185.1234588623047, -42.090396881103516, -59.90860366821289, -190.11514282226562, -353.5856628417969, -74.02325439453125, -338.190185546875, -130.66860961914062, -127.00609588623047, -95.8417739868164, -107.79267883300781, -85.57432556152344, -134.1241912841797, -27.8896541595459, -254.44586181640625, -75.54609680175781, -122.47333526611328, -104.70503997802734, -167.76087951660156, -29.955974578857422, -205.20730590820312, -134.5410919189453, -257.59375, -103.47674560546875, -187.7663116455078, -48.40764236450195, -39.546051025390625, -196.69281005859375, -89.87574005126953, -170.9226531982422, -306.87249755859375, -58.85293960571289, -164.5, -143.0, -89.24285888671875, -18.492753982543945, -148.44927978515625, -48.364341735839844, -100.55033874511719, -43.954837799072266, -139.7385711669922, -195.04519653320312, -261.664794921875, -229.21604919433594, -309.1190490722656, -96.44538116455078, -62.050724029541016, -87.04081726074219, -92.05594635009766, -134.00599670410156, -94.96470642089844, -244.56773376464844, -147.56082153320312, -158.26144409179688, -169.356689453125, -47.5797119140625, -61.53845977783203, -31.15231704711914, -71.43225860595703, -63.8982048034668, -121.60588836669922, -436.59869384765625, -575.9876098632812, -103.30177307128906, -205.77438354492188]}, "acc_test": 0.63, "precision_test": 0.5942028985507246, "recall_test": 0.82, "f1_test": 0.6890756302521008, "auc_test": 0.7096}
{"name": "log_rank_threshold", "predictions": {"test": [-1.907055139541626, -1.6615945100784302, -1.659651279449463, -1.620785117149353, -1.4623346328735352, -1.8776754140853882, -1.3117562532424927, -1.2129688262939453, -1.6602853536605835, -1.5587868690490723, -1.7755180597305298, -2.0641634464263916, -1.681999683380127, -1.660825490951538, -1.5080161094665527, -1.2980594635009766, -1.7833422422409058, -1.585797667503357, -1.9608930349349976, -1.6418120861053467, -1.5185476541519165, -1.8367359638214111, -1.2864606380462646, -1.3715580701828003, -1.5455119609832764, -1.7334626913070679, -1.3892662525177002, -1.7484071254730225, -1.879675030708313, -1.6818459033966064, -1.4836868047714233, -1.5107784271240234, -1.907159447669983, -1.754647970199585, -1.9635562896728516, -2.0148439407348633, -1.1764070987701416, -1.388899564743042, -1.7405420541763306, -2.307927370071411, -1.4729984998703003, -1.6993448734283447, -1.681936264038086, -1.6749334335327148, -1.4799284934997559, -1.4064280986785889, -1.7254984378814697, -1.726657509803772, -1.338295340538025, -1.4103633165359497, -1.3170424699783325, -1.636112093925476, -1.6502758264541626, -1.4486064910888672, -1.3444054126739502, -1.462693691253662, -1.8597767353057861, -1.8737419843673706, -1.6478806734085083, -1.8258317708969116, -1.359262466430664, -1.3430064916610718, -1.8717657327651978, -1.6887171268463135, -1.9933602809906006, -2.155956506729126, -1.357227087020874, -1.5106306076049805, -1.8323711156845093, -1.6423453092575073, -1.1690874099731445, -1.137257695198059, -1.8039687871932983, -1.665698528289795, -1.2551592588424683, -1.3393255472183228, -2.2770190238952637, -2.09210467338562, -1.5813870429992676, -1.7925723791122437, -2.002530574798584, -1.5216152667999268, -1.525415062904358, -1.6085350513458252, -1.5581592321395874, -1.6404814720153809, -1.6518603563308716, -1.7917579412460327, -1.7526522874832153, -1.7340331077575684, -1.5836881399154663, -1.5653327703475952, -1.4702975749969482, -1.5030066967010498, -1.4978854656219482, -1.6020511388778687, -2.0692336559295654, -2.2126431465148926, -1.7626721858978271, -1.8349379301071167]}, "acc_test": 0.51, "precision_test": 0.5087719298245614, "recall_test": 0.58, "f1_test": 0.5420560747663552, "auc_test": 0.5312}
{"name": "entropy_threshold", "predictions": {"test": [3.8865575790405273, 3.946267604827881, 3.1358540058135986, 3.2134385108947754, 3.0217716693878174, 3.528266668319702, 2.9711575508117676, 2.9968161582946777, 3.3917746543884277, 3.2061307430267334, 3.535442590713501, 3.791299819946289, 3.1566002368927, 3.2502710819244385, 3.234607219696045, 3.197566032409668, 3.3962621688842773, 3.421308994293213, 3.577737808227539, 3.4592230319976807, 3.1151976585388184, 3.3327584266662598, 2.5926551818847656, 2.802168130874634, 3.398961067199707, 3.696507453918457, 2.9413435459136963, 3.569157838821411, 3.5527617931365967, 3.4479165077209473, 3.0088798999786377, 3.3963258266448975, 3.69358229637146, 3.4852309226989746, 3.4645285606384277, 3.6460540294647217, 2.4444780349731445, 2.887233257293701, 3.361659049987793, 4.229419708251953, 2.9991817474365234, 3.4590277671813965, 3.3677942752838135, 3.5271694660186768, 3.082383632659912, 3.30265212059021, 3.1668577194213867, 3.3219499588012695, 2.9312338829040527, 3.178894281387329, 3.310328245162964, 3.523080348968506, 3.3500559329986572, 3.2134454250335693, 2.915266513824463, 3.1708760261535645, 3.4278018474578857, 3.6047165393829346, 3.4425690174102783, 3.4474222660064697, 3.0891571044921875, 3.2342169284820557, 3.583449363708496, 3.5126945972442627, 3.5757856369018555, 3.7993786334991455, 2.733785629272461, 2.912135601043701, 3.4109692573547363, 3.406130790710449, 2.9590721130371094, 2.7599544525146484, 3.1221625804901123, 3.293154239654541, 2.611050844192505, 2.7151429653167725, 3.755932569503784, 3.722368001937866, 3.2903597354888916, 3.5750014781951904, 3.501612663269043, 3.2250869274139404, 3.362381935119629, 3.6716833114624023, 3.066220760345459, 3.3182661533355713, 3.177292585372925, 3.5578505992889404, 3.400463581085205, 3.461763381958008, 3.306670904159546, 3.292348861694336, 3.2748184204101562, 3.2560622692108154, 3.033994674682617, 3.2721877098083496, 3.6602237224578857, 3.973037004470825, 3.431631565093994, 3.587005853652954]}, "acc_test": 0.56, "precision_test": 0.5384615384615384, "recall_test": 0.84, "f1_test": 0.6562499999999999, "auc_test": 0.6355999999999999}
{"name": "rank_GLTR_threshold", "predictions": {"test": [[0.6728395061728395, 0.17901234567901234, 0.08641975308641975, 0.06172839506172839], [0.7222222222222222, 0.14814814814814814, 0.08641975308641975, 0.043209876543209874], [0.7089552238805971, 0.208955223880597, 0.05970149253731343, 0.022388059701492536], [0.7622377622377622, 0.15384615384615385, 0.055944055944055944, 0.027972027972027972], [0.74, 0.17333333333333334, 0.07333333333333333, 0.013333333333333334], [0.695364238410596, 0.19205298013245034, 0.059602649006622516, 0.052980132450331126], [0.8181818181818182, 0.08391608391608392, 0.09090909090909091, 0.006993006993006993], [0.8435374149659864, 0.08843537414965986, 0.047619047619047616, 0.02040816326530612], [0.7212121212121212, 0.1393939393939394, 0.10909090909090909, 0.030303030303030304], [0.7672955974842768, 0.12578616352201258, 0.06289308176100629, 0.0440251572327044], [0.6956521739130435, 0.15527950310559005, 0.11180124223602485, 0.037267080745341616], [0.6666666666666666, 0.13725490196078433, 0.13725490196078433, 0.058823529411764705], [0.6847826086956522, 0.18478260869565216, 0.10869565217391304, 0.021739130434782608], [0.7058823529411765, 0.17647058823529413, 0.09090909090909091, 0.026737967914438502], [0.7586206896551724, 0.14655172413793102, 0.08620689655172414, 0.008620689655172414], [0.8115942028985508, 0.12318840579710146, 0.036231884057971016, 0.028985507246376812], [0.6967741935483871, 0.15483870967741936, 0.11612903225806452, 0.03225806451612903], [0.7515151515151515, 0.13333333333333333, 0.07878787878787878, 0.03636363636363636], [0.6643356643356644, 0.17482517482517482, 0.11888111888111888, 0.04195804195804196], [0.6987179487179487, 0.23076923076923078, 0.04487179487179487, 0.02564102564102564], [0.7337278106508875, 0.1834319526627219, 0.0650887573964497, 0.01775147928994083], [0.7, 0.18333333333333332, 0.05, 0.06666666666666667], [0.8, 0.11612903225806452, 0.06451612903225806, 0.01935483870967742], [0.7721518987341772, 0.13924050632911392, 0.06962025316455696, 0.0189873417721519], [0.7289156626506024, 0.16265060240963855, 0.09036144578313253, 0.018072289156626505], [0.7212121212121212, 0.15151515151515152, 0.09090909090909091, 0.03636363636363636], [0.7453416149068323, 0.17391304347826086, 0.08074534161490683, 0.0], [0.6909090909090909, 0.18787878787878787, 0.07878787878787878, 0.04242424242424243], [0.696551724137931, 0.16551724137931034, 0.09655172413793103, 0.041379310344827586], [0.738255033557047, 0.1476510067114094, 0.09395973154362416, 0.020134228187919462], [0.7354838709677419, 0.18064516129032257, 0.07096774193548387, 0.012903225806451613], [0.7272727272727273, 0.17532467532467533, 0.08441558441558442, 0.012987012987012988], [0.6582278481012658, 0.20253164556962025, 0.11392405063291139, 0.02531645569620253], [0.654320987654321, 0.2654320987654321, 0.07407407407407407, 0.006172839506172839], [0.6455696202531646, 0.21518987341772153, 0.0949367088607595, 0.04430379746835443], [0.6296296296296297, 0.24074074074074073, 0.09876543209876543, 0.030864197530864196], [0.7966101694915254, 0.12994350282485875, 0.06779661016949153, 0.005649717514124294], [0.7634408602150538, 0.15591397849462366, 0.06989247311827956, 0.010752688172043012], [0.6787878787878788, 0.18181818181818182, 0.10909090909090909, 0.030303030303030304], [0.6022099447513812, 0.2154696132596685, 0.13812154696132597, 0.04419889502762431], [0.7558139534883721, 0.1569767441860465, 0.06976744186046512, 0.01744186046511628], [0.7423312883435583, 0.15950920245398773, 0.06748466257668712, 0.03067484662576687], [0.7151162790697675, 0.1511627906976744, 0.09302325581395349, 0.040697674418604654], [0.7195121951219512, 0.15853658536585366, 0.0975609756097561, 0.024390243902439025], [0.7468354430379747, 0.17088607594936708, 0.056962025316455694, 0.02531645569620253], [0.7560975609756098, 0.15853658536585366, 0.06707317073170732, 0.018292682926829267], [0.6959459459459459, 0.16891891891891891, 0.11486486486486487, 0.02027027027027027], [0.6862745098039216, 0.19607843137254902, 0.08496732026143791, 0.032679738562091505], [0.7655172413793103, 0.13793103448275862, 0.09655172413793103, 0.0], [0.7770700636942676, 0.1337579617834395, 0.07643312101910828, 0.012738853503184714], [0.7943262411347518, 0.15602836879432624, 0.028368794326241134, 0.02127659574468085], [0.7533333333333333, 0.15333333333333332, 0.06, 0.03333333333333333], [0.7410071942446043, 0.12949640287769784, 0.1079136690647482, 0.02158273381294964], [0.782608695652174, 0.13768115942028986, 0.057971014492753624, 0.021739130434782608], [0.7610062893081762, 0.18238993710691823, 0.05660377358490566, 0.0], [0.7378048780487805, 0.1951219512195122, 0.036585365853658534, 0.03048780487804878], [0.7123287671232876, 0.14383561643835616, 0.10273972602739725, 0.0410958904109589], [0.7, 0.1625, 0.075, 0.0625], [0.686046511627907, 0.22674418604651161, 0.06395348837209303, 0.023255813953488372], [0.6413043478260869, 0.2391304347826087, 0.09239130434782608, 0.02717391304347826], [0.7898089171974523, 0.12738853503184713, 0.07006369426751592, 0.012738853503184714], [0.7828947368421053, 0.17105263157894737, 0.03289473684210526, 0.013157894736842105], [0.6993464052287581, 0.1568627450980392, 0.0784313725490196, 0.06535947712418301], [0.7337278106508875, 0.15976331360946747, 0.08284023668639054, 0.023668639053254437], [0.6298342541436464, 0.23756906077348067, 0.09944751381215469, 0.03314917127071823], [0.610738255033557, 0.2550335570469799, 0.0738255033557047, 0.06040268456375839], [0.7867647058823529, 0.15441176470588236, 0.04411764705882353, 0.014705882352941176], [0.7642857142857142, 0.15714285714285714, 0.05, 0.02857142857142857], [0.65, 0.21428571428571427, 0.12142857142857143, 0.014285714285714285], [0.7357142857142858, 0.15, 0.1, 0.014285714285714285], [0.8188405797101449, 0.13768115942028986, 0.043478260869565216, 0.0], [0.8260869565217391, 0.12318840579710146, 0.043478260869565216, 0.007246376811594203], [0.6744186046511628, 0.20930232558139536, 0.10852713178294573, 0.007751937984496124], [0.7114093959731543, 0.1610738255033557, 0.11409395973154363, 0.013422818791946308], [0.7741935483870968, 0.1870967741935484, 0.025806451612903226, 0.012903225806451613], [0.7777777777777778, 0.17647058823529413, 0.013071895424836602, 0.032679738562091505], [0.5875706214689266, 0.2033898305084746, 0.15254237288135594, 0.05649717514124294], [0.6368715083798883, 0.21787709497206703, 0.09497206703910614, 0.05027932960893855], [0.7530864197530864, 0.16049382716049382, 0.030864197530864196, 0.05555555555555555], [0.7321428571428571, 0.13095238095238096, 0.08928571428571429, 0.047619047619047616], [0.6050420168067226, 0.25210084033613445, 0.12605042016806722, 0.01680672268907563], [0.782608695652174, 0.13768115942028986, 0.06521739130434782, 0.014492753623188406], [0.7482993197278912, 0.16326530612244897, 0.07482993197278912, 0.013605442176870748], [0.7482517482517482, 0.17482517482517482, 0.04895104895104895, 0.027972027972027972], [0.7604790419161677, 0.1497005988023952, 0.07784431137724551, 0.011976047904191617], [0.7352941176470589, 0.18823529411764706, 0.058823529411764705, 0.01764705882352941], [0.6967741935483871, 0.23870967741935484, 0.03225806451612903, 0.03225806451612903], [0.6891891891891891, 0.20945945945945946, 0.06756756756756757, 0.033783783783783786], [0.673202614379085, 0.20261437908496732, 0.09803921568627451, 0.026143790849673203], [0.7261146496815286, 0.1337579617834395, 0.10828025477707007, 0.03184713375796178], [0.7463768115942029, 0.15942028985507245, 0.08695652173913043, 0.007246376811594203], [0.7412587412587412, 0.16783216783216784, 0.07692307692307693, 0.013986013986013986], [0.7218543046357616, 0.2251655629139073, 0.046357615894039736, 0.006622516556291391], [0.7161290322580646, 0.2, 0.07741935483870968, 0.0064516129032258064], [0.7425149700598802, 0.19760479041916168, 0.041916167664670656, 0.017964071856287425], [0.7470588235294118, 0.1411764705882353, 0.08235294117647059, 0.029411764705882353], [0.6776315789473685, 0.13815789473684212, 0.125, 0.05921052631578947], [0.6521739130434783, 0.14285714285714285, 0.12422360248447205, 0.08074534161490683], [0.6804733727810651, 0.21301775147928995, 0.07692307692307693, 0.029585798816568046], [0.7012195121951219, 0.21951219512195122, 0.036585365853658534, 0.042682926829268296]]}, "acc_test": 0.45, "precision_test": 0.45454545454545453, "recall_test": 0.5, "f1_test": 0.47619047619047616, "auc_test": 0.45239999999999997}
{"name": "perturbation_10_z", "predictions": {"test": [0.10954956424435965, 0.8058917866550367, 1.1435164524609287, 0.5992924952253916, 0.9961221895773902, 0.03550564399960488, 0.6746553978704558, 0.6676374856111588, 0.3973600839497404, 0.2986281297112486, 0.6753730409831167, 0.11311062363938447, 0.4141471494418875, 1.2464708956712833, 0.4825501169676052, 1.994404283118214, -0.12870733154397315, 0.05909391255013245, -1.0475519165474014, 0.2546311404909825, 0.9630324330341875, 0.7575654666923384, 0.03612333449966746, 0.23938717102453513, 0.8228221430706435, 1.4555714838478555, 0.965030665584898, 0.687173553548534, -0.18656502913461007, -0.040706976703236836, 0.035373775655875246, 0.12497840569045095, 0.07292659399220555, 0.6055469436953017, 0.07608892362138421, -0.04337921877057109, 0.6577465589592209, 0.6312470142175295, 0.42188702578060205, 0.137639085369925, 0.6320529884352226, -0.07138013187205623, 0.3341853354437906, 1.5512179202875747, 0.45356065258346157, 0.82890411317254, 0.11123913530127784, 0.08157968555557335, 0.5026746779909552, 1.2312380228046862, 1.0894157839297105, 0.2780647554046801, 1.0147206844733785, 1.700927354606632, 0.9067799323496016, 1.4230300089507981, 0.39675925522460387, 0.21247559941270808, 0.48994652285130763, 0.47931041872538965, 0.0719814877957031, -0.040530476205772964, 0.7046910523655626, 0.4614478529567173, -0.4079073237225868, 0.006209501427259922, 0.5590453314385468, 0.44557733184830334, 0.21861844248267495, 0.992821704075794, 0.47249989651885393, 0.7436978686190528, -0.9836372724675038, 0.0012560139063559038, -0.03490768396554791, 0.4690351522587742, 0.47458486642721265, 0.2202029103655764, 1.199620768231874, -0.1752195830020371, -0.06593931418479436, 0.49659172514183003, -0.4517130986247185, 0.4426337761948383, 0.3287861748450223, 0.46181384244965096, -0.03010432637385771, 0.862448249246879, -0.18525117675072117, -0.0002556110439114817, 0.19126852186705537, -0.13017969022901266, 0.5693874962729507, -0.35670586927498765, 0.8682582045735415, 0.3683866318167377, 0.029706365184476422, 0.6466761011473741, 1.7406805200868003, 0.5402169334599121]}, "info": {"pct_words_masked": 0.3, "span_length": 2, "n_perturbations": 10}, "general": {"acc_test": 0.52, "precision_test": 0.5172413793103449, "recall_test": 0.6, "f1_test": 0.5555555555555556, "auc_test": 0.4664}}
{"name": "Retrained GPT-sentinel", "before": {"acc_test": 0.7, "precision_test": 0.9545454545454546, "recall_test": 0.42, "f1_test": 0.5833333333333334, "auc_test": 0.7791999999999999}, "acc_test": 0.69, "precision_test": 0.8518518518518519, "recall_test": 0.46, "f1_test": 0.5974025974025975, "auc_test": 0.8360000000000001}
{"name": "RetrainedHello-SimpleAI/chatgpt-detector-roberta", "predictions": {"test": [0.38594701886177063, 0.9561800956726074, 0.7766372561454773, 0.9986675977706909, 0.22360336780548096, 0.02705751359462738, 0.7846327424049377, 0.744178295135498, 0.7819604873657227, 0.9755604267120361, 0.8890388607978821, 0.7409327030181885, 0.735916793346405, 0.9593908786773682, 0.7603418827056885, 0.7695510387420654, 0.2888616919517517, 0.9936683773994446, 0.9958525896072388, 0.9988346695899963, 0.9932791590690613, 0.5536524653434753, 0.9695327877998352, 0.7544016242027283, 0.783532977104187, 0.41572943329811096, 0.9983065128326416, 0.9961674809455872, 0.22490134835243225, 0.7545119524002075, 0.9925495386123657, 0.9991360306739807, 0.7807375192642212, 0.9959800243377686, 0.7481996417045593, 0.7744510769844055, 0.9660289287567139, 0.7045741677284241, 0.33319807052612305, 0.037964221090078354, 0.9648610353469849, 0.0008353879093192518, 0.6016947627067566, 0.7168483734130859, 0.21364933252334595, 0.725795328617096, 0.9990899562835693, 0.9963202476501465, 0.74123615026474, 0.7036570310592651, 0.7589942216873169, 0.20101116597652435, 0.7774402499198914, 0.9619753956794739, 0.9991501569747925, 0.9966480135917664, 0.7846339344978333, 0.2564820945262909, 0.7313907146453857, 0.46194568276405334, 0.795560359954834, 0.7591731548309326, 0.04163452237844467, 0.0952109694480896, 0.11362246423959732, 0.07819360494613647, 0.9956883788108826, 0.9883922934532166, 0.19294749200344086, 0.9824569821357727, 0.12609736621379852, 0.07519450038671494, 0.6488020420074463, 0.35864579677581787, 0.9936175346374512, 0.9874832630157471, 0.03478556498885155, 0.9733438491821289, 0.05023929476737976, 0.0017639751313254237, 0.07122796028852463, 0.9221273064613342, 0.996271014213562, 0.9958082437515259, 0.4938020408153534, 0.6543968319892883, 0.7990915179252625, 0.7449161410331726, 0.04737512767314911, 0.058294110000133514, 0.004188647028058767, 0.0018813718343153596, 0.4888955354690552, 0.9984337687492371, 0.9938774704933167, 0.9662214517593384, 0.017381437122821808, 0.058856673538684845, 0.4441998302936554, 0.3719519078731537]}, "logits": {"test": [-0.4005894660949707, 1.469861388206482, 0.39500853419303894, 2.942763566970825, -0.753364622592926, -1.79377281665802, 0.4171587824821472, 0.3097231686115265, 0.40950706601142883, 1.7288780212402344, 1.0358468294143677, 0.30176228284835815, 0.29239824414253235, 1.5040254592895508, 0.3511262536048889, 0.3756011724472046, -0.598270058631897, 2.308793783187866, 2.4856224060058594, 2.9937472343444824, 2.28364896774292, -0.09017881751060486, 1.6318823099136353, 0.33561915159225464, 0.413835734128952, -0.34421372413635254, 2.8492817878723145, 2.5183396339416504, -0.750001847743988, 0.33605360984802246, 2.240133285522461, 3.1014509201049805, 0.40630778670310974, 2.498568058013916, 0.31984448432922363, 0.3892342150211334, 1.5836597681045532, 0.49532443284988403, -0.5045809149742126, -1.639887809753418, 1.568589448928833, -3.256546974182129, 0.0007919066119939089, 0.24327467381954193, -0.7796012163162231, 0.2644837498664856, 3.083747625350952, 2.5351312160491943, 0.3024180829524994, 0.21269872784614563, 0.3476109206676483, -0.8142151832580566, 0.3972600996494293, 1.533298373222351, 3.1069188117980957, 2.573577404022217, 0.41701456904411316, -0.6720278859138489, 0.27807632088661194, -0.25866734981536865, 0.44687435030937195, 0.34807199239730835, -1.5974864959716797, -1.2047247886657715, -1.11658775806427, -1.3007861375808716, 2.4695043563842773, 2.0514395236968994, -0.8371402621269226, 1.8734872341156006, -1.0636553764343262, -1.3196420669555664, 0.09446108341217041, -0.45361167192459106, 2.3054122924804688, 2.0191152095794678, -1.6798651218414307, 1.6907809972763062, -1.5104451179504395, -2.9615797996520996, -1.3456441164016724, 1.2057385444641113, 2.5296530723571777, 2.481210708618164, -0.20033061504364014, 0.10599572211503983, 0.45627567172050476, 0.31172865629196167, -1.5377545356750488, -1.4407814741134644, -2.6052331924438477, -2.9355382919311523, 0.08289660513401031, 2.88000750541687, 2.322906494140625, 1.5861490964889526, -1.9914041757583618, -1.436259150505066, -0.29131340980529785, -0.42758262157440186]}, "acc_test": 0.47, "precision_test": 0.47692307692307695, "recall_test": 0.62, "f1_test": 0.5391304347826087, "auc_test": 0.47879999999999995, "preds": [0.38594701886177063, 0.7766372561454773, 0.22360336780548096, 0.7846327424049377, 0.7819604873657227, 0.8890388607978821, 0.735916793346405, 0.7603418827056885, 0.2888616919517517, 0.9958525896072388, 0.9932791590690613, 0.9695327877998352, 0.783532977104187, 0.9983065128326416, 0.22490134835243225, 0.9925495386123657, 0.7807375192642212, 0.7481996417045593, 0.9660289287567139, 0.33319807052612305, 0.9648610353469849, 0.6016947627067566, 0.21364933252334595, 0.9990899562835693, 0.74123615026474, 0.7589942216873169, 0.7774402499198914, 0.9991501569747925, 0.7846339344978333, 0.7313907146453857, 0.795560359954834, 0.04163452237844467, 0.11362246423959732, 0.9956883788108826, 0.19294749200344086, 0.12609736621379852, 0.6488020420074463, 0.9936175346374512, 0.03478556498885155, 0.05023929476737976, 0.07122796028852463, 0.996271014213562, 0.4938020408153534, 0.7990915179252625, 0.04737512767314911, 0.004188647028058767, 0.4888955354690552, 0.9938774704933167, 0.017381437122821808, 0.4441998302936554]}
{"name": "Retraineddistilbert-base-uncased", "predictions": {"test": [0.9597844481468201, 0.9489443302154541, 0.046565692871809006, 0.03236623480916023, 0.9423283338546753, 0.7854410409927368, 0.18212862312793732, 0.08625411987304688, 0.9548177719116211, 0.8228992819786072, 0.9522698521614075, 0.9488222599029541, 0.8267245888710022, 0.31338489055633545, 0.06941288709640503, 0.022665444761514664, 0.208957701921463, 0.033378273248672485, 0.9103704690933228, 0.048934053629636765, 0.9667800068855286, 0.955794095993042, 0.9666770696640015, 0.9522060751914978, 0.02509627304971218, 0.02363303303718567, 0.8398146629333496, 0.7260069251060486, 0.6391869783401489, 0.07018884271383286, 0.9683998823165894, 0.9225355982780457, 0.3036782741546631, 0.044991474598646164, 0.5165751576423645, 0.10414708405733109, 0.9662122130393982, 0.9326987862586975, 0.45779770612716675, 0.1177666187286377, 0.15288570523262024, 0.05119116231799126, 0.8056267499923706, 0.9054611921310425, 0.9415103793144226, 0.22733652591705322, 0.9551281929016113, 0.8027418255805969, 0.5973716974258423, 0.16646070778369904, 0.9177712202072144, 0.29628628492355347, 0.9576717615127563, 0.5250667929649353, 0.8978400826454163, 0.7196735143661499, 0.05623285099864006, 0.026596996933221817, 0.9712030291557312, 0.970849871635437, 0.11600427329540253, 0.037701115012168884, 0.8634716272354126, 0.032581526786088943, 0.9653172492980957, 0.9188185930252075, 0.12326078116893768, 0.11013635993003845, 0.8949790000915527, 0.5861335396766663, 0.855845034122467, 0.15424323081970215, 0.6943775415420532, 0.05116908624768257, 0.9737449288368225, 0.9604406952857971, 0.958827555179596, 0.5570855140686035, 0.08382126688957214, 0.07017011940479279, 0.9714112281799316, 0.14679120481014252, 0.8904748558998108, 0.661846399307251, 0.7702642679214478, 0.7478429079055786, 0.6548420786857605, 0.34807533025741577, 0.5690004229545593, 0.09811891615390778, 0.07401571422815323, 0.044861726462841034, 0.10508739948272705, 0.06745940446853638, 0.5589611530303955, 0.5822200775146484, 0.6699240207672119, 0.5667046308517456, 0.21733170747756958, 0.05624439939856529]}, "logits": {"test": [1.4687440395355225, 1.3327977657318115, -1.6769514083862305, -1.8642867803573608, 1.2753952741622925, 0.5262815952301025, -0.8789610862731934, -1.3159632682800293, 1.4172455072402954, 0.6865600943565369, 1.3801182508468628, 1.331180453300476, 0.5975813865661621, -0.6297188997268677, -1.4006409645080566, -2.0172042846679688, -0.7063367366790771, -1.8139647245407104, 1.0270016193389893, -1.6337567567825317, 1.592671513557434, 1.4642531871795654, 1.5535881519317627, 1.377173662185669, -1.9875106811523438, -2.02468204498291, 0.7943997979164124, 0.4429134726524353, 0.16468358039855957, -1.4523605108261108, 1.5899008512496948, 1.115343689918518, -0.5318319797515869, -1.6935421228408813, -0.11398054659366608, -1.2365126609802246, 1.5366252660751343, 1.1974142789840698, -0.16977564990520477, -1.14716637134552, -1.0027365684509277, -1.6194416284561157, 0.6000771522521973, 1.003708004951477, 1.2619329690933228, -0.7255640625953674, 1.3868414163589478, 0.5841186046600342, 0.08344575017690659, -0.9473415613174438, 1.120293378829956, -0.5510785579681396, 1.4928408861160278, -0.03563826158642769, 0.9549424052238464, 0.35948705673217773, -1.5750088691711426, -1.9834445714950562, 1.636215090751648, 1.6399959325790405, -1.1640161275863647, -1.7911632061004639, 0.7859107851982117, -1.8700698614120483, 1.5309345722198486, 1.0754245519638062, -1.094136118888855, -1.1759661436080933, 0.9416626691818237, 0.07235251367092133, 0.7372155785560608, -1.0089305639266968, 0.309364914894104, -1.6114777326583862, 1.665337324142456, 1.459159016609192, 1.4299771785736084, -0.02965831197798252, -1.3527995347976685, -1.447210669517517, 1.628758192062378, -0.997756838798523, 0.9450404047966003, 0.2337317019701004, 0.5434168577194214, 0.48470357060432434, 0.22925792634487152, -0.4263603985309601, -0.00858394242823124, -1.278006672859192, -1.4126824140548706, -1.6881859302520752, -1.1652330160140991, -1.4426137208938599, 0.06691786646842957, 0.10675308853387833, 0.30118560791015625, 0.08550383150577545, -0.7778666019439697, -1.5550017356872559]}, "acc_test": 0.63, "precision_test": 0.6140350877192983, "recall_test": 0.7, "f1_test": 0.6542056074766356, "auc_test": 0.6956, "preds": [0.9597844481468201, 0.046565692871809006, 0.9423283338546753, 0.18212862312793732, 0.9548177719116211, 0.9522698521614075, 0.8267245888710022, 0.06941288709640503, 0.208957701921463, 0.9103704690933228, 0.9667800068855286, 0.9666770696640015, 0.02509627304971218, 0.8398146629333496, 0.6391869783401489, 0.9683998823165894, 0.3036782741546631, 0.5165751576423645, 0.9662122130393982, 0.45779770612716675, 0.15288570523262024, 0.8056267499923706, 0.9415103793144226, 0.9551281929016113, 0.5973716974258423, 0.9177712202072144, 0.9576717615127563, 0.8978400826454163, 0.05623285099864006, 0.9712030291557312, 0.11600427329540253, 0.8634716272354126, 0.9653172492980957, 0.12326078116893768, 0.8949790000915527, 0.855845034122467, 0.6943775415420532, 0.9737449288368225, 0.958827555179596, 0.08382126688957214, 0.9714112281799316, 0.8904748558998108, 0.7702642679214478, 0.6548420786857605, 0.5690004229545593, 0.07401571422815323, 0.10508739948272705, 0.5589611530303955, 0.6699240207672119, 0.21733170747756958]}
{"name": "Retrained Radar", "before": {"acc_test": 0.44, "precision_test": 0.43478260869565216, "recall_test": 0.4, "f1_test": 0.41666666666666663, "auc_test": 0.4112}, "acc_test": 0.69, "precision_test": 0.7567567567567568, "recall_test": 0.56, "f1_test": 0.6436781609195402, "auc_test": 0.7656}
