{"name": "likelihood_threshold", "predictions": {"test": [-3.7375590801239014, -3.197319507598877, -3.6177451610565186, -3.1106767654418945, -3.180211067199707, -3.483752965927124, -2.929892063140869, -2.559431552886963, -3.2105116844177246, -2.9220380783081055, -3.7347378730773926, -3.627936363220215, -3.3274638652801514, -3.0835392475128174, -2.7448976039886475, -2.7186949253082275, -3.0039114952087402, -3.143124580383301, -3.2107489109039307, -3.1511900424957275, -3.3447937965393066, -3.4227569103240967, -2.7003750801086426, -2.7879393100738525, -3.094359874725342, -3.2498979568481445, -2.934906482696533, -3.3101418018341064, -3.443922758102417, -3.249077558517456, -2.7462682723999023, -3.022451877593994, -3.408198833465576, -3.3524255752563477, -3.347658634185791, -3.685779333114624, -2.6615355014801025, -2.7686758041381836, -3.1006019115448, -4.1127190589904785, -3.152865409851074, -3.3229737281799316, -3.446341037750244, -3.1848037242889404, -2.8390016555786133, -2.851383924484253, -3.3996570110321045, -3.340991497039795, -2.676248073577881, -2.8097174167633057, -3.085926055908203, -3.100554943084717, -3.0074398517608643, -2.92744517326355, -3.049240827560425, -2.865732192993164, -3.4468648433685303, -3.4191689491271973, -3.1544241905212402, -3.3712148666381836, -3.0948898792266846, -2.7507050037384033, -3.034019708633423, -3.2380850315093994, -3.3483941555023193, -3.81430721282959, -3.090190887451172, -3.0289437770843506, -3.2240614891052246, -3.1127688884735107, -2.6158838272094727, -2.4685521125793457, -3.2371721267700195, -3.1748201847076416, -2.8246772289276123, -2.653822422027588, -3.560460329055786, -3.721132755279541, -2.9515390396118164, -3.29359769821167, -3.3146064281463623, -3.064150333404541, -2.873366355895996, -3.155567169189453, -3.4134910106658936, -3.1256484985351562, -3.2894179821014404, -3.324493885040283, -3.3560287952423096, -3.236172676086426, -2.6789000034332275, -3.0556509494781494, -2.9502196311950684, -2.9755966663360596, -3.0406699180603027, -3.028151273727417, -3.515631675720215, -3.8252036571502686, -3.399864912033081, -3.477696180343628]}, "acc_test": 0.5, "precision_test": 0.5, "recall_test": 0.58, "f1_test": 0.537037037037037, "auc_test": 0.508}
{"name": "rank_threshold", "predictions": {"test": [-231.32778930664062, -344.90740966796875, -81.71929931640625, -131.81118774414062, -127.5666732788086, -279.8344421386719, -146.39474487304688, -88.89115142822266, -89.66666412353516, -139.446533203125, -188.31333923339844, -382.59478759765625, -135.94085693359375, -128.6844940185547, -32.05042266845703, -143.3913116455078, -61.26250076293945, -126.49090576171875, -46.39999771118164, -245.87820434570312, -106.45890045166016, -303.8888854980469, -79.77018737792969, -123.97468566894531, -96.95172119140625, -215.74545288085938, -33.917293548583984, -342.2605895996094, -53.36566925048828, -151.30201721191406, -39.953643798828125, -84.07142639160156, -83.51111602783203, -54.80864334106445, -76.49056243896484, -185.1234588623047, -91.20455169677734, -59.90860366821289, -114.5936050415039, -353.5856628417969, -94.79679107666016, -338.190185546875, -161.20834350585938, -127.00609588623047, -61.2011833190918, -107.79267883300781, -119.76505279541016, -134.1241912841797, -23.83333396911621, -254.44586181640625, -68.63975524902344, -122.47333526611328, -29.855173110961914, -167.76087951660156, -122.72831726074219, -205.20730590820312, -264.0714416503906, -257.59375, -89.48295593261719, -187.7663116455078, -95.72093200683594, -39.546051025390625, -82.09580993652344, -89.87574005126953, -65.75325012207031, -306.87249755859375, -130.0361328125, -164.5, -111.76582336425781, -89.24285888671875, -74.02542114257812, -148.44927978515625, -111.4723892211914, -100.55033874511719, -86.17609405517578, -139.7385711669922, -104.36453247070312, -261.664794921875, -50.51829147338867, -309.1190490722656, -69.5089340209961, -62.050724029541016, -40.312103271484375, -92.05594635009766, -162.43275451660156, -94.96470642089844, -97.06857299804688, -147.56082153320312, -122.75155639648438, -169.356689453125, -61.540374755859375, -61.53845977783203, -54.21875, -71.43225860595703, -84.44720458984375, -121.60588836669922, -269.8036804199219, -575.9876098632812, -63.71519088745117, -205.77438354492188]}, "acc_test": 0.68, "precision_test": 0.6216216216216216, "recall_test": 0.92, "f1_test": 0.7419354838709677, "auc_test": 0.7736}
{"name": "log_rank_threshold", "predictions": {"test": [-2.0851798057556152, -1.6615945100784302, -1.9521756172180176, -1.620785117149353, -1.7123881578445435, -1.8776754140853882, -1.5075879096984863, -1.2129688262939453, -1.6951130628585815, -1.5587868690490723, -2.208148241043091, -2.0641634464263916, -1.7787182331085205, -1.660825490951538, -1.420660376548767, -1.2980594635009766, -1.560211420059204, -1.585797667503357, -1.7575386762619019, -1.6418120861053467, -1.8685603141784668, -1.8367359638214111, -1.4087070226669312, -1.3715580701828003, -1.6497554779052734, -1.7334626913070679, -1.5235086679458618, -1.7484071254730225, -1.9060349464416504, -1.6818459033966064, -1.42368483543396, -1.5107784271240234, -1.828304648399353, -1.754647970199585, -1.874150037765503, -2.0148439407348633, -1.3517645597457886, -1.388899564743042, -1.6717172861099243, -2.307927370071411, -1.702779769897461, -1.6993448734283447, -1.9868556261062622, -1.6749334335327148, -1.4599387645721436, -1.4064280986785889, -1.9365215301513672, -1.726657509803772, -1.3477802276611328, -1.4103633165359497, -1.6140707731246948, -1.636112093925476, -1.517203688621521, -1.4486064910888672, -1.633971095085144, -1.462693691253662, -1.9345817565917969, -1.8737419843673706, -1.6719331741333008, -1.8258317708969116, -1.6005115509033203, -1.3430064916610718, -1.5851185321807861, -1.6887171268463135, -1.8202296495437622, -2.155956506729126, -1.5002855062484741, -1.5106306076049805, -1.7529984712600708, -1.6423453092575073, -1.2863144874572754, -1.137257695198059, -1.686296820640564, -1.665698528289795, -1.4760912656784058, -1.3393255472183228, -2.0300991535186768, -2.09210467338562, -1.5677556991577148, -1.7925723791122437, -1.8356796503067017, -1.5216152667999268, -1.4798192977905273, -1.6085350513458252, -1.821924090385437, -1.6404814720153809, -1.7321791648864746, -1.7917579412460327, -1.8247419595718384, -1.7340331077575684, -1.3484050035476685, -1.5653327703475952, -1.5041933059692383, -1.5030066967010498, -1.6202478408813477, -1.6020511388778687, -1.9016698598861694, -2.2126431465148926, -1.8597412109375, -1.8349379301071167]}, "acc_test": 0.47, "precision_test": 0.4716981132075472, "recall_test": 0.5, "f1_test": 0.4854368932038835, "auc_test": 0.462}
{"name": "entropy_threshold", "predictions": {"test": [3.8429477214813232, 3.946267604827881, 3.5431530475616455, 3.2134385108947754, 3.0246028900146484, 3.528266668319702, 3.228750228881836, 2.9968161582946777, 3.458876609802246, 3.2061307430267334, 3.767665386199951, 3.791299819946289, 3.3608667850494385, 3.2502710819244385, 3.055298328399658, 3.197566032409668, 3.2733101844787598, 3.421308994293213, 3.398106098175049, 3.4592230319976807, 3.351184844970703, 3.3327584266662598, 2.819838285446167, 2.802168130874634, 3.4855847358703613, 3.696507453918457, 3.1469075679779053, 3.569157838821411, 3.587538957595825, 3.4479165077209473, 3.05812668800354, 3.3963258266448975, 3.5673916339874268, 3.4852309226989746, 3.5856902599334717, 3.6460540294647217, 2.4788742065429688, 2.887233257293701, 3.41207218170166, 4.229419708251953, 3.161883592605591, 3.4590277671813965, 3.624173164367676, 3.5271694660186768, 3.0691518783569336, 3.30265212059021, 3.3308887481689453, 3.3219499588012695, 2.9472036361694336, 3.178894281387329, 3.3804731369018555, 3.523080348968506, 3.311567544937134, 3.2134454250335693, 3.039377212524414, 3.1708760261535645, 3.4754693508148193, 3.6047165393829346, 3.5022664070129395, 3.4474222660064697, 2.96686053276062, 3.2342169284820557, 3.157557725906372, 3.5126945972442627, 3.3979294300079346, 3.7993786334991455, 2.9080166816711426, 2.912135601043701, 3.332270860671997, 3.406130790710449, 2.919785261154175, 2.7599544525146484, 3.092348098754883, 3.293154239654541, 2.7805511951446533, 2.7151429653167725, 3.6199264526367188, 3.722368001937866, 3.281614303588867, 3.5750014781951904, 3.540431499481201, 3.2250869274139404, 3.2071993350982666, 3.6716833114624023, 3.170212507247925, 3.3182661533355713, 3.3938252925872803, 3.5578505992889404, 3.407259225845337, 3.461763381958008, 3.0953543186187744, 3.292348861694336, 3.422508955001831, 3.2560622692108154, 3.3295063972473145, 3.2721877098083496, 3.521292209625244, 3.973037004470825, 3.7054312229156494, 3.587005853652954]}, "acc_test": 0.56, "precision_test": 0.5384615384615384, "recall_test": 0.84, "f1_test": 0.6562499999999999, "auc_test": 0.5955999999999999}
{"name": "rank_GLTR_threshold", "predictions": {"test": [[0.6277777777777778, 0.20555555555555555, 0.12222222222222222, 0.044444444444444446], [0.7222222222222222, 0.14814814814814814, 0.08641975308641975, 0.043209876543209874], [0.6754385964912281, 0.19298245614035087, 0.12280701754385964, 0.008771929824561403], [0.7622377622377622, 0.15384615384615385, 0.055944055944055944, 0.027972027972027972], [0.6733333333333333, 0.24666666666666667, 0.05333333333333334, 0.02666666666666667], [0.695364238410596, 0.19205298013245034, 0.059602649006622516, 0.052980132450331126], [0.75, 0.14473684210526316, 0.07236842105263158, 0.03289473684210526], [0.8435374149659864, 0.08843537414965986, 0.047619047619047616, 0.02040816326530612], [0.7090909090909091, 0.2, 0.06666666666666667, 0.024242424242424242], [0.7672955974842768, 0.12578616352201258, 0.06289308176100629, 0.0440251572327044], [0.5733333333333334, 0.21333333333333335, 0.14666666666666667, 0.06666666666666667], [0.6666666666666666, 0.13725490196078433, 0.13725490196078433, 0.058823529411764705], [0.6774193548387096, 0.21505376344086022, 0.07526881720430108, 0.03225806451612903], [0.7058823529411765, 0.17647058823529413, 0.09090909090909091, 0.026737967914438502], [0.7310924369747899, 0.20168067226890757, 0.058823529411764705, 0.008403361344537815], [0.8115942028985508, 0.12318840579710146, 0.036231884057971016, 0.028985507246376812], [0.75625, 0.125, 0.10625, 0.0125], [0.7515151515151515, 0.13333333333333333, 0.07878787878787878, 0.03636363636363636], [0.6814814814814815, 0.1925925925925926, 0.11851851851851852, 0.007407407407407408], [0.6987179487179487, 0.23076923076923078, 0.04487179487179487, 0.02564102564102564], [0.6643835616438356, 0.1643835616438356, 0.14383561643835616, 0.0273972602739726], [0.7, 0.18333333333333332, 0.05, 0.06666666666666667], [0.7577639751552795, 0.17391304347826086, 0.049689440993788817, 0.018633540372670808], [0.7721518987341772, 0.13924050632911392, 0.06962025316455696, 0.0189873417721519], [0.6896551724137931, 0.21379310344827587, 0.08275862068965517, 0.013793103448275862], [0.7212121212121212, 0.15151515151515152, 0.09090909090909091, 0.03636363636363636], [0.7142857142857143, 0.21052631578947367, 0.07518796992481203, 0.0], [0.6909090909090909, 0.18787878787878787, 0.07878787878787878, 0.04242424242424243], [0.6268656716417911, 0.2537313432835821, 0.1044776119402985, 0.014925373134328358], [0.738255033557047, 0.1476510067114094, 0.09395973154362416, 0.020134228187919462], [0.7417218543046358, 0.18543046357615894, 0.06622516556291391, 0.006622516556291391], [0.7272727272727273, 0.17532467532467533, 0.08441558441558442, 0.012987012987012988], [0.6611111111111111, 0.2388888888888889, 0.07777777777777778, 0.022222222222222223], [0.654320987654321, 0.2654320987654321, 0.07407407407407407, 0.006172839506172839], [0.6792452830188679, 0.16352201257861634, 0.14465408805031446, 0.012578616352201259], [0.6296296296296297, 0.24074074074074073, 0.09876543209876543, 0.030864197530864196], [0.7784090909090909, 0.11931818181818182, 0.06818181818181818, 0.03409090909090909], [0.7634408602150538, 0.15591397849462366, 0.06989247311827956, 0.010752688172043012], [0.6940639269406392, 0.1872146118721461, 0.1004566210045662, 0.0182648401826484], [0.6022099447513812, 0.2154696132596685, 0.13812154696132597, 0.04419889502762431], [0.7058823529411765, 0.17647058823529413, 0.09090909090909091, 0.026737967914438502], [0.7423312883435583, 0.15950920245398773, 0.06748466257668712, 0.03067484662576687], [0.6547619047619048, 0.18452380952380953, 0.1130952380952381, 0.047619047619047616], [0.7195121951219512, 0.15853658536585366, 0.0975609756097561, 0.024390243902439025], [0.7337278106508875, 0.1834319526627219, 0.07100591715976332, 0.011834319526627219], [0.7560975609756098, 0.15853658536585366, 0.06707317073170732, 0.018292682926829267], [0.6566265060240963, 0.19879518072289157, 0.10843373493975904, 0.03614457831325301], [0.6862745098039216, 0.19607843137254902, 0.08496732026143791, 0.032679738562091505], [0.753968253968254, 0.18253968253968253, 0.06349206349206349, 0.0], [0.7770700636942676, 0.1337579617834395, 0.07643312101910828, 0.012738853503184714], [0.7267080745341615, 0.15527950310559005, 0.09937888198757763, 0.018633540372670808], [0.7533333333333333, 0.15333333333333332, 0.06, 0.03333333333333333], [0.7241379310344828, 0.19310344827586207, 0.08275862068965517, 0.0], [0.782608695652174, 0.13768115942028986, 0.057971014492753624, 0.021739130434782608], [0.7398843930635838, 0.14450867052023122, 0.09248554913294797, 0.023121387283236993], [0.7378048780487805, 0.1951219512195122, 0.036585365853658534, 0.03048780487804878], [0.6818181818181818, 0.18831168831168832, 0.07142857142857142, 0.05844155844155844], [0.7, 0.1625, 0.075, 0.0625], [0.7045454545454546, 0.1875, 0.08522727272727272, 0.022727272727272728], [0.6413043478260869, 0.2391304347826087, 0.09239130434782608, 0.02717391304347826], [0.7325581395348837, 0.1511627906976744, 0.08139534883720931, 0.03488372093023256], [0.7828947368421053, 0.17105263157894737, 0.03289473684210526, 0.013157894736842105], [0.7125748502994012, 0.16167664670658682, 0.11377245508982035, 0.011976047904191617], [0.7337278106508875, 0.15976331360946747, 0.08284023668639054, 0.023668639053254437], [0.6623376623376623, 0.24025974025974026, 0.07792207792207792, 0.01948051948051948], [0.610738255033557, 0.2550335570469799, 0.0738255033557047, 0.06040268456375839], [0.7289156626506024, 0.21686746987951808, 0.030120481927710843, 0.024096385542168676], [0.7642857142857142, 0.15714285714285714, 0.05, 0.02857142857142857], [0.7025316455696202, 0.18354430379746836, 0.08227848101265822, 0.03164556962025317], [0.7357142857142858, 0.15, 0.1, 0.014285714285714285], [0.7711864406779662, 0.1694915254237288, 0.0423728813559322, 0.01694915254237288], [0.8260869565217391, 0.12318840579710146, 0.043478260869565216, 0.007246376811594203], [0.7116564417177914, 0.17791411042944785, 0.09815950920245399, 0.012269938650306749], [0.7114093959731543, 0.1610738255033557, 0.11409395973154363, 0.013422818791946308], [0.7295597484276729, 0.1949685534591195, 0.050314465408805034, 0.025157232704402517], [0.7777777777777778, 0.17647058823529413, 0.013071895424836602, 0.032679738562091505], [0.6206896551724138, 0.21674876847290642, 0.1477832512315271, 0.014778325123152709], [0.6368715083798883, 0.21787709497206703, 0.09497206703910614, 0.05027932960893855], [0.7195121951219512, 0.2073170731707317, 0.054878048780487805, 0.018292682926829267], [0.7321428571428571, 0.13095238095238096, 0.08928571428571429, 0.047619047619047616], [0.6339285714285714, 0.25, 0.10714285714285714, 0.008928571428571428], [0.782608695652174, 0.13768115942028986, 0.06521739130434782, 0.014492753623188406], [0.732484076433121, 0.19745222929936307, 0.05732484076433121, 0.012738853503184714], [0.7482517482517482, 0.17482517482517482, 0.04895104895104895, 0.027972027972027972], [0.7017543859649122, 0.17543859649122806, 0.08187134502923976, 0.04093567251461988], [0.7352941176470589, 0.18823529411764706, 0.058823529411764705, 0.01764705882352941], [0.7028571428571428, 0.18285714285714286, 0.09142857142857143, 0.022857142857142857], [0.6891891891891891, 0.20945945945945946, 0.06756756756756757, 0.033783783783783786], [0.6708074534161491, 0.2236024844720497, 0.08074534161490683, 0.024844720496894408], [0.7261146496815286, 0.1337579617834395, 0.10828025477707007, 0.03184713375796178], [0.7763975155279503, 0.14285714285714285, 0.062111801242236024, 0.018633540372670808], [0.7412587412587412, 0.16783216783216784, 0.07692307692307693, 0.013986013986013986], [0.71875, 0.2, 0.06875, 0.0125], [0.7161290322580646, 0.2, 0.07741935483870968, 0.0064516129032258064], [0.7204968944099379, 0.17391304347826086, 0.08074534161490683, 0.024844720496894408], [0.7470588235294118, 0.1411764705882353, 0.08235294117647059, 0.029411764705882353], [0.6932515337423313, 0.147239263803681, 0.1165644171779141, 0.04294478527607362], [0.6521739130434783, 0.14285714285714285, 0.12422360248447205, 0.08074534161490683], [0.6455696202531646, 0.22784810126582278, 0.11392405063291139, 0.012658227848101266], [0.7012195121951219, 0.21951219512195122, 0.036585365853658534, 0.042682926829268296]]}, "acc_test": 0.34, "precision_test": 0.3181818181818182, "recall_test": 0.28, "f1_test": 0.29787234042553196, "auc_test": 0.32780000000000004}
{"name": "perturbation_10_z", "predictions": {"test": [0.7027192667031414, 0.7038407819009421, -0.22045717535135223, 1.1702576454903166, 0.5011995724321189, 0.2813457630880767, 1.7618710446867447, 1.172918960226638, 0.05969637201527029, 0.002849175171671069, -0.01112193454539005, 0.40789804414592795, 0.5497343192027508, 0.5706056086961037, 0.0021072297660689214, 1.3326276629995477, 1.331107364488277, 0.11226194218708063, 0.24230379630933133, 0.3158590933833365, 0.5066290053367613, 1.3480956459682694, 1.5368963754510345, 1.523961749551538, 0.258558470756176, 0.2774645749484668, 1.9429939467916897, 0.20490311051159316, 0.36886569026157634, -0.9158408720038596, 0.27041275926269065, 0.11077508461149606, 0.5548876911700625, 0.08458351739275406, 1.2110515753938045, 0.5258090061881121, 0.19248035461400254, 0.8378379263284895, 0.32113830324444403, -0.022629111948218705, 0.06825165686214806, 0.5223338564137351, 0.6194204120328173, 1.5053333098197237, 0.38378550429401714, -0.08938170486714032, -0.11868390804819218, 0.4599395955714512, 0.698036039306483, 0.21549222127741083, 0.38294269674764025, 0.7520663097708685, 0.3508226125037759, 1.287810851393752, 0.950759630663654, 1.0739032373700286, 0.11869243343349135, -0.0032672371598576984, 1.0799369265810974, 0.19229494280017823, 0.19979961912874047, 0.3987234446859311, 0.6713600824430657, 0.6412799592429552, -0.43592476281850895, -0.6535273858556742, 1.0228646366420615, 0.23171398378905628, 0.3919720474564516, 0.5640000756436526, 0.9250470628344187, 0.5275078483763941, 0.1324378988325804, -0.016908038526463262, -0.020269084627066666, 0.7650180792340903, 0.3637578746894989, -0.038381125265237716, -0.18858501473751726, 0.4317272187160887, 1.567475848704741, 1.6952858583295454, 0.6918270425314264, -0.07626434685945989, -0.7506650235465474, 0.18939569827410788, 0.26530766785203946, 0.5548554828721263, 0.08316340299484064, 0.15625650531962654, 0.41002197118307415, 0.8134524414015204, 0.08506904734607854, 0.7711073289205678, 0.659196128489456, 1.0332821182510672, 0.5507308487671323, 0.39373196957521733, 0.6568141026217807, 0.25883943059429765]}, "info": {"pct_words_masked": 0.3, "span_length": 2, "n_perturbations": 10}, "general": {"acc_test": 0.51, "precision_test": 0.5084745762711864, "recall_test": 0.6, "f1_test": 0.5504587155963302, "auc_test": 0.482}}
{"name": "Retrained GPT-sentinel", "before": {"acc_test": 0.86, "precision_test": 0.9736842105263158, "recall_test": 0.74, "f1_test": 0.8409090909090909, "auc_test": 0.9628}, "acc_test": 0.9, "precision_test": 0.9166666666666666, "recall_test": 0.88, "f1_test": 0.8979591836734694, "auc_test": 0.9572}
{"name": "RetrainedHello-SimpleAI/chatgpt-detector-roberta", "predictions": {"test": [0.07889620959758759, 0.9561800956726074, 0.26794975996017456, 0.9986675977706909, 0.01398331020027399, 0.02705751359462738, 0.15752741694450378, 0.744178295135498, 0.781013548374176, 0.9755604267120361, 0.007775634527206421, 0.7409327030181885, 0.1874352991580963, 0.9593908786773682, 0.9401781558990479, 0.7695510387420654, 0.6788158416748047, 0.9936683773994446, 0.7548875212669373, 0.9988346695899963, 0.5088171362876892, 0.5536524653434753, 0.6382885575294495, 0.7544016242027283, 0.7784166932106018, 0.41572943329811096, 0.9932765960693359, 0.9961674809455872, 0.01257400307804346, 0.7545119524002075, 0.9970858693122864, 0.9991360306739807, 0.9379576444625854, 0.9959800243377686, 0.6636461615562439, 0.7744511961936951, 0.2091958224773407, 0.7045758366584778, 0.43511563539505005, 0.03796420246362686, 0.9897260069847107, 0.0008353870362043381, 0.01802595518529415, 0.7168482542037964, 0.052677176892757416, 0.7257953882217407, 0.7079354524612427, 0.9963202476501465, 0.048908550292253494, 0.7036570310592651, 0.2642448842525482, 0.20101116597652435, 0.46835410594940186, 0.9619753956794739, 0.8016543388366699, 0.9966480135917664, 0.974242627620697, 0.2564820945262909, 0.16147267818450928, 0.46194568276405334, 0.508150577545166, 0.7591731548309326, 0.04636968672275543, 0.0952109694480896, 0.15487854182720184, 0.07819360494613647, 0.9459502100944519, 0.9883922934532166, 0.7816277742385864, 0.9824569821357727, 0.035807959735393524, 0.07519450038671494, 0.4161565899848938, 0.35864579677581787, 0.7642772793769836, 0.9874832630157471, 0.0026547936722636223, 0.9733438491821289, 0.006219710223376751, 0.0017639751313254237, 0.09978828579187393, 0.9221273064613342, 0.9800257682800293, 0.9958082437515259, 0.9333482980728149, 0.6543968319892883, 0.7887589335441589, 0.7449161410331726, 0.000701273325830698, 0.058294110000133514, 0.1293724626302719, 0.0018813718343153596, 0.9837661981582642, 0.9984337687492371, 0.25273212790489197, 0.9662214517593384, 0.005991497542709112, 0.05885649472475052, 0.7181318998336792, 0.3719519078731537]}, "logits": {"test": [-1.296460747718811, 1.469861388206482, -0.6452848315238953, 2.942763566970825, -2.087282657623291, -1.79377281665802, -0.9475208520889282, 0.3097231686115265, 0.40680211782455444, 1.7288780212402344, -2.342283248901367, 0.30176228284835815, -0.8532426953315735, 1.5040254592895508, 1.3284904956817627, 0.3756011724472046, 0.15763674676418304, 2.308793783187866, 0.33705422282218933, 2.9937472343444824, -0.17284326255321503, -0.09017881751060486, 0.07304398715496063, 0.33561915159225464, 0.3997443914413452, -0.34421372413635254, 2.2834911346435547, 2.5183396339416504, -2.133840799331665, 0.33605360984802246, 2.6309664249420166, 3.1014509201049805, 1.3116928339004517, 2.498567581176758, 0.1252899020910263, 0.3892343044281006, -0.7916238903999329, 0.4953279495239258, -0.3081156015396118, -1.639887809753418, 2.103607416152954, -3.256546974182129, -1.9752646684646606, 0.24327455461025238, -1.4883298873901367, 0.2644839882850647, 0.22248932719230652, 2.5351309776306152, -1.5229462385177612, 0.21269872784614563, -0.653840959072113, -0.8142151832580566, -0.2469094693660736, 1.533298373222351, 0.4646050035953522, 2.573577404022217, 1.7058160305023193, -0.6720278859138489, -0.9343233108520508, -0.25866734981536865, -0.17406809329986572, 0.34807199239730835, -1.5477064847946167, -1.2047247886657715, -0.9565389752388, -1.3007861375808716, 1.3748822212219238, 2.0514395236968994, 0.40759772062301636, 1.8734872341156006, -1.666649341583252, -1.3196420669555664, -0.3434271514415741, -0.45361167192459106, 0.36181384325027466, 2.0191152095794678, -2.7949113845825195, 1.6907809972763062, -2.437892436981201, -2.9615797996520996, -1.1815024614334106, 1.2057385444641113, 1.817055106163025, 2.481210708618164, 1.2785286903381348, 0.10599572211503983, 0.42806553840637207, 0.31172865629196167, -3.3233559131622314, -1.4407814741134644, -1.0504926443099976, -2.9355382919311523, 1.9070637226104736, 2.88000750541687, -0.6809489130973816, 1.5861490964889526, -2.4538302421569824, -1.4362603425979614, 0.2504761517047882, -0.4275825321674347]}, "acc_test": 0.4, "precision_test": 0.41379310344827586, "recall_test": 0.48, "f1_test": 0.4444444444444445, "auc_test": 0.3572, "preds": [0.07889620959758759, 0.26794975996017456, 0.01398331020027399, 0.15752741694450378, 0.781013548374176, 0.007775634527206421, 0.1874352991580963, 0.9401781558990479, 0.6788158416748047, 0.7548875212669373, 0.5088171362876892, 0.6382885575294495, 0.7784166932106018, 0.9932765960693359, 0.01257400307804346, 0.9970858693122864, 0.9379576444625854, 0.6636461615562439, 0.2091958224773407, 0.43511563539505005, 0.9897260069847107, 0.01802595518529415, 0.052677176892757416, 0.7079354524612427, 0.048908550292253494, 0.2642448842525482, 0.46835410594940186, 0.8016543388366699, 0.974242627620697, 0.16147267818450928, 0.508150577545166, 0.04636968672275543, 0.15487854182720184, 0.9459502100944519, 0.7816277742385864, 0.035807959735393524, 0.4161565899848938, 0.7642772793769836, 0.0026547936722636223, 0.006219710223376751, 0.09978828579187393, 0.9800257682800293, 0.9333482980728149, 0.7887589335441589, 0.000701273325830698, 0.1293724626302719, 0.9837661981582642, 0.25273212790489197, 0.005991497542709112, 0.7181318998336792]}
{"name": "Retraineddistilbert-base-uncased", "predictions": {"test": [0.9707769751548767, 0.9489443302154541, 0.8972712755203247, 0.03236623480916023, 0.9673686623573303, 0.7854410409927368, 0.4820513427257538, 0.08625411987304688, 0.9696847796440125, 0.8228992819786072, 0.9563279151916504, 0.9488222599029541, 0.7818965315818787, 0.31338489055633545, 0.7854257822036743, 0.022665444761514664, 0.1596716195344925, 0.033378273248672485, 0.9767564535140991, 0.048934053629636765, 0.9679965972900391, 0.955794095993042, 0.974545419216156, 0.9522060751914978, 0.16738396883010864, 0.02363303303718567, 0.9395169615745544, 0.7260069251060486, 0.9641222357749939, 0.07018884271383286, 0.969369113445282, 0.9225355982780457, 0.8042373657226562, 0.044991493225097656, 0.9590198397636414, 0.10414710640907288, 0.970869779586792, 0.932698667049408, 0.4045522212982178, 0.1177666038274765, 0.7532114386558533, 0.05119116231799126, 0.9366617798805237, 0.9054612517356873, 0.9536197781562805, 0.227337047457695, 0.9522173404693604, 0.8027413487434387, 0.8751590847969055, 0.16646070778369904, 0.5181587934494019, 0.29628628492355347, 0.9600425362586975, 0.5250667929649353, 0.9183014035224915, 0.7196735143661499, 0.600307822227478, 0.026596996933221817, 0.9737274050712585, 0.970849871635437, 0.37903502583503723, 0.037701115012168884, 0.8735554814338684, 0.032581526786088943, 0.9676268696784973, 0.9188185930252075, 0.7114928960800171, 0.11013635993003845, 0.9587046504020691, 0.5861335396766663, 0.9544389843940735, 0.15424323081970215, 0.9476484656333923, 0.05116908624768257, 0.9748668074607849, 0.9604406952857971, 0.9735833406448364, 0.5570855140686035, 0.1963745653629303, 0.07017011940479279, 0.9765537977218628, 0.14679120481014252, 0.9674910306930542, 0.661846399307251, 0.9410842657089233, 0.7478429079055786, 0.9195668697357178, 0.34807533025741577, 0.8665007948875427, 0.09811891615390778, 0.9206032752990723, 0.044861726462841034, 0.8681721091270447, 0.06745940446853638, 0.9649617075920105, 0.5822200775146484, 0.7404505014419556, 0.5667046308517456, 0.6159045100212097, 0.05624439939856529]}, "logits": {"test": [1.5999765396118164, 1.3327977657318115, 0.9468961954116821, -1.8642867803573608, 1.545075535774231, 0.5262815952301025, -0.12113702297210693, -1.3159632682800293, 1.6010630130767822, 0.6865600943565369, 1.4177769422531128, 1.331180453300476, 0.4810308814048767, -0.6297188997268677, 0.5421876311302185, -2.0172042846679688, -0.8940457105636597, -1.8139647245407104, 1.6829805374145508, -1.6337567567825317, 1.5902844667434692, 1.4642531871795654, 1.688198208808899, 1.377173662185669, -0.9233603477478027, -2.02468204498291, 1.3136337995529175, 0.4429134726524353, 1.527370572090149, -1.4523605108261108, 1.573461890220642, 1.115343689918518, 0.6184404492378235, -1.6935417652130127, 1.4599828720092773, -1.2365124225616455, 1.5877262353897095, 1.1974138021469116, -0.292162150144577, -1.14716637134552, 0.4789719581604004, -1.6194415092468262, 1.2031443119049072, 1.0037083625793457, 1.3581126928329468, -0.7255625128746033, 1.358197808265686, 0.5841172337532043, 0.878161609172821, -0.9473415613174438, -0.07698556780815125, -0.5510785579681396, 1.5250471830368042, -0.03563826158642769, 1.0769593715667725, 0.35948705673217773, 0.06326251477003098, -1.9834445714950562, 1.6669232845306396, 1.6399959325790405, -0.3924338221549988, -1.7911632061004639, 0.8696209788322449, -1.8700698614120483, 1.5458221435546875, 1.0754245519638062, 0.3349883258342743, -1.1759661436080933, 1.4347918033599854, 0.07235251367092133, 1.3981225490570068, -1.0089305639266968, 1.345800757408142, -1.6114777326583862, 1.6566475629806519, 1.459159016609192, 1.6404958963394165, -0.02965831197798252, -0.8322470188140869, -1.447210669517517, 1.6986491680145264, -0.997756838798523, 1.5973960161209106, 0.2337317019701004, 1.2885991334915161, 0.48470357060432434, 1.1006298065185547, -0.4263603985309601, 0.8651214838027954, -1.278006672859192, 1.1350092887878418, -1.6881859302520752, 0.823986291885376, -1.4426137208938599, 1.5358823537826538, 0.10675308853387833, 0.4375927746295929, 0.08550383150577545, 0.11859890073537827, -1.5550017356872559]}, "acc_test": 0.72, "precision_test": 0.6666666666666666, "recall_test": 0.88, "f1_test": 0.7586206896551725, "auc_test": 0.8376, "preds": [0.9707769751548767, 0.8972712755203247, 0.9673686623573303, 0.4820513427257538, 0.9696847796440125, 0.9563279151916504, 0.7818965315818787, 0.7854257822036743, 0.1596716195344925, 0.9767564535140991, 0.9679965972900391, 0.974545419216156, 0.16738396883010864, 0.9395169615745544, 0.9641222357749939, 0.969369113445282, 0.8042373657226562, 0.9590198397636414, 0.970869779586792, 0.4045522212982178, 0.7532114386558533, 0.9366617798805237, 0.9536197781562805, 0.9522173404693604, 0.8751590847969055, 0.5181587934494019, 0.9600425362586975, 0.9183014035224915, 0.600307822227478, 0.9737274050712585, 0.37903502583503723, 0.8735554814338684, 0.9676268696784973, 0.7114928960800171, 0.9587046504020691, 0.9544389843940735, 0.9476484656333923, 0.9748668074607849, 0.9735833406448364, 0.1963745653629303, 0.9765537977218628, 0.9674910306930542, 0.9410842657089233, 0.9195668697357178, 0.8665007948875427, 0.9206032752990723, 0.8681721091270447, 0.9649617075920105, 0.7404505014419556, 0.6159045100212097]}
{"name": "Retrained Radar", "before": {"acc_test": 0.49, "precision_test": 0.49019607843137253, "recall_test": 0.5, "f1_test": 0.495049504950495, "auc_test": 0.4904}, "acc_test": 0.8, "precision_test": 0.8125, "recall_test": 0.78, "f1_test": 0.7959183673469388, "auc_test": 0.8648}
