{"name": "likelihood_threshold", "predictions": {"test": [-3.3712151050567627, -3.197319507598877, -3.238840341567993, -3.1106767654418945, -3.3239965438842773, -3.483752965927124, -2.7937841415405273, -2.559431552886963, -3.434705972671509, -2.9220380783081055, -3.4515175819396973, -3.627936363220215, -3.3971855640411377, -3.0835392475128174, -2.5985474586486816, -2.7186949253082275, -3.30031681060791, -3.143124580383301, -2.7439656257629395, -3.1511900424957275, -2.7428267002105713, -3.4227569103240967, -2.63519549369812, -2.7879393100738525, -2.9931280612945557, -3.2498979568481445, -2.5249130725860596, -3.3101418018341064, -3.3991904258728027, -3.249077558517456, -2.9326391220092773, -3.022451877593994, -2.8726301193237305, -3.3524255752563477, -3.688040256500244, -3.685779333114624, -2.0259244441986084, -2.7686758041381836, -3.037936210632324, -4.1127190589904785, -2.6351158618927, -3.3229737281799316, -3.3495986461639404, -3.1848037242889404, -2.561140298843384, -2.851383924484253, -3.2042198181152344, -3.340991497039795, -2.949725389480591, -2.8097174167633057, -2.3653883934020996, -3.100554943084717, -3.359424352645874, -2.92744517326355, -2.752952814102173, -2.865732192993164, -3.133976936340332, -3.4191689491271973, -2.997060537338257, -3.3712148666381836, -2.8005945682525635, -2.7507050037384033, -2.805887222290039, -3.2380850315093994, -3.516329765319824, -3.81430721282959, -2.775512456893921, -3.0289437770843506, -3.1485607624053955, -3.1127688884735107, -2.5774950981140137, -2.4685521125793457, -2.923865556716919, -3.1748201847076416, -3.0356156826019287, -2.653822422027588, -4.216270923614502, -3.721132755279541, -2.957991600036621, -3.29359769821167, -3.07038950920105, -3.064150333404541, -2.9090652465820312, -3.155567169189453, -3.0097849369049072, -3.1256484985351562, -3.177766799926758, -3.324493885040283, -3.5633082389831543, -3.236172676086426, -2.5133750438690186, -3.0556509494781494, -2.8590474128723145, -2.9755966663360596, -2.676365613937378, -3.028151273727417, -3.4223413467407227, -3.8252036571502686, -3.6582396030426025, -3.477696180343628]}, "acc_test": 0.55, "precision_test": 0.5396825396825397, "recall_test": 0.68, "f1_test": 0.6017699115044247, "auc_test": 0.6099999999999999}
{"name": "rank_threshold", "predictions": {"test": [-159.1727752685547, -344.90740966796875, -134.95419311523438, -131.81118774414062, -115.99137878417969, -279.8344421386719, -96.11111450195312, -88.89115142822266, -130.51922607421875, -139.446533203125, -174.16773986816406, -382.59478759765625, -275.370361328125, -128.6844940185547, -19.07826042175293, -143.3913116455078, -121.86884307861328, -126.49090576171875, -72.13793182373047, -245.87820434570312, -38.825504302978516, -303.8888854980469, -55.79452133178711, -123.97468566894531, -237.125, -215.74545288085938, -47.39411926269531, -342.2605895996094, -113.4765625, -151.30201721191406, -74.21126556396484, -84.07142639160156, -36.67222213745117, -54.80864334106445, -209.55714416503906, -185.1234588623047, -15.815476417541504, -59.90860366821289, -178.11038208007812, -353.5856628417969, -57.67597579956055, -338.190185546875, -178.60293579101562, -127.00609588623047, -38.81632614135742, -107.79267883300781, -107.71794891357422, -134.1241912841797, -39.66666793823242, -254.44586181640625, -39.4591178894043, -122.47333526611328, -120.11428833007812, -167.76087951660156, -50.077518463134766, -205.20730590820312, -98.23333740234375, -257.59375, -63.51704788208008, -187.7663116455078, -36.51592254638672, -39.546051025390625, -61.795772552490234, -89.87574005126953, -137.0546875, -306.87249755859375, -54.94630813598633, -164.5, -134.27951049804688, -89.24285888671875, -47.888893127441406, -148.44927978515625, -48.679012298583984, -100.55033874511719, -80.51282501220703, -139.7385711669922, -230.0, -261.664794921875, -233.53164672851562, -309.1190490722656, -53.730430603027344, -62.050724029541016, -32.00806427001953, -92.05594635009766, -65.41954040527344, -94.96470642089844, -224.32652282714844, -147.56082153320312, -116.69629669189453, -169.356689453125, -26.654321670532227, -61.53845977783203, -37.95121765136719, -71.43225860595703, -44.3684196472168, -121.60588836669922, -182.24160766601562, -575.9876098632812, -185.96026611328125, -205.77438354492188]}, "acc_test": 0.61, "precision_test": 0.582089552238806, "recall_test": 0.78, "f1_test": 0.6666666666666667, "auc_test": 0.7432}
{"name": "log_rank_threshold", "predictions": {"test": [-1.9013102054595947, -1.6615945100784302, -1.735055923461914, -1.620785117149353, -1.7564570903778076, -1.8776754140853882, -1.4212130308151245, -1.2129688262939453, -1.852636456489563, -1.5587868690490723, -1.9524472951889038, -2.0641634464263916, -1.8354514837265015, -1.660825490951538, -1.2941840887069702, -1.2980594635009766, -1.792506217956543, -1.585797667503357, -1.384696125984192, -1.6418120861053467, -1.3752175569534302, -1.8367359638214111, -1.3687260150909424, -1.3715580701828003, -1.6170164346694946, -1.7334626913070679, -1.2983208894729614, -1.7484071254730225, -1.8584481477737427, -1.6818459033966064, -1.5659890174865723, -1.5107784271240234, -1.440777063369751, -1.754647970199585, -2.058101177215576, -2.0148439407348633, -0.933668851852417, -1.388899564743042, -1.628676176071167, -2.307927370071411, -1.2727526426315308, -1.6993448734283447, -1.8725117444992065, -1.6749334335327148, -1.2274327278137207, -1.4064280986785889, -1.7708395719528198, -1.726657509803772, -1.5920696258544922, -1.4103633165359497, -1.132987380027771, -1.636112093925476, -1.816757082939148, -1.4486064910888672, -1.476366400718689, -1.462693691253662, -1.6774533987045288, -1.8737419843673706, -1.5356525182724, -1.8258317708969116, -1.3684285879135132, -1.3430064916610718, -1.476950764656067, -1.6887171268463135, -1.8875994682312012, -2.155956506729126, -1.3508955240249634, -1.5106306076049805, -1.7067689895629883, -1.6423453092575073, -1.2326325178146362, -1.137257695198059, -1.5341845750808716, -1.665698528289795, -1.5825448036193848, -1.3393255472183228, -2.4377949237823486, -2.09210467338562, -1.4841787815093994, -1.7925723791122437, -1.6394904851913452, -1.5216152667999268, -1.4644736051559448, -1.6085350513458252, -1.5095463991165161, -1.6404814720153809, -1.6784262657165527, -1.7917579412460327, -1.9812933206558228, -1.7340331077575684, -1.165080189704895, -1.5653327703475952, -1.4618878364562988, -1.5030066967010498, -1.3961418867111206, -1.6020511388778687, -1.9016934633255005, -2.2126431465148926, -2.0253937244415283, -1.8349379301071167]}, "acc_test": 0.52, "precision_test": 0.5172413793103449, "recall_test": 0.6, "f1_test": 0.5555555555555556, "auc_test": 0.5688}
{"name": "entropy_threshold", "predictions": {"test": [3.6181774139404297, 3.946267604827881, 3.312150001525879, 3.2134385108947754, 3.4731929302215576, 3.528266668319702, 2.9733095169067383, 2.9968161582946777, 3.1991498470306396, 3.2061307430267334, 3.688009023666382, 3.791299819946289, 3.3368022441864014, 3.2502710819244385, 3.0058088302612305, 3.197566032409668, 3.3201537132263184, 3.421308994293213, 3.242306709289551, 3.4592230319976807, 3.077242136001587, 3.3327584266662598, 2.688918113708496, 2.802168130874634, 3.47050404548645, 3.696507453918457, 3.0521650314331055, 3.569157838821411, 3.379026412963867, 3.4479165077209473, 3.1865391731262207, 3.3963258266448975, 3.1780283451080322, 3.4852309226989746, 3.53408145904541, 3.6460540294647217, 2.3095703125, 2.887233257293701, 3.4508302211761475, 4.229419708251953, 2.8299078941345215, 3.4590277671813965, 3.6273324489593506, 3.5271694660186768, 3.111145257949829, 3.30265212059021, 3.184560537338257, 3.3219499588012695, 3.210798740386963, 3.178894281387329, 3.0667073726654053, 3.523080348968506, 3.2379674911499023, 3.2134454250335693, 3.082786798477173, 3.1708760261535645, 3.313776731491089, 3.6047165393829346, 3.2277729511260986, 3.4474222660064697, 3.08831524848938, 3.2342169284820557, 3.033587694168091, 3.5126945972442627, 3.3921592235565186, 3.7993786334991455, 2.8106327056884766, 2.912135601043701, 3.354616641998291, 3.406130790710449, 3.0492899417877197, 2.7599544525146484, 2.9591078758239746, 3.293154239654541, 2.836313247680664, 2.7151429653167725, 4.049199104309082, 3.722368001937866, 3.3176324367523193, 3.5750014781951904, 3.334264039993286, 3.2250869274139404, 3.2579681873321533, 3.6716833114624023, 2.966290235519409, 3.3182661533355713, 3.307291269302368, 3.5578505992889404, 3.5957818031311035, 3.461763381958008, 3.1861157417297363, 3.292348861694336, 3.4557688236236572, 3.2560622692108154, 2.9923834800720215, 3.2721877098083496, 3.6310813426971436, 3.973037004470825, 3.7222788333892822, 3.587005853652954]}, "acc_test": 0.57, "precision_test": 0.5443037974683544, "recall_test": 0.86, "f1_test": 0.6666666666666666, "auc_test": 0.6563999999999999}
{"name": "rank_GLTR_threshold", "predictions": {"test": [[0.680628272251309, 0.18324607329842932, 0.09424083769633508, 0.041884816753926704], [0.7222222222222222, 0.14814814814814814, 0.08641975308641975, 0.043209876543209874], [0.7175572519083969, 0.15267175572519084, 0.08396946564885496, 0.04580152671755725], [0.7622377622377622, 0.15384615384615385, 0.055944055944055944, 0.027972027972027972], [0.6637931034482759, 0.2672413793103448, 0.02586206896551724, 0.04310344827586207], [0.695364238410596, 0.19205298013245034, 0.059602649006622516, 0.052980132450331126], [0.7948717948717948, 0.09401709401709402, 0.08547008547008547, 0.02564102564102564], [0.8435374149659864, 0.08843537414965986, 0.047619047619047616, 0.02040816326530612], [0.6666666666666666, 0.1858974358974359, 0.11538461538461539, 0.03205128205128205], [0.7672955974842768, 0.12578616352201258, 0.06289308176100629, 0.0440251572327044], [0.6516129032258065, 0.1935483870967742, 0.0967741935483871, 0.05806451612903226], [0.6666666666666666, 0.13725490196078433, 0.13725490196078433, 0.058823529411764705], [0.6666666666666666, 0.17901234567901234, 0.10493827160493827, 0.04938271604938271], [0.7058823529411765, 0.17647058823529413, 0.09090909090909091, 0.026737967914438502], [0.808695652173913, 0.11304347826086956, 0.0782608695652174, 0.0], [0.8115942028985508, 0.12318840579710146, 0.036231884057971016, 0.028985507246376812], [0.7295081967213115, 0.1557377049180328, 0.08196721311475409, 0.03278688524590164], [0.7515151515151515, 0.13333333333333333, 0.07878787878787878, 0.03636363636363636], [0.7517241379310344, 0.20689655172413793, 0.020689655172413793, 0.020689655172413793], [0.6987179487179487, 0.23076923076923078, 0.04487179487179487, 0.02564102564102564], [0.7919463087248322, 0.12080536912751678, 0.08053691275167785, 0.006711409395973154], [0.7, 0.18333333333333332, 0.05, 0.06666666666666667], [0.7602739726027398, 0.1506849315068493, 0.0821917808219178, 0.00684931506849315], [0.7721518987341772, 0.13924050632911392, 0.06962025316455696, 0.0189873417721519], [0.75, 0.1125, 0.1125, 0.025], [0.7212121212121212, 0.15151515151515152, 0.09090909090909091, 0.03636363636363636], [0.7647058823529411, 0.17058823529411765, 0.058823529411764705, 0.0058823529411764705], [0.6909090909090909, 0.18787878787878787, 0.07878787878787878, 0.04242424242424243], [0.65625, 0.2421875, 0.0625, 0.0390625], [0.738255033557047, 0.1476510067114094, 0.09395973154362416, 0.020134228187919462], [0.7183098591549296, 0.1619718309859155, 0.09154929577464789, 0.028169014084507043], [0.7272727272727273, 0.17532467532467533, 0.08441558441558442, 0.012987012987012988], [0.7388888888888889, 0.16666666666666666, 0.08888888888888889, 0.005555555555555556], [0.654320987654321, 0.2654320987654321, 0.07407407407407407, 0.006172839506172839], [0.6285714285714286, 0.25, 0.05, 0.07142857142857142], [0.6296296296296297, 0.24074074074074073, 0.09876543209876543, 0.030864197530864196], [0.8452380952380952, 0.11904761904761904, 0.03571428571428571, 0.0], [0.7634408602150538, 0.15591397849462366, 0.06989247311827956, 0.010752688172043012], [0.7402597402597403, 0.12337662337662338, 0.12337662337662338, 0.012987012987012988], [0.6022099447513812, 0.2154696132596685, 0.13812154696132597, 0.04419889502762431], [0.776536312849162, 0.16759776536312848, 0.0446927374301676, 0.0111731843575419], [0.7423312883435583, 0.15950920245398773, 0.06748466257668712, 0.03067484662576687], [0.6838235294117647, 0.19117647058823528, 0.08823529411764706, 0.03676470588235294], [0.7195121951219512, 0.15853658536585366, 0.0975609756097561, 0.024390243902439025], [0.7959183673469388, 0.12244897959183673, 0.07482993197278912, 0.006802721088435374], [0.7560975609756098, 0.15853658536585366, 0.06707317073170732, 0.018292682926829267], [0.6987179487179487, 0.15384615384615385, 0.10897435897435898, 0.038461538461538464], [0.6862745098039216, 0.19607843137254902, 0.08496732026143791, 0.032679738562091505], [0.6929824561403509, 0.19298245614035087, 0.11403508771929824, 0.0], [0.7770700636942676, 0.1337579617834395, 0.07643312101910828, 0.012738853503184714], [0.8176100628930818, 0.14465408805031446, 0.025157232704402517, 0.012578616352201259], [0.7533333333333333, 0.15333333333333332, 0.06, 0.03333333333333333], [0.6785714285714286, 0.2, 0.07857142857142857, 0.04285714285714286], [0.782608695652174, 0.13768115942028986, 0.057971014492753624, 0.021739130434782608], [0.751937984496124, 0.17054263565891473, 0.06201550387596899, 0.015503875968992248], [0.7378048780487805, 0.1951219512195122, 0.036585365853658534, 0.03048780487804878], [0.7, 0.21666666666666667, 0.05, 0.03333333333333333], [0.7, 0.1625, 0.075, 0.0625], [0.7159090909090909, 0.17613636363636365, 0.09659090909090909, 0.011363636363636364], [0.6413043478260869, 0.2391304347826087, 0.09239130434782608, 0.02717391304347826], [0.7961783439490446, 0.12738853503184713, 0.07006369426751592, 0.006369426751592357], [0.7828947368421053, 0.17105263157894737, 0.03289473684210526, 0.013157894736842105], [0.7323943661971831, 0.15492957746478872, 0.09859154929577464, 0.014084507042253521], [0.7337278106508875, 0.15976331360946747, 0.08284023668639054, 0.023668639053254437], [0.703125, 0.1953125, 0.0703125, 0.03125], [0.610738255033557, 0.2550335570469799, 0.0738255033557047, 0.06040268456375839], [0.8053691275167785, 0.15436241610738255, 0.026845637583892617, 0.013422818791946308], [0.7642857142857142, 0.15714285714285714, 0.05, 0.02857142857142857], [0.7018633540372671, 0.18633540372670807, 0.07453416149068323, 0.037267080745341616], [0.7357142857142858, 0.15, 0.1, 0.014285714285714285], [0.7777777777777778, 0.1794871794871795, 0.03418803418803419, 0.008547008547008548], [0.8260869565217391, 0.12318840579710146, 0.043478260869565216, 0.007246376811594203], [0.7469135802469136, 0.16666666666666666, 0.07407407407407407, 0.012345679012345678], [0.7114093959731543, 0.1610738255033557, 0.11409395973154363, 0.013422818791946308], [0.717948717948718, 0.1987179487179487, 0.0641025641025641, 0.019230769230769232], [0.7777777777777778, 0.17647058823529413, 0.013071895424836602, 0.032679738562091505], [0.5802469135802469, 0.19753086419753085, 0.16049382716049382, 0.06172839506172839], [0.6368715083798883, 0.21787709497206703, 0.09497206703910614, 0.05027932960893855], [0.7784810126582279, 0.12658227848101267, 0.06329113924050633, 0.03164556962025317], [0.7321428571428571, 0.13095238095238096, 0.08928571428571429, 0.047619047619047616], [0.6695652173913044, 0.25217391304347825, 0.06956521739130435, 0.008695652173913044], [0.782608695652174, 0.13768115942028986, 0.06521739130434782, 0.014492753623188406], [0.7903225806451613, 0.13709677419354838, 0.06451612903225806, 0.008064516129032258], [0.7482517482517482, 0.17482517482517482, 0.04895104895104895, 0.027972027972027972], [0.7471264367816092, 0.16666666666666666, 0.07471264367816093, 0.011494252873563218], [0.7352941176470589, 0.18823529411764706, 0.058823529411764705, 0.01764705882352941], [0.7006802721088435, 0.22448979591836735, 0.04081632653061224, 0.034013605442176874], [0.6891891891891891, 0.20945945945945946, 0.06756756756756757, 0.033783783783783786], [0.6592592592592592, 0.18518518518518517, 0.1111111111111111, 0.044444444444444446], [0.7261146496815286, 0.1337579617834395, 0.10828025477707007, 0.03184713375796178], [0.8148148148148148, 0.14814814814814814, 0.030864197530864196, 0.006172839506172839], [0.7412587412587412, 0.16783216783216784, 0.07692307692307693, 0.013986013986013986], [0.7398373983739838, 0.18699186991869918, 0.06504065040650407, 0.008130081300813009], [0.7161290322580646, 0.2, 0.07741935483870968, 0.0064516129032258064], [0.7631578947368421, 0.13815789473684212, 0.09210526315789473, 0.006578947368421052], [0.7470588235294118, 0.1411764705882353, 0.08235294117647059, 0.029411764705882353], [0.6845637583892618, 0.19463087248322147, 0.0738255033557047, 0.04697986577181208], [0.6521739130434783, 0.14285714285714285, 0.12422360248447205, 0.08074534161490683], [0.6291390728476821, 0.2185430463576159, 0.10596026490066225, 0.046357615894039736], [0.7012195121951219, 0.21951219512195122, 0.036585365853658534, 0.042682926829268296]]}, "acc_test": 0.47, "precision_test": 0.47368421052631576, "recall_test": 0.54, "f1_test": 0.5046728971962616, "auc_test": 0.49720000000000003}
{"name": "perturbation_10_z", "predictions": {"test": [0.48428438660788176, 0.6896875721431959, 0.46709904109755784, 0.49658759604660657, 1.0310166811990296, 0.053109388503481944, 1.0643800932524792, 1.2707904425561432, -0.22019303035675725, 0.051027063123471675, 1.06594034616848, 0.8956151817063865, 0.9367173774526485, 1.8805580695463, 0.8546631252499846, 0.7383792189507895, -0.19262471449351717, 0.24755446107483461, 1.48016595527567, 0.3329175464362717, 1.4671194053381889, 0.1614872809383719, 0.35591287542484984, 0.6244129235714788, 0.2536198480983499, 1.108429372587469, 0.9216760806568912, 0.8272354223895799, 0.2905901548994271, 0.1384294820613492, 0.3232541064507168, 0.25380596995937993, 0.6966682845492992, 0.4043882437109557, 0.24752956419508476, -0.013394542836144196, 1.842462863814594, 1.3497578725944377, 0.6585005483870779, -0.3240198182193711, 1.285812616726605, 0.05204987183354608, 0.5003844190109422, 0.9673230821299705, 0.4926596134203719, 0.7147589467164409, 0.8463695741605901, 0.7294723316978237, 0.6365739652610182, 0.41438922238620773, 1.0977074273780252, 0.21125554771264457, 0.4096325883594107, 0.16655460720332194, 0.8636747886714641, 0.44934983832373243, -0.5339874036109883, 0.2126773553973344, -0.21955829795916681, 0.011197621766035002, 0.45699177483939224, 0.3701935085601381, 0.6060566370188851, -0.4742091365547583, -0.3655500621114752, -0.3816456558711485, 1.0494605751515533, -0.23501733246764692, 0.5395890679295601, 0.1975041137744467, 1.6146602960138572, 0.5813894958312091, 0.7216984730490331, -0.052911038082341634, 0.30923592256074706, 0.8865200379111264, -0.1278458236675667, 0.2233264409281111, 0.7088804831638986, 0.07926721063215708, 0.15409113960040635, 1.283775152656319, 0.42081767922765745, 0.37320182879341934, 0.6811148230887925, 0.7386228633708191, 0.8691506779539693, 0.2184927790497532, -0.8469876857965564, 0.5139793300824037, 0.9900776449760135, -0.10071926311169002, 0.15730467606762036, -0.10752400682059805, 1.342087224625359, 1.2210248749869637, -0.03398354743076161, 0.1461540510938507, 0.22280874163175043, 0.05961106206401225]}, "info": {"pct_words_masked": 0.3, "span_length": 2, "n_perturbations": 10}, "general": {"acc_test": 0.61, "precision_test": 0.5901639344262295, "recall_test": 0.72, "f1_test": 0.6486486486486487, "auc_test": 0.6116}}
{"name": "Retrained GPT-sentinel", "before": {"acc_test": 0.86, "precision_test": 0.9736842105263158, "recall_test": 0.74, "f1_test": 0.8409090909090909, "auc_test": 0.898}, "acc_test": 0.85, "precision_test": 0.9069767441860465, "recall_test": 0.78, "f1_test": 0.8387096774193548, "auc_test": 0.9352}
{"name": "RetrainedHello-SimpleAI/chatgpt-detector-roberta", "predictions": {"test": [0.25493696331977844, 0.9561800956726074, 0.9891828894615173, 0.9986675977706909, 0.7205672860145569, 0.02705756574869156, 0.9830859899520874, 0.7441781759262085, 0.5385271310806274, 0.9755605459213257, 0.39687758684158325, 0.7409325838088989, 0.7595645189285278, 0.9593909978866577, 0.9990353584289551, 0.7695510387420654, 0.5090205073356628, 0.9936683773994446, 0.9978309273719788, 0.9988346695899963, 0.999251663684845, 0.5536524653434753, 0.9678813219070435, 0.7544016242027283, 0.4449138939380646, 0.41572943329811096, 0.998727023601532, 0.9961674809455872, 0.005493813659995794, 0.7545119524002075, 0.9991360306739807, 0.9991360306739807, 0.9783551692962646, 0.9959800243377686, 0.6749584674835205, 0.7744510769844055, 0.7709936499595642, 0.7045741677284241, 0.7923596501350403, 0.037964221090078354, 0.6130601763725281, 0.0008353879093192518, 0.24332445859909058, 0.7168483734130859, 0.9904686808586121, 0.725795328617096, 0.7238075733184814, 0.9963202476501465, 0.01293583121150732, 0.7036570310592651, 0.7864717841148376, 0.20101116597652435, 0.6659678220748901, 0.9619753956794739, 0.9977389574050903, 0.9966480135917664, 0.9992628693580627, 0.2564820945262909, 0.648131787776947, 0.46194568276405334, 0.7571032643318176, 0.7591731548309326, 0.2641030251979828, 0.0952109694480896, 0.42138421535491943, 0.07819360494613647, 0.9919729232788086, 0.9883922934532166, 0.6964351534843445, 0.9824569821357727, 0.6641543507575989, 0.07519450038671494, 0.7564567923545837, 0.35864579677581787, 0.7719036340713501, 0.9874832630157471, 0.11875102669000626, 0.9733438491821289, 0.06335186213254929, 0.0017639751313254237, 0.8050233125686646, 0.9221273064613342, 0.9976623058319092, 0.9958082437515259, 0.755592942237854, 0.6543968319892883, 0.9287983775138855, 0.7449161410331726, 0.006698026787489653, 0.058294110000133514, 0.4510902762413025, 0.0018813718343153596, 0.9984861016273499, 0.9984337687492371, 0.9643951654434204, 0.9662214517593384, 0.7812986969947815, 0.05885649472475052, 0.6996065974235535, 0.3719519078731537]}, "logits": {"test": [-0.6756924986839294, 1.4698612689971924, 2.081603765487671, 2.942763328552246, 0.2519831359386444, -1.7937718629837036, 1.8892945051193237, 0.3097228705883026, -0.11822213232517242, 1.7288792133331299, -0.37973952293395996, 0.3017619550228119, 0.34923526644706726, 1.5040262937545776, 3.0632340908050537, 0.37560105323791504, -0.1724761724472046, 2.308793783187866, 2.7506749629974365, 2.9937472343444824, 3.1428139209747314, -0.09017881751060486, 1.6085340976715088, 0.33561915159225464, -0.29000067710876465, -0.34421372413635254, 2.960268020629883, 2.5183396339416504, -2.49069881439209, 0.33605360984802246, 3.101454257965088, 3.1014509201049805, 1.7820128202438354, 2.498568058013916, 0.14932149648666382, 0.3892342150211334, 0.37976568937301636, 0.49532443284988403, 0.4379643499851227, -1.639887809753418, 0.022892169654369354, -3.256546974182129, -0.7036876678466797, 0.24327467381954193, 2.1356000900268555, 0.2644837498664856, 0.25967860221862793, 2.5351312160491943, -2.1214218139648438, 0.21269872784614563, 0.42219045758247375, -0.8142151832580566, 0.1301826536655426, 1.533298373222351, 2.733949661254883, 2.573577404022217, 3.1387667655944824, -0.6720278859138489, 0.09307156503200531, -0.25866734981536865, 0.34277185797691345, 0.34807199239730835, -0.6541745066642761, -1.2047247886657715, -0.33364570140838623, -1.3007861375808716, 2.208570718765259, 2.0514395236968994, 0.19641216099262238, 1.8734872341156006, 0.12636034190654755, -1.3196420669555664, 0.3409925401210785, -0.45361167192459106, 0.38226237893104553, 2.0191152095794678, -1.0942440032958984, 1.6907809972763062, -1.4014662504196167, -2.9615797996520996, 0.4737739562988281, 1.2057385444641113, 2.7205100059509277, 2.481210708618164, 0.3389303684234619, 0.10599572211503983, 1.2477947473526, 0.31172865629196167, -2.40625262260437, -1.4407814741134644, -0.2786099314689636, -2.9355382919311523, 2.893267869949341, 2.88000750541687, 1.562700629234314, 1.5861490964889526, 0.4074304699897766, -1.4362603425979614, 0.20352433621883392, -0.4275825321674347]}, "acc_test": 0.54, "precision_test": 0.5277777777777778, "recall_test": 0.76, "f1_test": 0.6229508196721312, "auc_test": 0.5322, "preds": [0.25493696331977844, 0.9891828894615173, 0.7205672860145569, 0.9830859899520874, 0.5385271310806274, 0.39687758684158325, 0.7595645189285278, 0.9990353584289551, 0.5090205073356628, 0.9978309273719788, 0.999251663684845, 0.9678813219070435, 0.4449138939380646, 0.998727023601532, 0.005493813659995794, 0.9991360306739807, 0.9783551692962646, 0.6749584674835205, 0.7709936499595642, 0.7923596501350403, 0.6130601763725281, 0.24332445859909058, 0.9904686808586121, 0.7238075733184814, 0.01293583121150732, 0.7864717841148376, 0.6659678220748901, 0.9977389574050903, 0.9992628693580627, 0.648131787776947, 0.7571032643318176, 0.2641030251979828, 0.42138421535491943, 0.9919729232788086, 0.6964351534843445, 0.6641543507575989, 0.7564567923545837, 0.7719036340713501, 0.11875102669000626, 0.06335186213254929, 0.8050233125686646, 0.9976623058319092, 0.755592942237854, 0.9287983775138855, 0.006698026787489653, 0.4510902762413025, 0.9984861016273499, 0.9643951654434204, 0.7812986969947815, 0.6996065974235535]}
{"name": "Retraineddistilbert-base-uncased", "predictions": {"test": [0.9714265465736389, 0.9489444494247437, 0.29072073101997375, 0.03236623480916023, 0.9743908643722534, 0.7854411602020264, 0.6804095506668091, 0.0862540751695633, 0.9745894074440002, 0.8228994607925415, 0.9310868978500366, 0.9488222599029541, 0.8059381246566772, 0.3133845031261444, 0.5256652235984802, 0.022665444761514664, 0.8570190668106079, 0.033378273248672485, 0.8727279901504517, 0.048934053629636765, 0.9695414304733276, 0.955794095993042, 0.972435712814331, 0.9522060751914978, 0.9483075141906738, 0.02363303303718567, 0.9467518925666809, 0.7260069251060486, 0.8958427309989929, 0.07018884271383286, 0.9658460021018982, 0.9225355982780457, 0.45118945837020874, 0.044991474598646164, 0.8769350647926331, 0.10414708405733109, 0.9677928686141968, 0.9326987862586975, 0.5775321125984192, 0.1177666187286377, 0.822776734828949, 0.05119116231799126, 0.9691348075866699, 0.9054611921310425, 0.9688876271247864, 0.22733652591705322, 0.9637095928192139, 0.8027418255805969, 0.9110316038131714, 0.16646070778369904, 0.9401593804359436, 0.29628628492355347, 0.9672846794128418, 0.5250667929649353, 0.9432281255722046, 0.7196735143661499, 0.7364237904548645, 0.026596996933221817, 0.9714510440826416, 0.970849871635437, 0.6714810132980347, 0.037701115012168884, 0.9593813419342041, 0.032581526786088943, 0.9657833576202393, 0.9188185930252075, 0.5526445508003235, 0.11013635993003845, 0.8950273394584656, 0.5861335396766663, 0.9365102648735046, 0.15424323081970215, 0.9320341944694519, 0.05116908624768257, 0.9738882780075073, 0.9604406952857971, 0.9536494016647339, 0.5570855140686035, 0.212806835770607, 0.07017011940479279, 0.973800539970398, 0.14679120481014252, 0.959202766418457, 0.661846399307251, 0.6980135440826416, 0.7478429079055786, 0.7728444337844849, 0.34807533025741577, 0.9233211278915405, 0.09811891615390778, 0.8369932770729065, 0.044861726462841034, 0.8349489569664001, 0.06745940446853638, 0.9535111784934998, 0.5822200775146484, 0.5937397480010986, 0.5667046308517456, 0.3967413604259491, 0.05624439939856529]}, "logits": {"test": [1.6489635705947876, 1.3327981233596802, -0.516819953918457, -1.8642867803573608, 1.6517081260681152, 0.5262817144393921, 0.259664386510849, -1.315963625907898, 1.6844593286514282, 0.6865605711936951, 1.1801984310150146, 1.3311805725097656, 0.5527330040931702, -0.6297196745872498, -0.03424449637532234, -2.0172040462493896, 0.8024069666862488, -1.8139647245407104, 0.8171057105064392, -1.6337567567825317, 1.6399227380752563, 1.4642531871795654, 1.63213050365448, 1.377173662185669, 1.322381615638733, -2.02468204498291, 1.3867802619934082, 0.4429134726524353, 0.9580178260803223, -1.4523605108261108, 1.5485237836837769, 1.115343689918518, -0.1812015026807785, -1.6935421228408813, 0.8540882468223572, -1.2365126609802246, 1.5613515377044678, 1.1974142789840698, 0.08745002001523972, -1.14716637134552, 0.6703540086746216, -1.6194416284561157, 1.5816478729248047, 1.003708004951477, 1.5638452768325806, -0.7255640625953674, 1.5033377408981323, 0.5841186046600342, 1.0243537425994873, -0.9473415613174438, 1.2814043760299683, -0.5510785579681396, 1.6007819175720215, -0.03563826158642769, 1.2672710418701172, 0.35948705673217773, 0.39364051818847656, -1.9834445714950562, 1.640755295753479, 1.6399959325790405, 0.2347446084022522, -1.7911632061004639, 1.4550222158432007, -1.8700698614120483, 1.5222041606903076, 1.0754245519638062, 0.03130040690302849, -1.1759661436080933, 0.9560598134994507, 0.07235251367092133, 1.2245427370071411, -1.0089305639266968, 1.1987370252609253, -1.6114777326583862, 1.6548172235488892, 1.459159016609192, 1.35432767868042, -0.02965831197798252, -0.7659817337989807, -1.447210669517517, 1.6477316617965698, -0.997756838798523, 1.4740906953811646, 0.2337317019701004, 0.35791391134262085, 0.48470357060432434, 0.492523729801178, -0.4263603985309601, 1.1155811548233032, -1.278006672859192, 0.746860146522522, -1.6881859302520752, 0.6983747482299805, -1.4426137208938599, 1.4338948726654053, 0.10675308853387833, 0.12573057413101196, 0.08550383150577545, -0.32560041546821594, -1.5550017356872559]}, "acc_test": 0.74, "precision_test": 0.6764705882352942, "recall_test": 0.92, "f1_test": 0.7796610169491526, "auc_test": 0.8328, "preds": [0.9714265465736389, 0.29072073101997375, 0.9743908643722534, 0.6804095506668091, 0.9745894074440002, 0.9310868978500366, 0.8059381246566772, 0.5256652235984802, 0.8570190668106079, 0.8727279901504517, 0.9695414304733276, 0.972435712814331, 0.9483075141906738, 0.9467518925666809, 0.8958427309989929, 0.9658460021018982, 0.45118945837020874, 0.8769350647926331, 0.9677928686141968, 0.5775321125984192, 0.822776734828949, 0.9691348075866699, 0.9688876271247864, 0.9637095928192139, 0.9110316038131714, 0.9401593804359436, 0.9672846794128418, 0.9432281255722046, 0.7364237904548645, 0.9714510440826416, 0.6714810132980347, 0.9593813419342041, 0.9657833576202393, 0.5526445508003235, 0.8950273394584656, 0.9365102648735046, 0.9320341944694519, 0.9738882780075073, 0.9536494016647339, 0.212806835770607, 0.973800539970398, 0.959202766418457, 0.6980135440826416, 0.7728444337844849, 0.9233211278915405, 0.8369932770729065, 0.8349489569664001, 0.9535111784934998, 0.5937397480010986, 0.3967413604259491]}
{"name": "Retrained Radar", "before": {"acc_test": 0.62, "precision_test": 0.59375, "recall_test": 0.76, "f1_test": 0.6666666666666666, "auc_test": 0.658}, "acc_test": 0.84, "precision_test": 0.8269230769230769, "recall_test": 0.86, "f1_test": 0.8431372549019608, "auc_test": 0.8984}
