{"name": "likelihood_threshold", "predictions": {"test": [-3.5647618770599365, -3.0061707496643066, -3.017782211303711, -5.139111518859863, -2.9569780826568604, -3.340991497039795, -3.857006072998047, -4.082169532775879, -3.7164506912231445, -2.8626089096069336, -4.165372371673584, -3.03786301612854, -2.9435160160064697, -3.4575021266937256, -3.5029215812683105, -3.588268995285034, -3.880347967147827, -3.2657299041748047, -3.789759874343872, -3.799470901489258, -4.142273426055908, -3.676225185394287, -4.321315765380859, -2.837026834487915, -3.826960325241089, -3.8602583408355713, -2.8927876949310303, -3.368854522705078, -4.188225746154785, -4.502969741821289]}, "acc_test": 0.5666666666666667, "precision_test": 0.5, "recall_test": 0.3076923076923077, "f1_test": 0.380952380952381, "auc_test": 0.7285067873303167}
{"name": "rank_threshold", "predictions": {"test": [-103.89655303955078, -97.33547973632812, -28.293785095214844, -635.7255859375, -52.41436767578125, -134.1241912841797, -537.9395751953125, -241.49342346191406, -282.33740234375, -192.32278442382812, -232.76023864746094, -170.70211791992188, -147.67721557617188, -209.73292541503906, -103.09558868408203, -62.60198974609375, -180.109375, -74.70689392089844, -277.5, -260.2648620605469, -545.3707885742188, -365.5500183105469, -511.43792724609375, -44.797386169433594, -231.76649475097656, -559.4556274414062, -36.20270538330078, -192.8333282470703, -349.3509826660156, -337.4691467285156]}, "acc_test": 0.6, "precision_test": 0.5454545454545454, "recall_test": 0.46153846153846156, "f1_test": 0.4999999999999999, "auc_test": 0.751131221719457}
{"name": "log_rank_threshold", "predictions": {"test": [-1.9097013473510742, -1.5571589469909668, -1.4972513914108276, -3.1435623168945312, -1.5052058696746826, -1.726657509803772, -2.115147829055786, -2.2725424766540527, -2.143724203109741, -1.45590341091156, -2.3191370964050293, -1.6132575273513794, -1.556084394454956, -1.8617897033691406, -1.9023172855377197, -1.924504041671753, -2.2610902786254883, -1.7601970434188843, -2.0960657596588135, -2.1171140670776367, -2.437145709991455, -2.060192108154297, -2.4363975524902344, -1.4308878183364868, -2.1989595890045166, -2.236224889755249, -1.47470223903656, -1.8554394245147705, -2.425342559814453, -2.6324222087860107]}, "acc_test": 0.5666666666666667, "precision_test": 0.5, "recall_test": 0.3076923076923077, "f1_test": 0.380952380952381, "auc_test": 0.7104072398190046}
{"name": "entropy_threshold", "predictions": {"test": [3.499457836151123, 3.3875226974487305, 3.4190211296081543, 4.939816951751709, 3.313652992248535, 3.3219499588012695, 4.2015061378479, 4.057856559753418, 3.6966912746429443, 3.190349578857422, 4.269256591796875, 3.1459102630615234, 3.31546688079834, 3.298999071121216, 3.714205503463745, 3.881856918334961, 3.753608226776123, 3.663365125656128, 3.615762710571289, 4.158962249755859, 4.524822235107422, 3.6174545288085938, 4.247025489807129, 3.2668466567993164, 3.876586437225342, 4.248202800750732, 3.0770139694213867, 3.4263060092926025, 4.025211334228516, 4.563106536865234]}, "acc_test": 0.6333333333333333, "precision_test": 0.5833333333333334, "recall_test": 0.5384615384615384, "f1_test": 0.5599999999999999, "auc_test": 0.7375565610859729}
{"name": "rank_GLTR_threshold", "predictions": {"test": [[0.6600985221674877, 0.19704433497536947, 0.12315270935960591, 0.019704433497536946], [0.7096774193548387, 0.18064516129032257, 0.08387096774193549, 0.025806451612903226], [0.751412429378531, 0.1864406779661017, 0.062146892655367235, 0.0], [0.4695121951219512, 0.21951219512195122, 0.18292682926829268, 0.12804878048780488], [0.7403314917127072, 0.18232044198895028, 0.06629834254143646, 0.011049723756906077], [0.6862745098039216, 0.19607843137254902, 0.08496732026143791, 0.032679738562091505], [0.6868131868131868, 0.14285714285714285, 0.07692307692307693, 0.09340659340659341], [0.5921052631578947, 0.21052631578947367, 0.13815789473684212, 0.05921052631578947], [0.6097560975609756, 0.22764227642276422, 0.12195121951219512, 0.04065040650406504], [0.759493670886076, 0.16455696202531644, 0.056962025316455694, 0.0189873417721519], [0.5906432748538012, 0.22807017543859648, 0.1286549707602339, 0.05263157894736842], [0.723404255319149, 0.14893617021276595, 0.09574468085106383, 0.031914893617021274], [0.7088607594936709, 0.18354430379746836, 0.0759493670886076, 0.03164556962025317], [0.6770186335403726, 0.18633540372670807, 0.07453416149068323, 0.062111801242236024], [0.6764705882352942, 0.22058823529411764, 0.08823529411764706, 0.014705882352941176], [0.6318407960199005, 0.23880597014925373, 0.11940298507462686, 0.009950248756218905], [0.5989583333333334, 0.19270833333333334, 0.15104166666666666, 0.057291666666666664], [0.6724137931034483, 0.23275862068965517, 0.07758620689655173, 0.017241379310344827], [0.6379310344827587, 0.20689655172413793, 0.09770114942528736, 0.05747126436781609], [0.6432432432432432, 0.15675675675675677, 0.11351351351351352, 0.08648648648648649], [0.5955056179775281, 0.19662921348314608, 0.10674157303370786, 0.10112359550561797], [0.65625, 0.19375, 0.08125, 0.06875], [0.5686274509803921, 0.2679738562091503, 0.10457516339869281, 0.058823529411764705], [0.7712418300653595, 0.16339869281045752, 0.05228758169934641, 0.013071895424836602], [0.649746192893401, 0.12690355329949238, 0.16751269035532995, 0.05583756345177665], [0.6449704142011834, 0.14201183431952663, 0.15384615384615385, 0.05917159763313609], [0.7364864864864865, 0.16216216216216217, 0.0945945945945946, 0.006756756756756757], [0.6720430107526881, 0.1827956989247312, 0.11827956989247312, 0.026881720430107527], [0.6026490066225165, 0.16556291390728478, 0.15894039735099338, 0.0728476821192053], [0.5185185185185185, 0.25925925925925924, 0.14814814814814814, 0.07407407407407407]]}, "acc_test": 0.6333333333333333, "precision_test": 0.6666666666666666, "recall_test": 0.3076923076923077, "f1_test": 0.42105263157894735, "auc_test": 0.6425339366515836}
{"name": "perturbation_10_z", "predictions": {"test": [-0.1199556290131525, 0.8374840422662444, 0.964175538431157, -0.7651122764465595, 0.47331914916472867, -0.18475671909545752, -0.5636577097455471, -0.5834817351421326, 0.46528351681572383, -0.9309838127738526, -0.6167791501412743, 0.8481073655258597, 1.3772333588700305, 0.21202320926826915, 0.012576467923919563, 0.6444072076067422, -0.10158984603883557, 0.24319164266809348, -0.05915048617236415, -0.4269863218602834, -0.3409602531222524, 0.4580990297650008, -0.9039206567963164, 0.8522805666376286, 0.5980592200836209, -0.5230169539389489, 0.602605615187971, 0.8545355159379111, -0.5060615754095212, -0.1721697543994337]}, "info": {"pct_words_masked": 0.3, "span_length": 2, "n_perturbations": 10}, "general": {"acc_test": 0.5666666666666667, "precision_test": 0.5, "recall_test": 0.46153846153846156, "f1_test": 0.48000000000000004, "auc_test": 0.6289592760180995}}
{"name": "GPT-sentinel", "acc": 0.8}
{"name": "roberta-base-openai-detector", "predictions": {"test": [0.00017024324915837497, 0.00017626195040065795, 0.00017076608492061496, 0.9922508597373962, 0.8617945313453674, 0.026018435135483742, 0.0002921700943261385, 0.0008378368802368641, 0.0003461492888163775, 0.00029152954812161624, 0.004472217056900263, 0.0005154014797881246, 0.009387550875544548, 0.0001702200243016705, 0.005216407589614391, 0.00017981629935093224, 0.000178276386577636, 0.0001763853506417945, 0.0055607701651751995, 0.00021091884991619736, 0.00016897614113986492, 0.00016936907195486128, 0.061604585498571396, 0.507087767124176, 0.0009041543235071003, 0.00039645915967412293, 0.0005690527614206076, 0.00018783663108479232, 0.0002673658018466085, 0.00022599373187404126]}, "logits": {"test": [-4.70190954208374, -4.687906265258789, -4.705142021179199, 2.5187184810638428, 0.885418713092804, -1.9483003616333008, -4.4024810791015625, -3.814093828201294, -4.3018412590026855, -4.407187461853027, -2.8788485527038574, -4.078964710235596, -2.5013766288757324, -4.708643913269043, -2.8356165885925293, -4.677305698394775, -4.675930023193359, -4.691915035247803, -2.778963804244995, -4.583419322967529, -4.71262788772583, -4.709966659545898, -1.4502005577087402, -0.04439806565642357, -3.751893997192383, -4.214741230010986, -4.044943809509277, -4.642795085906982, -4.445418834686279, -4.545456886291504]}, "acc_test": 0.5333333333333333, "precision_test": 0.3333333333333333, "recall_test": 0.07692307692307693, "f1_test": 0.125, "auc_test": 0.3619909502262444, "preds": [0.00017024324915837497, 0.8617945313453674, 0.0003461492888163775, 0.00029152954812161624, 0.0005154014797881246, 0.0001702200243016705, 0.005216407589614391, 0.00017981629935093224, 0.000178276386577636, 0.0001763853506417945, 0.00021091884991619736, 0.0005690527614206076, 0.00018783663108479232]}
{"name": "Hello-SimpleAI/chatgpt-detector-roberta", "predictions": {"test": [0.0024365042336285114, 0.006634541321545839, 0.00048063474241644144, 0.0003246428386773914, 0.03145177662372589, 0.8642194271087646, 0.023101981729269028, 0.009066690690815449, 0.00031070230761542916, 0.0009436148102395236, 0.0004813527630176395, 0.2857125699520111, 0.017998477444052696, 0.028332507237792015, 0.011809351854026318, 0.0046715522184967995, 0.0004988472210243344, 0.0008583785383962095, 0.00395871140062809, 0.003837983589619398, 0.0004440676420927048, 0.001958155771717429, 0.00030954746762290597, 0.08943367749452591, 0.011951944790780544, 0.000748730730265379, 0.26043620705604553, 0.00041489413706585765, 0.0004238188557792455, 0.00031553467852063477]}, "logits": {"test": [-2.8392016887664795, -2.416639566421509, -3.4697372913360596, -3.602760076522827, -1.7269223928451538, 0.9312806129455566, -1.8668262958526611, -2.2812867164611816, -3.6166763305664062, -3.2182610034942627, -3.4692089557647705, -0.5944052934646606, -1.9787943363189697, -1.7744964361190796, -2.165550470352173, -2.5667662620544434, -3.456475019454956, -3.254652500152588, -2.6368603706359863, -2.649914026260376, -3.4976038932800293, -2.928623914718628, -3.617851972579956, -1.2345796823501587, -2.1602659225463867, -3.3066389560699463, -0.6537680625915527, -3.5211427211761475, -3.5138139724731445, -3.6118218898773193]}, "acc_test": 0.5333333333333333, "precision_test": 0.0, "recall_test": 0.0, "f1_test": 0.0, "auc_test": 0.583710407239819, "preds": [0.0024365042336285114, 0.03145177662372589, 0.00031070230761542916, 0.0009436148102395236, 0.2857125699520111, 0.028332507237792015, 0.011809351854026318, 0.0046715522184967995, 0.0004988472210243344, 0.0008583785383962095, 0.003837983589619398, 0.26043620705604553, 0.00041489413706585765]}
{"name": "distilbert-base-uncased", "predictions": {"test": [0.9972946047782898, 0.02435336634516716, 0.00037631861050613225, 0.0013901394559070468, 0.9981010556221008, 0.9936078786849976, 0.9878475666046143, 0.00044560074456967413, 0.9985733032226562, 0.9987210631370544, 0.12328413873910904, 0.9932275414466858, 0.3141433596611023, 0.9987348914146423, 0.9982041120529175, 0.9973458647727966, 0.9978011250495911, 0.9984784722328186, 0.8502629995346069, 0.9947320222854614, 0.9972761273384094, 0.004906725138425827, 0.00047812017146497965, 0.8486899137496948, 0.9982888102531433, 0.9811887145042419, 0.6386220455169678, 0.9986043572425842, 0.0007511305739171803, 0.001701482106000185]}, "logits": {"test": [3.1937711238861084, -1.8787952661514282, -4.041561603546143, -3.329143524169922, 3.360078811645508, 2.762225866317749, 2.3545925617218018, -3.9113824367523193, 3.5193097591400146, 3.601252794265747, -0.9101602435112, 2.734480619430542, -0.34481313824653625, 3.554006576538086, 3.3889498710632324, 3.1677660942077637, 3.2962989807128906, 3.5211963653564453, 0.9963129162788391, 2.822361469268799, 3.210078239440918, -2.6896088123321533, -3.906571865081787, 0.9378527998924255, 3.43975830078125, 2.125283718109131, 0.3615640103816986, 3.5808088779449463, -3.588876724243164, -3.235642671585083]}, "acc_test": 0.7666666666666667, "precision_test": 0.65, "recall_test": 1.0, "f1_test": 0.787878787878788, "auc_test": 0.9230769230769231, "preds": [0.9972946047782898, 0.9981010556221008, 0.9985733032226562, 0.9987210631370544, 0.9932275414466858, 0.9987348914146423, 0.9982041120529175, 0.9973458647727966, 0.9978011250495911, 0.9984784722328186, 0.9947320222854614, 0.6386220455169678, 0.9986043572425842]}
{"name": "Radar", "total_logits": [[[-2.08964467048645, 1.9509638547897339]], [[-0.5560100078582764, 0.12245907634496689]], [[-1.6981263160705566, 1.3664124011993408]], [[-1.0304831266403198, 0.3974970877170563]], [[-0.23250062763690948, -0.11781252175569534]], [[-0.3079138994216919, -0.1875290870666504]], [[-2.124830722808838, 1.912366509437561]], [[-1.4349911212921143, 1.0937721729278564]], [[-0.48109883069992065, 0.07929323613643646]], [[0.5138260722160339, -0.6026957631111145]], [[-0.15900252759456635, -0.37681305408477783]], [[-1.0377514362335205, 0.9462757110595703]], [[-1.6924422979354858, 1.5843555927276611]], [[0.7372604012489319, -1.1948041915893555]], [[-0.116106778383255, -0.2000916451215744]], [[-1.7253711223602295, 1.6455317735671997]], [[-0.7686567902565002, 0.4907265305519104]], [[2.0157666206359863, -1.9332871437072754]], [[-2.394277811050415, 2.3325161933898926]], [[0.18826349079608917, -0.6752073168754578]], [[-0.14903603494167328, -0.7068340182304382]], [[-1.204946517944336, 0.6297665238380432]], [[2.535907030105591, -2.783994436264038]], [[-0.12787573039531708, -0.1957680881023407]], [[-2.717525005340576, 2.488168716430664]], [[-0.008478018455207348, -0.22338692843914032]], [[0.46752291917800903, -0.9641085267066956]], [[0.1599993258714676, -0.5391165614128113]], [[-1.131369948387146, 0.9092381596565247]], [[0.053363654762506485, -0.5347082018852234]]], "acc": 0.6, "Notice": "LABEL_0 stands for MGT and LABEL_1 stands for HWT."}
