{"name": "likelihood_threshold", "predictions": {"test": [-3.2468783855438232, -3.0061707496643066, -3.017782211303711, -5.139111518859863, -3.0080299377441406, -3.340991497039795, -3.857006072998047, -4.082169532775879, -3.819995880126953, -2.4481067657470703, -4.165372371673584, -2.6107733249664307, -2.9435160160064697, -2.7498326301574707, -2.8302574157714844, -3.0429701805114746, -3.7030298709869385, -2.9498698711395264, -3.789759874343872, -2.843716859817505, -4.142273426055908, -3.676225185394287, -4.321315765380859, -2.837026834487915, -3.826960325241089, -3.8602583408355713, -2.6825056076049805, -3.205418586730957, -4.188225746154785, -4.502969741821289]}, "acc_test": 0.7333333333333333, "precision_test": 0.6923076923076923, "recall_test": 0.6923076923076923, "f1_test": 0.6923076923076923, "auc_test": 0.8597285067873304}
{"name": "rank_threshold", "predictions": {"test": [-67.52205657958984, -97.33547973632812, -28.293785095214844, -635.7255859375, -138.4923095703125, -134.1241912841797, -537.9395751953125, -241.49342346191406, -436.9459533691406, -107.29370880126953, -232.76023864746094, -43.57143020629883, -147.67721557617188, -72.64102935791016, -38.20863342285156, -34.12643814086914, -158.48275756835938, -44.221309661865234, -277.5, -78.09150695800781, -545.3707885742188, -365.5500183105469, -511.43792724609375, -44.797386169433594, -231.76649475097656, -559.4556274414062, -41.407142639160156, -292.9545593261719, -349.3509826660156, -337.4691467285156]}, "acc_test": 0.7666666666666667, "precision_test": 0.6875, "recall_test": 0.8461538461538461, "f1_test": 0.7586206896551724, "auc_test": 0.8009049773755655}
{"name": "log_rank_threshold", "predictions": {"test": [-1.7238887548446655, -1.5571589469909668, -1.4972513914108276, -3.1435623168945312, -1.584731101989746, -1.726657509803772, -2.115147829055786, -2.2725424766540527, -2.1562864780426025, -1.2484984397888184, -2.3191370964050293, -1.300120234489441, -1.556084394454956, -1.4541345834732056, -1.4366483688354492, -1.5524559020996094, -2.120173692703247, -1.5110695362091064, -2.0960657596588135, -1.445268154144287, -2.437145709991455, -2.060192108154297, -2.4363975524902344, -1.4308878183364868, -2.1989595890045166, -2.236224889755249, -1.3582323789596558, -1.7334321737289429, -2.425342559814453, -2.6324222087860107]}, "acc_test": 0.7333333333333333, "precision_test": 0.6923076923076923, "recall_test": 0.6923076923076923, "f1_test": 0.6923076923076923, "auc_test": 0.8371040723981901}
{"name": "entropy_threshold", "predictions": {"test": [3.6798949241638184, 3.3875226974487305, 3.4190211296081543, 4.939816951751709, 3.2953171730041504, 3.3219499588012695, 4.2015061378479, 4.057856559753418, 3.5417473316192627, 2.8799781799316406, 4.269256591796875, 2.948328733444214, 3.31546688079834, 3.1100804805755615, 3.335420608520508, 3.468813896179199, 3.862643003463745, 3.3372609615325928, 3.615762710571289, 3.4597482681274414, 4.524822235107422, 3.6174545288085938, 4.247025489807129, 3.2668466567993164, 3.876586437225342, 4.248202800750732, 3.1413068771362305, 3.5158379077911377, 4.025211334228516, 4.563106536865234]}, "acc_test": 0.7, "precision_test": 0.6428571428571429, "recall_test": 0.6923076923076923, "f1_test": 0.6666666666666666, "auc_test": 0.8144796380090498}
{"name": "rank_GLTR_threshold", "predictions": {"test": [[0.7132352941176471, 0.14705882352941177, 0.11764705882352941, 0.022058823529411766], [0.7096774193548387, 0.18064516129032257, 0.08387096774193549, 0.025806451612903226], [0.751412429378531, 0.1864406779661017, 0.062146892655367235, 0.0], [0.4695121951219512, 0.21951219512195122, 0.18292682926829268, 0.12804878048780488], [0.7153846153846154, 0.2076923076923077, 0.046153846153846156, 0.03076923076923077], [0.6862745098039216, 0.19607843137254902, 0.08496732026143791, 0.032679738562091505], [0.6868131868131868, 0.14285714285714285, 0.07692307692307693, 0.09340659340659341], [0.5921052631578947, 0.21052631578947367, 0.13815789473684212, 0.05921052631578947], [0.6824324324324325, 0.11486486486486487, 0.10810810810810811, 0.0945945945945946], [0.8111888111888111, 0.11888111888111888, 0.04195804195804196, 0.027972027972027972], [0.5906432748538012, 0.22807017543859648, 0.1286549707602339, 0.05263157894736842], [0.7637362637362637, 0.18681318681318682, 0.038461538461538464, 0.01098901098901099], [0.7088607594936709, 0.18354430379746836, 0.0759493670886076, 0.03164556962025317], [0.75, 0.16025641025641027, 0.07051282051282051, 0.019230769230769232], [0.7266187050359713, 0.19424460431654678, 0.07194244604316546, 0.007194244604316547], [0.7126436781609196, 0.21264367816091953, 0.07471264367816093, 0.0], [0.6275862068965518, 0.20689655172413793, 0.1310344827586207, 0.034482758620689655], [0.7868852459016393, 0.13934426229508196, 0.06557377049180328, 0.00819672131147541], [0.6379310344827587, 0.20689655172413793, 0.09770114942528736, 0.05747126436781609], [0.7581699346405228, 0.13071895424836602, 0.09803921568627451, 0.013071895424836602], [0.5955056179775281, 0.19662921348314608, 0.10674157303370786, 0.10112359550561797], [0.65625, 0.19375, 0.08125, 0.06875], [0.5686274509803921, 0.2679738562091503, 0.10457516339869281, 0.058823529411764705], [0.7712418300653595, 0.16339869281045752, 0.05228758169934641, 0.013071895424836602], [0.649746192893401, 0.12690355329949238, 0.16751269035532995, 0.05583756345177665], [0.6449704142011834, 0.14201183431952663, 0.15384615384615385, 0.05917159763313609], [0.7714285714285715, 0.15, 0.07142857142857142, 0.007142857142857143], [0.7012987012987013, 0.15584415584415584, 0.1038961038961039, 0.03896103896103896], [0.6026490066225165, 0.16556291390728478, 0.15894039735099338, 0.0728476821192053], [0.5185185185185185, 0.25925925925925924, 0.14814814814814814, 0.07407407407407407]]}, "acc_test": 0.7333333333333333, "precision_test": 0.7777777777777778, "recall_test": 0.5384615384615384, "f1_test": 0.6363636363636364, "auc_test": 0.8597285067873304}
{"name": "perturbation_10_z", "predictions": {"test": [0.241173195846824, 0.313993615234194, 0.4794034851368594, -1.614907836186937, 0.9167096126218744, 0.3122884321383662, -0.5892811067357964, -0.4455032455583801, 0.22958464303514703, 1.9051407513309828, -0.37238584892854926, 0.24731060990072806, 1.346871518535281, 1.501657179006391, 1.538518529649646, 0.8806115525826613, 0.3770943299418399, 0.053860973403997446, -0.8650713014938265, 0.28134688338441527, -0.35543947946013577, 0.32007221415012377, -0.29191869696544487, 1.228864548441927, 0.8258959571504888, -1.8191201694844628, 1.0261192081834236, -0.5189420644879993, -1.1326089686206957, -1.2223235422630399]}, "info": {"pct_words_masked": 0.3, "span_length": 2, "n_perturbations": 10}, "general": {"acc_test": 0.6666666666666666, "precision_test": 0.6363636363636364, "recall_test": 0.5384615384615384, "f1_test": 0.5833333333333334, "auc_test": 0.746606334841629}}
{"name": "GPT-sentinel", "acc": 0.7666666666666667}
{"name": "roberta-base-openai-detector", "predictions": {"test": [0.05138440802693367, 0.00017626195040065795, 0.00017076592484954745, 0.9922508597373962, 0.027534982189536095, 0.026018371805548668, 0.0002921700943261385, 0.0008378353086300194, 0.0016179971862584352, 0.004962273873388767, 0.004472238011658192, 0.6890616416931152, 0.009387560188770294, 0.0002460472169332206, 0.9571603536605835, 0.0006707467837259173, 0.0005555135430768132, 0.0005181142478249967, 0.0055607701651751995, 0.8029986619949341, 0.00016897614113986492, 0.00016936907195486128, 0.061604585498571396, 0.507087767124176, 0.0009041543235071003, 0.00039645915967412293, 0.003190988441929221, 0.0001821844489313662, 0.0002673658018466085, 0.00022599373187404126]}, "logits": {"test": [-1.5665611028671265, -4.687906265258789, -4.705142498016357, 2.518718719482422, -1.9304749965667725, -1.9483014345169067, -4.4024810791015625, -3.8140947818756104, -3.427701711654663, -2.8600714206695557, -2.8788461685180664, 0.34723153710365295, -2.501375913619995, -4.504678726196289, 1.554547667503357, -3.9450278282165527, -4.057111740112305, -4.099863052368164, -2.778963804244995, 0.6659051179885864, -4.71262788772583, -4.709966659545898, -1.4502005577087402, -0.04439806565642357, -3.751893997192383, -4.214741230010986, -3.101465940475464, -4.666085243225098, -4.445418834686279, -4.545456886291504]}, "acc_test": 0.6, "precision_test": 0.6, "recall_test": 0.23076923076923078, "f1_test": 0.33333333333333337, "auc_test": 0.6334841628959276, "preds": [0.05138440802693367, 0.027534982189536095, 0.0016179971862584352, 0.004962273873388767, 0.6890616416931152, 0.0002460472169332206, 0.9571603536605835, 0.0006707467837259173, 0.0005555135430768132, 0.0005181142478249967, 0.8029986619949341, 0.003190988441929221, 0.0001821844489313662]}
{"name": "Hello-SimpleAI/chatgpt-detector-roberta", "predictions": {"test": [0.9930738210678101, 0.006634535267949104, 0.00048063474241644144, 0.0003246428386773914, 0.27385273575782776, 0.8642202019691467, 0.023102011531591415, 0.009066661819815636, 0.0022269778419286013, 0.007010407280176878, 0.00048135253018699586, 0.9798745512962341, 0.017998451367020607, 0.9918095469474792, 0.31438586115837097, 0.013453318737447262, 0.024979235604405403, 0.02254648692905903, 0.00395871140062809, 0.968798816204071, 0.0004440676420927048, 0.001958155771717429, 0.00030954746762290597, 0.08943367749452591, 0.011951944790780544, 0.000748730730265379, 0.9765757322311401, 0.0032283328473567963, 0.0004238188557792455, 0.00031553467852063477]}, "logits": {"test": [2.2663462162017822, -2.416639804840088, -3.4697372913360596, -3.6027603149414062, -0.6215716004371643, 0.9312838315963745, -1.8668254613876343, -2.281287908554077, -2.876128673553467, -2.3928685188293457, -3.4692091941833496, 1.8094842433929443, -1.9787949323654175, 2.1955695152282715, -0.5314527750015259, -2.1080901622772217, -1.8315671682357788, -1.8777958154678345, -2.6368603706359863, 1.6168346405029297, -3.4976038932800293, -2.928623914718628, -3.617851972579956, -1.2345796823501587, -2.1602659225463867, -3.3066389560699463, 1.7431503534317017, -2.7224836349487305, -3.5138139724731445, -3.6118218898773193]}, "acc_test": 0.7, "precision_test": 0.8333333333333334, "recall_test": 0.38461538461538464, "f1_test": 0.5263157894736842, "auc_test": 0.8506787330316743, "preds": [0.9930738210678101, 0.27385273575782776, 0.0022269778419286013, 0.007010407280176878, 0.9798745512962341, 0.9918095469474792, 0.31438586115837097, 0.013453318737447262, 0.024979235604405403, 0.02254648692905903, 0.968798816204071, 0.9765757322311401, 0.0032283328473567963]}
{"name": "distilbert-base-uncased", "predictions": {"test": [0.9915028810501099, 0.02435336634516716, 0.00037631861050613225, 0.0013901394559070468, 0.9249408841133118, 0.9936078786849976, 0.9878475666046143, 0.00044560074456967413, 0.9920843839645386, 0.998474657535553, 0.12328413873910904, 0.9925445318222046, 0.3141433596611023, 0.9986708164215088, 0.9979209303855896, 0.6259875893592834, 0.9896629452705383, 0.9984509944915771, 0.8502629995346069, 0.9892078042030334, 0.9972761273384094, 0.004906725138425827, 0.00047812017146497965, 0.8486899137496948, 0.9982888102531433, 0.9811887145042419, 0.997776448726654, 0.998336672782898, 0.0007511305739171803, 0.001701482106000185]}, "logits": {"test": [2.5343017578125, -1.8787952661514282, -4.041561603546143, -3.329143524169922, 1.3887234926223755, 2.762225866317749, 2.3545925617218018, -3.9113824367523193, 2.6176581382751465, 3.5177905559539795, -0.9101602435112, 2.6672263145446777, -0.34481313824653625, 3.538393497467041, 3.3427348136901855, 0.29728877544403076, 2.4491751194000244, 3.5118370056152344, 0.9963129162788391, 2.407072067260742, 3.210078239440918, -2.6896088123321533, -3.906571865081787, 0.9378527998924255, 3.43975830078125, 2.125283718109131, 3.3459372520446777, 3.4840247631073, -3.588876724243164, -3.235642671585083]}, "acc_test": 0.7666666666666667, "precision_test": 0.65, "recall_test": 1.0, "f1_test": 0.787878787878788, "auc_test": 0.8687782805429864, "preds": [0.9915028810501099, 0.9249408841133118, 0.9920843839645386, 0.998474657535553, 0.9925445318222046, 0.9986708164215088, 0.9979209303855896, 0.6259875893592834, 0.9896629452705383, 0.9984509944915771, 0.9892078042030334, 0.997776448726654, 0.998336672782898]}
{"name": "Radar", "total_logits": [[[0.5947608947753906, -0.888636589050293]], [[-0.5560100078582764, 0.12245907634496689]], [[-1.6981263160705566, 1.3664124011993408]], [[-1.0304831266403198, 0.3974970877170563]], [[0.7536014318466187, -1.1054863929748535]], [[-0.3079138994216919, -0.1875290870666504]], [[-2.124830722808838, 1.912366509437561]], [[-1.4349911212921143, 1.0937721729278564]], [[2.7842891216278076, -3.0526256561279297]], [[1.315748691558838, -1.4201734066009521]], [[-0.15900252759456635, -0.37681305408477783]], [[-0.43633943796157837, 0.07835008203983307]], [[-1.6924422979354858, 1.5843555927276611]], [[2.5484097003936768, -2.737873077392578]], [[1.1956597566604614, -1.4072651863098145]], [[-1.3913315534591675, 1.2756366729736328]], [[0.5050947070121765, -1.0324666500091553]], [[1.8027068376541138, -1.9035999774932861]], [[-2.394277811050415, 2.3325161933898926]], [[-0.9012824892997742, 0.5650057196617126]], [[-0.14903603494167328, -0.7068340182304382]], [[-1.204946517944336, 0.6297665238380432]], [[2.535907030105591, -2.783994436264038]], [[-0.12787573039531708, -0.1957680881023407]], [[-2.717525005340576, 2.488168716430664]], [[-0.008478018455207348, -0.22338692843914032]], [[1.8544403314590454, -2.3286163806915283]], [[-0.11727544665336609, -0.31468355655670166]], [[-1.131369948387146, 0.9092381596565247]], [[0.053363654762506485, -0.5347082018852234]]], "acc": 0.7, "Notice": "LABEL_0 stands for MGT and LABEL_1 stands for HWT."}
