{"name": "likelihood_threshold", "predictions": {"test": [-3.6269795894622803, -3.0061707496643066, -3.017782211303711, -5.139111518859863, -2.6149911880493164, -3.340991497039795, -3.857006072998047, -4.082169532775879, -4.145832061767578, -2.7161896228790283, -4.165372371673584, -2.2686188220977783, -2.9435160160064697, -2.7384307384490967, -3.3310742378234863, -3.077133893966675, -3.631901502609253, -2.69077730178833, -3.789759874343872, -3.4126975536346436, -4.142273426055908, -3.676225185394287, -4.321315765380859, -2.837026834487915, -3.826960325241089, -3.8602583408355713, -2.692225217819214, -3.444059133529663, -4.188225746154785, -4.502969741821289]}, "acc_test": 0.6666666666666666, "precision_test": 0.6363636363636364, "recall_test": 0.5384615384615384, "f1_test": 0.5833333333333334, "auc_test": 0.8190045248868779}
{"name": "rank_threshold", "predictions": {"test": [-109.73885345458984, -97.33547973632812, -28.293785095214844, -635.7255859375, -86.66285705566406, -134.1241912841797, -537.9395751953125, -241.49342346191406, -367.2702941894531, -99.37762451171875, -232.76023864746094, -22.699420928955078, -147.67721557617188, -71.09883880615234, -62.8671875, -72.93641662597656, -161.25714111328125, -25.544116973876953, -277.5, -146.63815307617188, -545.3707885742188, -365.5500183105469, -511.43792724609375, -44.797386169433594, -231.76649475097656, -559.4556274414062, -67.83636474609375, -166.43536376953125, -349.3509826660156, -337.4691467285156]}, "acc_test": 0.7666666666666667, "precision_test": 0.6875, "recall_test": 0.8461538461538461, "f1_test": 0.7586206896551724, "auc_test": 0.8099547511312217}
{"name": "log_rank_threshold", "predictions": {"test": [-2.041005849838257, -1.5571589469909668, -1.4972513914108276, -3.1435623168945312, -1.2954583168029785, -1.726657509803772, -2.115147829055786, -2.2725424766540527, -2.418726921081543, -1.463625431060791, -2.3191370964050293, -1.0801969766616821, -1.556084394454956, -1.462825894355774, -1.8015363216400146, -1.639512538909912, -2.0846450328826904, -1.318360686302185, -2.0960657596588135, -1.8771045207977295, -2.437145709991455, -2.060192108154297, -2.4363975524902344, -1.4308878183364868, -2.1989595890045166, -2.236224889755249, -1.4166303873062134, -1.8493938446044922, -2.425342559814453, -2.6324222087860107]}, "acc_test": 0.6666666666666666, "precision_test": 0.6363636363636364, "recall_test": 0.5384615384615384, "f1_test": 0.5833333333333334, "auc_test": 0.8009049773755657}
{"name": "entropy_threshold", "predictions": {"test": [3.6477603912353516, 3.3875226974487305, 3.4190211296081543, 4.939816951751709, 3.027851104736328, 3.3219499588012695, 4.2015061378479, 4.057856559753418, 4.081070423126221, 2.9677414894104004, 4.269256591796875, 2.618946075439453, 3.31546688079834, 3.0173211097717285, 3.722071647644043, 3.368238687515259, 3.700063467025757, 3.3369693756103516, 3.615762710571289, 3.701357364654541, 4.524822235107422, 3.6174545288085938, 4.247025489807129, 3.2668466567993164, 3.876586437225342, 4.248202800750732, 3.0458357334136963, 3.730149745941162, 4.025211334228516, 4.563106536865234]}, "acc_test": 0.6333333333333333, "precision_test": 0.5833333333333334, "recall_test": 0.5384615384615384, "f1_test": 0.5599999999999999, "auc_test": 0.7692307692307692}
{"name": "rank_GLTR_threshold", "predictions": {"test": [[0.6178343949044586, 0.2229299363057325, 0.1337579617834395, 0.025477707006369428], [0.7096774193548387, 0.18064516129032257, 0.08387096774193549, 0.025806451612903226], [0.751412429378531, 0.1864406779661017, 0.062146892655367235, 0.0], [0.4695121951219512, 0.21951219512195122, 0.18292682926829268, 0.12804878048780488], [0.7828571428571428, 0.16, 0.045714285714285714, 0.011428571428571429], [0.6862745098039216, 0.19607843137254902, 0.08496732026143791, 0.032679738562091505], [0.6868131868131868, 0.14285714285714285, 0.07692307692307693, 0.09340659340659341], [0.5921052631578947, 0.21052631578947367, 0.13815789473684212, 0.05921052631578947], [0.5945945945945946, 0.16216216216216217, 0.1891891891891892, 0.05405405405405406], [0.7412587412587412, 0.18181818181818182, 0.06293706293706294, 0.013986013986013986], [0.5906432748538012, 0.22807017543859648, 0.1286549707602339, 0.05263157894736842], [0.8265895953757225, 0.10982658959537572, 0.057803468208092484, 0.005780346820809248], [0.7088607594936709, 0.18354430379746836, 0.0759493670886076, 0.03164556962025317], [0.7441860465116279, 0.1569767441860465, 0.08139534883720931, 0.01744186046511628], [0.671875, 0.2265625, 0.0859375, 0.015625], [0.7109826589595376, 0.17341040462427745, 0.09826589595375723, 0.017341040462427744], [0.6285714285714286, 0.2057142857142857, 0.12, 0.045714285714285714], [0.7573529411764706, 0.18382352941176472, 0.051470588235294115, 0.007352941176470588], [0.6379310344827587, 0.20689655172413793, 0.09770114942528736, 0.05747126436781609], [0.6710526315789473, 0.17105263157894737, 0.1118421052631579, 0.046052631578947366], [0.5955056179775281, 0.19662921348314608, 0.10674157303370786, 0.10112359550561797], [0.65625, 0.19375, 0.08125, 0.06875], [0.5686274509803921, 0.2679738562091503, 0.10457516339869281, 0.058823529411764705], [0.7712418300653595, 0.16339869281045752, 0.05228758169934641, 0.013071895424836602], [0.649746192893401, 0.12690355329949238, 0.16751269035532995, 0.05583756345177665], [0.6449704142011834, 0.14201183431952663, 0.15384615384615385, 0.05917159763313609], [0.7363636363636363, 0.17272727272727273, 0.06363636363636363, 0.02727272727272727], [0.6394557823129252, 0.24489795918367346, 0.08163265306122448, 0.034013605442176874], [0.6026490066225165, 0.16556291390728478, 0.15894039735099338, 0.0728476821192053], [0.5185185185185185, 0.25925925925925924, 0.14814814814814814, 0.07407407407407407]]}, "acc_test": 0.7, "precision_test": 0.75, "recall_test": 0.46153846153846156, "f1_test": 0.5714285714285714, "auc_test": 0.7194570135746606}
{"name": "perturbation_10_z", "predictions": {"test": [-0.22542453603520526, 0.5979341013962622, 0.7042889282719151, -1.3603373193010118, 0.9513079348584352, -0.026553935395987414, 0.4596529123265764, -0.18458848938779338, -0.7530443336611459, 0.3044662390870361, -2.299763417776139, 1.0552913210161632, 1.998376499266035, 0.9063071486124361, 0.566937386140622, 1.5764191788454305, -0.7142022172112987, 0.33712651935471505, -0.04863818370419997, -0.35747278901800045, -0.09716859775042697, 0.30713587962712613, -0.5210399264585324, 0.564335373112839, 0.5146363641070257, -0.7095650261391623, 0.6500604843523776, 0.00673629318915437, -0.5532975737447895, 0.20793720733427062]}, "info": {"pct_words_masked": 0.3, "span_length": 2, "n_perturbations": 10}, "general": {"acc_test": 0.5666666666666667, "precision_test": 0.5, "recall_test": 0.46153846153846156, "f1_test": 0.48000000000000004, "auc_test": 0.6199095022624435}}
{"name": "GPT-sentinel", "acc": 0.8}
{"name": "roberta-base-openai-detector", "predictions": {"test": [0.00017081886471714824, 0.00017626195040065795, 0.00017076592484954745, 0.9922508597373962, 0.14249233901500702, 0.026018371805548668, 0.0002921700943261385, 0.0008378353086300194, 0.0005410801968537271, 0.000211264836252667, 0.004472238011658192, 0.00017153147200588137, 0.009387560188770294, 0.0002523048024158925, 0.00854535773396492, 0.00042974555981345475, 0.44123682379722595, 0.6294617652893066, 0.0055607701651751995, 0.0002320673520443961, 0.00016897614113986492, 0.00016936907195486128, 0.061604585498571396, 0.507087767124176, 0.0009041543235071003, 0.00039645915967412293, 0.02438022568821907, 0.00016849426901899278, 0.0002673658018466085, 0.00022599373187404126]}, "logits": {"test": [-4.702512741088867, -4.687906265258789, -4.705142498016357, 2.518718719482422, -0.9975695610046387, -1.9483014345169067, -4.4024810791015625, -3.8140947818756104, -4.061193466186523, -4.591368675231934, -2.8788461685180664, -4.705026149749756, -2.501375913619995, -4.491274356842041, -2.5664665699005127, -4.1794867515563965, -0.17351306974887848, 0.20504793524742126, -2.778963804244995, -4.5297465324401855, -4.71262788772583, -4.709966659545898, -1.4502005577087402, -0.04439806565642357, -3.751893997192383, -4.214741230010986, -1.9945701360702515, -4.712374210357666, -4.445418834686279, -4.545456886291504]}, "acc_test": 0.5333333333333333, "precision_test": 0.3333333333333333, "recall_test": 0.07692307692307693, "f1_test": 0.125, "auc_test": 0.4841628959276018, "preds": [0.00017081886471714824, 0.14249233901500702, 0.0005410801968537271, 0.000211264836252667, 0.00017153147200588137, 0.0002523048024158925, 0.00854535773396492, 0.00042974555981345475, 0.44123682379722595, 0.6294617652893066, 0.0002320673520443961, 0.02438022568821907, 0.00016849426901899278]}
{"name": "Hello-SimpleAI/chatgpt-detector-roberta", "predictions": {"test": [0.026644175872206688, 0.006634535267949104, 0.00048063474241644144, 0.0003246428386773914, 0.029377875849604607, 0.8642202019691467, 0.023102011531591415, 0.009066661819815636, 0.0023969521280378103, 0.001702600042335689, 0.00048135253018699586, 0.9899753928184509, 0.017998451367020607, 0.9772180914878845, 0.05313508212566376, 0.0015484471805393696, 0.007482379209250212, 0.29709482192993164, 0.00395871140062809, 0.01611327938735485, 0.0004440676420927048, 0.001958155771717429, 0.00030954746762290597, 0.08943367749452591, 0.011951944790780544, 0.000748730730265379, 0.9675013422966003, 0.0020427589770406485, 0.0004238188557792455, 0.00031553467852063477]}, "logits": {"test": [-1.8023601770401, -2.416639804840088, -3.4697372913360596, -3.6027603149414062, -1.7580111026763916, 0.9312838315963745, -1.8668254613876343, -2.281287908554077, -2.845937728881836, -2.985231876373291, -3.4692091941833496, 2.109743356704712, -1.9787949323654175, 1.7553350925445557, -1.4842740297317505, -3.0233638286590576, -2.3646984100341797, -0.5688848495483398, -2.6368603706359863, -2.0281009674072266, -3.4976038932800293, -2.928623914718628, -3.617851972579956, -1.2345796823501587, -2.1602659225463867, -3.3066389560699463, 1.598740577697754, -2.9114091396331787, -3.5138139724731445, -3.6118218898773193]}, "acc_test": 0.6333333333333333, "precision_test": 0.75, "recall_test": 0.23076923076923078, "f1_test": 0.3529411764705882, "auc_test": 0.7692307692307692, "preds": [0.026644175872206688, 0.029377875849604607, 0.0023969521280378103, 0.001702600042335689, 0.9899753928184509, 0.9772180914878845, 0.05313508212566376, 0.0015484471805393696, 0.007482379209250212, 0.29709482192993164, 0.01611327938735485, 0.9675013422966003, 0.0020427589770406485]}
{"name": "distilbert-base-uncased", "predictions": {"test": [0.9924103021621704, 0.02435336634516716, 0.00037631861050613225, 0.0013901394559070468, 0.9984276294708252, 0.9936078786849976, 0.9878475666046143, 0.00044560074456967413, 0.9984604120254517, 0.9987373948097229, 0.12328413873910904, 0.9909887909889221, 0.3141433596611023, 0.9985198378562927, 0.9980626702308655, 0.9764096736907959, 0.9984834790229797, 0.9981671571731567, 0.8502629995346069, 0.97413569688797, 0.9972761273384094, 0.004906725138425827, 0.00047812017146497965, 0.8486899137496948, 0.9982888102531433, 0.9811887145042419, 0.998091995716095, 0.9960861206054688, 0.0007511305739171803, 0.001701482106000185]}, "logits": {"test": [2.6568329334259033, -1.8787952661514282, -4.041561603546143, -3.329143524169922, 3.492432117462158, 2.762225866317749, 2.3545925617218018, -3.9113824367523193, 3.5414090156555176, 3.62359619140625, -0.9101602435112, 2.5715765953063965, -0.34481313824653625, 3.5029067993164062, 3.395918369293213, 2.0536091327667236, 3.4659550189971924, 3.4216597080230713, 0.9963129162788391, 2.014101028442383, 3.210078239440918, -2.6896088123321533, -3.906571865081787, 0.9378527998924255, 3.43975830078125, 2.125283718109131, 3.4205424785614014, 3.0529580116271973, -3.588876724243164, -3.235642671585083]}, "acc_test": 0.7666666666666667, "precision_test": 0.65, "recall_test": 1.0, "f1_test": 0.787878787878788, "auc_test": 0.9049773755656108, "preds": [0.9924103021621704, 0.9984276294708252, 0.9984604120254517, 0.9987373948097229, 0.9909887909889221, 0.9985198378562927, 0.9980626702308655, 0.9764096736907959, 0.9984834790229797, 0.9981671571731567, 0.97413569688797, 0.998091995716095, 0.9960861206054688]}
{"name": "Radar", "total_logits": [[[-2.0858142375946045, 1.8469094038009644]], [[-0.5560100078582764, 0.12245907634496689]], [[-1.6981263160705566, 1.3664124011993408]], [[-1.0304831266403198, 0.3974970877170563]], [[-0.45419612526893616, 0.03598831966519356]], [[-0.3079138994216919, -0.1875290870666504]], [[-2.124830722808838, 1.912366509437561]], [[-1.4349911212921143, 1.0937721729278564]], [[3.185091972351074, -3.376255989074707]], [[1.0521516799926758, -1.2014268636703491]], [[-0.15900252759456635, -0.37681305408477783]], [[0.18404798209667206, -0.5780024528503418]], [[-1.6924422979354858, 1.5843555927276611]], [[0.49484020471572876, -0.7577112317085266]], [[0.7354175448417664, -1.1110845804214478]], [[-1.5122121572494507, 1.2922860383987427]], [[1.561897873878479, -2.0584676265716553]], [[2.281993865966797, -2.352320671081543]], [[-2.394277811050415, 2.3325161933898926]], [[-0.1583227813243866, -0.2730778753757477]], [[-0.14903603494167328, -0.7068340182304382]], [[-1.204946517944336, 0.6297665238380432]], [[2.535907030105591, -2.783994436264038]], [[-0.12787573039531708, -0.1957680881023407]], [[-2.717525005340576, 2.488168716430664]], [[-0.008478018455207348, -0.22338692843914032]], [[1.7490599155426025, -2.193997383117676]], [[-0.027710439637303352, -0.3781193792819977]], [[-1.131369948387146, 0.9092381596565247]], [[0.053363654762506485, -0.5347082018852234]]], "acc": 0.7, "Notice": "LABEL_0 stands for MGT and LABEL_1 stands for HWT."}
