{"name": "likelihood_threshold", "predictions": {"test": [-2.11303448677063, -2.684386730194092, -3.623289108276367, -2.4719927310943604, -3.022137403488159, -2.3941195011138916, -2.418893814086914, -3.2162296772003174, -2.1504952907562256, -3.009824275970459, -3.205134153366089, -1.680576205253601, -2.4213778972625732, -2.022440195083618, -2.6381566524505615, -3.1535792350769043, -2.3226945400238037, -3.6540067195892334, -2.6373746395111084, -3.0105226039886475, -3.439519166946411, -2.5108983516693115, -2.3073952198028564, -2.797424554824829, -3.4143898487091064, -2.931403160095215, -3.315427303314209, -2.2080564498901367, -3.397475242614746, -2.5975170135498047]}, "acc_test": 0.5666666666666667, "precision_test": 0.5, "recall_test": 0.8461538461538461, "f1_test": 0.6285714285714286, "auc_test": 0.6244343891402715}
{"name": "rank_threshold", "predictions": {"test": [-12.34375, -57.577640533447266, -97.00775146484375, -88.32089233398438, -109.265625, -22.51369857788086, -31.867816925048828, -125.97468566894531, -59.98400115966797, -103.29564666748047, -225.88380432128906, -195.05796813964844, -89.51851654052734, -9.67391300201416, -108.125, -96.96226501464844, -160.90476989746094, -471.1748046875, -21.1171875, -99.67195129394531, -213.59503173828125, -22.527950286865234, -45.771854400634766, -98.02857208251953, -116.26271057128906, -91.76000213623047, -85.10400390625, -23.902437210083008, -98.82208251953125, -126.412841796875]}, "acc_test": 0.43333333333333335, "precision_test": 0.4230769230769231, "recall_test": 0.8461538461538461, "f1_test": 0.5641025641025641, "auc_test": 0.46153846153846156}
{"name": "log_rank_threshold", "predictions": {"test": [-0.8347820043563843, -1.3451297283172607, -1.9187688827514648, -1.1856576204299927, -1.569379448890686, -1.1010271310806274, -1.1613575220108032, -1.6690928936004639, -0.9499558806419373, -1.4594426155090332, -1.6615813970565796, -0.6490651965141296, -1.1135995388031006, -0.8313326239585876, -1.239349365234375, -1.656481385231018, -1.0479940176010132, -2.082206964492798, -1.2446811199188232, -1.5875579118728638, -1.8284056186676025, -1.1966750621795654, -1.1303083896636963, -1.4141080379486084, -1.7435181140899658, -1.5218735933303833, -1.75788414478302, -0.9244547486305237, -1.813700795173645, -1.3077194690704346]}, "acc_test": 0.5333333333333333, "precision_test": 0.4782608695652174, "recall_test": 0.8461538461538461, "f1_test": 0.6111111111111112, "auc_test": 0.6380090497737556}
{"name": "entropy_threshold", "predictions": {"test": [2.9576926231384277, 3.217320442199707, 3.6216471195220947, 3.058265209197998, 3.6618053913116455, 2.8591597080230713, 3.0989251136779785, 3.472970724105835, 2.903942108154297, 3.2356321811676025, 3.4163434505462646, 2.822838544845581, 3.1068782806396484, 3.0899765491485596, 3.7338032722473145, 3.6601946353912354, 3.0560519695281982, 4.226161479949951, 3.11926007270813, 3.124307155609131, 3.827829360961914, 3.000898599624634, 2.775117874145508, 3.2982003688812256, 3.462326765060425, 3.2713661193847656, 3.387704849243164, 3.3658363819122314, 3.770460605621338, 3.21482515335083]}, "acc_test": 0.4, "precision_test": 0.391304347826087, "recall_test": 0.6923076923076923, "f1_test": 0.5, "auc_test": 0.49321266968325794}
{"name": "rank_GLTR_threshold", "predictions": {"test": [[0.8671875, 0.109375, 0.0234375, 0.0], [0.8136645962732919, 0.13664596273291926, 0.031055900621118012, 0.018633540372670808], [0.6589147286821705, 0.20930232558139536, 0.10852713178294573, 0.023255813953488372], [0.8059701492537313, 0.13930348258706468, 0.04477611940298507, 0.009950248756218905], [0.7421875, 0.1328125, 0.1015625, 0.0234375], [0.8013698630136986, 0.15753424657534246, 0.03424657534246575, 0.00684931506849315], [0.8132183908045977, 0.14367816091954022, 0.034482758620689655, 0.008620689655172414], [0.7215189873417721, 0.189873417721519, 0.056962025316455694, 0.03164556962025317], [0.864, 0.08, 0.04, 0.016], [0.7565217391304347, 0.1565217391304348, 0.043478260869565216, 0.043478260869565216], [0.709480122324159, 0.2018348623853211, 0.05198776758409786, 0.03669724770642202], [0.9420289855072463, 0.043478260869565216, 0.007246376811594203, 0.007246376811594203], [0.8333333333333334, 0.12037037037037036, 0.032407407407407406, 0.013888888888888888], [0.8840579710144928, 0.08695652173913043, 0.028985507246376812, 0.0], [0.8359375, 0.0859375, 0.0390625, 0.0390625], [0.7169811320754716, 0.16037735849056603, 0.07547169811320754, 0.04716981132075472], [0.9047619047619048, 0.07142857142857142, 0.007936507936507936, 0.015873015873015872], [0.6503496503496503, 0.1888111888111888, 0.0979020979020979, 0.06293706293706294], [0.796875, 0.140625, 0.0625, 0.0], [0.708994708994709, 0.2222222222222222, 0.047619047619047616, 0.021164021164021163], [0.7107438016528925, 0.15702479338842976, 0.0743801652892562, 0.05785123966942149], [0.7888198757763976, 0.16770186335403728, 0.043478260869565216, 0.0], [0.814498933901919, 0.1300639658848614, 0.04904051172707889, 0.006396588486140725], [0.7514285714285714, 0.16285714285714287, 0.06857142857142857, 0.017142857142857144], [0.7033898305084746, 0.2288135593220339, 0.05084745762711865, 0.01694915254237288], [0.748, 0.164, 0.06, 0.028], [0.68, 0.224, 0.072, 0.024], [0.9024390243902439, 0.06504065040650407, 0.024390243902439025, 0.008130081300813009], [0.6748466257668712, 0.19631901840490798, 0.11042944785276074, 0.018404907975460124], [0.7752293577981652, 0.1559633027522936, 0.045871559633027525, 0.022935779816513763]]}, "acc_test": 0.5, "precision_test": 0.45, "recall_test": 0.6923076923076923, "f1_test": 0.5454545454545455, "auc_test": 0.6515837104072398}
{"name": "perturbation_10_z", "predictions": {"test": [0.4267764583428518, 1.634143155297108, -0.41362842748489037, 2.3342692132815155, 1.4762051133697431, 1.9851686368329262, 1.922609066786894, 1.4371545077646275, 0.4941294311652482, 0.53914189893802, 1.3535687047330502, 0.9359079811514187, 2.1347249677994897, 2.122969689964267, 0.6386212036693605, -0.023133419482858606, 1.1082698109330513, -0.5005371297631445, 1.9766325740581663, 0.6216885263753114, -0.004661059356240062, 1.138211703416287, 2.1731555024313383, 2.6619100818241024, -0.3905714622321966, 1.9742999523385234, -0.1490012078180386, 1.4092554626448586, 0.7770455657269273, 2.4516173728045376]}, "info": {"pct_words_masked": 0.3, "span_length": 2, "n_perturbations": 10}, "general": {"acc_test": 0.43333333333333335, "precision_test": 0.4166666666666667, "recall_test": 0.7692307692307693, "f1_test": 0.5405405405405406, "auc_test": 0.23529411764705885}}
{"name": "GPT-sentinel", "acc": 0.9666666666666667}
{"name": "roberta-base-openai-detector", "predictions": {"test": [0.9584070444107056, 0.30402517318725586, 0.00017039979866240174, 0.00018047606863547117, 0.25974467396736145, 0.9965646862983704, 0.0004007992392871529, 0.00018931011436507106, 0.1243189126253128, 0.7894698977470398, 0.00030501087894663215, 0.9998181462287903, 0.000271844444796443, 0.9998262524604797, 0.993924081325531, 0.029375264421105385, 0.9998183846473694, 0.00016720556595828384, 0.0008125485619530082, 0.00022718304535374045, 0.00023968526511453092, 0.0002234451094409451, 0.00017243190086446702, 0.0002185381599701941, 0.00017943573766388, 0.0003992498677689582, 0.5414053201675415, 0.9997130036354065, 0.0030470772180706263, 0.06624683737754822]}, "logits": {"test": [1.5534000396728516, -0.48196327686309814, -4.704805374145508, -4.677132606506348, -0.5859577059745789, 2.983800172805786, -4.225536346435547, -4.6431074142456055, -1.0783456563949585, 0.6180220246315002, -4.3664140701293945, 4.682286739349365, -4.442361354827881, 4.699390411376953, 2.6348037719726562, -1.889916181564331, 4.68033504486084, -4.717746734619141, -3.832359552383423, -4.551865577697754, -4.514346599578857, -4.557939052581787, -4.701970100402832, -4.562953948974609, -4.681084632873535, -4.2260212898254395, 0.01889420859515667, 4.394144535064697, -3.1317336559295654, -1.42774498462677]}, "acc_test": 0.8, "precision_test": 0.8888888888888888, "recall_test": 0.6153846153846154, "f1_test": 0.7272727272727274, "auc_test": 0.8280542986425339, "preds": [0.9584070444107056, 0.25974467396736145, 0.1243189126253128, 0.7894698977470398, 0.9998181462287903, 0.9998262524604797, 0.993924081325531, 0.029375264421105385, 0.9998183846473694, 0.00016720556595828384, 0.00022718304535374045, 0.5414053201675415, 0.9997130036354065]}
{"name": "Hello-SimpleAI/chatgpt-detector-roberta", "predictions": {"test": [0.9991457462310791, 0.9833789467811584, 0.919991672039032, 0.30479204654693604, 0.971122682094574, 0.9756130576133728, 0.2434655725955963, 0.010614234022796154, 0.9992423057556152, 0.9992249011993408, 0.007882701233029366, 0.9991633892059326, 0.012282411567866802, 0.9992426633834839, 0.9990756511688232, 0.9950166344642639, 0.9985778331756592, 0.01919384114444256, 0.9939548373222351, 0.34688350558280945, 0.993461012840271, 0.9839539527893066, 0.00029702167375944555, 0.08516541123390198, 0.9956405162811279, 0.282130628824234, 0.002898547099903226, 0.9992396831512451, 0.8921564221382141, 0.9936416745185852]}, "logits": {"test": [3.0966084003448486, 1.8925859928131104, 1.1879855394363403, -0.552057683467865, 1.651082158088684, 1.7254996299743652, -0.6952961683273315, -2.2124147415161133, 3.1242940425872803, 3.1228888034820557, -2.3421244621276855, 3.1031301021575928, -2.1482791900634766, 3.124406099319458, 3.07031512260437, 2.4041619300842285, 2.9106342792510986, -1.9500768184661865, 2.3234899044036865, -0.4639362096786499, 2.290540933609009, 1.907819390296936, -3.626225709915161, -1.2585636377334595, 2.459681749343872, -0.602624773979187, -2.767385721206665, 3.1240265369415283, 1.045204758644104, 2.302304744720459]}, "acc_test": 0.6, "precision_test": 0.5263157894736842, "recall_test": 0.7692307692307693, "f1_test": 0.625, "auc_test": 0.7918552036199096, "preds": [0.9991457462310791, 0.971122682094574, 0.9992423057556152, 0.9992249011993408, 0.9991633892059326, 0.9992426633834839, 0.9990756511688232, 0.9950166344642639, 0.9985778331756592, 0.01919384114444256, 0.34688350558280945, 0.002898547099903226, 0.9992396831512451]}
{"name": "distilbert-base-uncased", "predictions": {"test": [0.8954686522483826, 0.00248538376763463, 0.0009060477023012936, 0.0006487539503723383, 0.49738648533821106, 0.0021995948627591133, 0.001160588231869042, 0.00045057261013425887, 0.9472375512123108, 0.7158117294311523, 0.0011880968231707811, 0.17650263011455536, 0.07953636348247528, 0.7207177877426147, 0.8395402431488037, 0.47450870275497437, 0.8905478119850159, 0.920803964138031, 0.006084992550313473, 0.9644525647163391, 0.000687832129187882, 0.0010712959337979555, 0.9795742034912109, 0.000496576598379761, 0.0040422771126031876, 0.0007860040059313178, 0.8259361982345581, 0.8771871328353882, 0.003810151480138302, 0.04667996987700462]}, "logits": {"test": [1.1704782247543335, -3.0637056827545166, -3.6055984497070312, -3.735191822052002, 0.07677995413541794, -3.122433662414551, -3.4457995891571045, -3.9271819591522217, 1.5591374635696411, 0.5191335678100586, -3.487295150756836, -0.7352888584136963, -1.151234745979309, 0.53322434425354, 0.9500826597213745, 0.005301881115883589, 1.1606788635253906, 1.312601923942566, -2.5636754035949707, 1.794167399406433, -3.6936686038970947, -3.4128940105438232, 2.1630823612213135, -3.87107253074646, -2.8476076126098633, -3.640831470489502, 0.8661244511604309, 1.0949292182922363, -2.8200864791870117, -1.5263522863388062]}, "acc_test": 0.8666666666666667, "precision_test": 0.9090909090909091, "recall_test": 0.7692307692307693, "f1_test": 0.8333333333333333, "auc_test": 0.9411764705882353, "preds": [0.8954686522483826, 0.49738648533821106, 0.9472375512123108, 0.7158117294311523, 0.17650263011455536, 0.7207177877426147, 0.8395402431488037, 0.47450870275497437, 0.8905478119850159, 0.920803964138031, 0.9644525647163391, 0.8259361982345581, 0.8771871328353882]}
{"name": "Radar", "total_logits": [[[3.199965000152588, -3.6068332195281982]], [[0.612522542476654, -1.15571928024292]], [[-0.7312445640563965, 0.35516098141670227]], [[-1.5140053033828735, 0.7263520956039429]], [[2.1361770629882812, -2.4811534881591797]], [[-0.5139480233192444, 0.28716397285461426]], [[-1.9815348386764526, 1.6588690280914307]], [[-1.1405932903289795, 0.8099215626716614]], [[2.9089858531951904, -3.282611846923828]], [[0.6621792912483215, -0.7844238877296448]], [[-1.7241867780685425, 1.3322721719741821]], [[3.4206666946411133, -3.576352119445801]], [[1.1513512134552002, -1.59613835811615]], [[2.2123520374298096, -2.558323860168457]], [[2.589358329772949, -2.719482421875]], [[-0.20742110908031464, -0.18534137308597565]], [[1.469913125038147, -1.9997608661651611]], [[1.7913867235183716, -2.3973872661590576]], [[0.6252508163452148, -0.9340643882751465]], [[-1.0910937786102295, 0.832000732421875]], [[0.015265350230038166, -0.3805180490016937]], [[-0.06995831429958344, -0.2971375584602356]], [[-1.9126842021942139, 1.7840925455093384]], [[-2.350386142730713, 1.8684386014938354]], [[-0.17961567640304565, -0.06348689645528793]], [[-2.102071523666382, 1.7446109056472778]], [[1.4581633806228638, -1.7780956029891968]], [[3.6835618019104004, -3.583871841430664]], [[-1.6399836540222168, 1.2792423963546753]], [[-0.21666578948497772, -0.13326574862003326]]], "acc": 0.7666666666666667, "Notice": "LABEL_0 stands for MGT and LABEL_1 stands for HWT."}
