{"name": "likelihood_threshold", "predictions": {"test": [-3.475867748260498, -3.0061707496643066, -3.017782211303711, -5.139111518859863, -2.787532329559326, -3.340991497039795, -3.857006072998047, -4.082169532775879, -3.624711751937866, -3.0475776195526123, -4.165372371673584, -2.573265552520752, -2.9435160160064697, -3.3274638652801514, -3.2824666500091553, -3.3232007026672363, -3.560460329055786, -2.992109775543213, -3.789759874343872, -3.5233423709869385, -4.142273426055908, -3.676225185394287, -4.321315765380859, -2.837026834487915, -3.826960325241089, -3.8602583408355713, -2.7462682723999023, -3.4607608318328857, -4.188225746154785, -4.502969741821289]}, "acc_test": 0.6, "precision_test": 0.5555555555555556, "recall_test": 0.38461538461538464, "f1_test": 0.4545454545454546, "auc_test": 0.8054298642533936}
{"name": "rank_threshold", "predictions": {"test": [-98.54838562011719, -97.33547973632812, -28.293785095214844, -635.7255859375, -53.82285690307617, -134.1241912841797, -537.9395751953125, -241.49342346191406, -369.9577941894531, -239.1946258544922, -232.76023864746094, -47.740196228027344, -147.67721557617188, -135.94085693359375, -50.12345886230469, -130.17567443847656, -104.36453247070312, -35.962406158447266, -277.5, -188.67404174804688, -545.3707885742188, -365.5500183105469, -511.43792724609375, -44.797386169433594, -231.76649475097656, -559.4556274414062, -39.953643798828125, -212.09474182128906, -349.3509826660156, -337.4691467285156]}, "acc_test": 0.7, "precision_test": 0.6428571428571429, "recall_test": 0.6923076923076923, "f1_test": 0.6666666666666666, "auc_test": 0.7737556561085973}
{"name": "log_rank_threshold", "predictions": {"test": [-1.9531937837600708, -1.5571589469909668, -1.4972513914108276, -3.1435623168945312, -1.3929115533828735, -1.726657509803772, -2.115147829055786, -2.2725424766540527, -2.076496124267578, -1.5908552408218384, -2.3191370964050293, -1.3203119039535522, -1.556084394454956, -1.7787182331085205, -1.7738237380981445, -1.8155779838562012, -2.0300991535186768, -1.5429452657699585, -2.0960657596588135, -2.0120956897735596, -2.437145709991455, -2.060192108154297, -2.4363975524902344, -1.4308878183364868, -2.1989595890045166, -2.236224889755249, -1.42368483543396, -1.9084614515304565, -2.425342559814453, -2.6324222087860107]}, "acc_test": 0.6, "precision_test": 0.5555555555555556, "recall_test": 0.38461538461538464, "f1_test": 0.4545454545454546, "auc_test": 0.7873303167420814}
{"name": "entropy_threshold", "predictions": {"test": [3.643233060836792, 3.3875226974487305, 3.4190211296081543, 4.939816951751709, 3.2474491596221924, 3.3219499588012695, 4.2015061378479, 4.057856559753418, 3.6879446506500244, 3.394380569458008, 4.269256591796875, 2.9067392349243164, 3.31546688079834, 3.3608667850494385, 3.500593900680542, 3.547703504562378, 3.6199264526367188, 3.435631513595581, 3.615762710571289, 3.9887583255767822, 4.524822235107422, 3.6174545288085938, 4.247025489807129, 3.2668466567993164, 3.876586437225342, 4.248202800750732, 3.05812668800354, 3.5963659286499023, 4.025211334228516, 4.563106536865234]}, "acc_test": 0.6333333333333333, "precision_test": 0.5833333333333334, "recall_test": 0.5384615384615384, "f1_test": 0.5599999999999999, "auc_test": 0.746606334841629}
{"name": "rank_GLTR_threshold", "predictions": {"test": [[0.6505376344086021, 0.1774193548387097, 0.15053763440860216, 0.021505376344086023], [0.7096774193548387, 0.18064516129032257, 0.08387096774193549, 0.025806451612903226], [0.751412429378531, 0.1864406779661017, 0.062146892655367235, 0.0], [0.4695121951219512, 0.21951219512195122, 0.18292682926829268, 0.12804878048780488], [0.7542857142857143, 0.1657142857142857, 0.06857142857142857, 0.011428571428571429], [0.6862745098039216, 0.19607843137254902, 0.08496732026143791, 0.032679738562091505], [0.6868131868131868, 0.14285714285714285, 0.07692307692307693, 0.09340659340659341], [0.5921052631578947, 0.21052631578947367, 0.13815789473684212, 0.05921052631578947], [0.6623376623376623, 0.1590909090909091, 0.09740259740259741, 0.08116883116883117], [0.7114093959731543, 0.2080536912751678, 0.053691275167785234, 0.026845637583892617], [0.5906432748538012, 0.22807017543859648, 0.1286549707602339, 0.05263157894736842], [0.7843137254901961, 0.12745098039215685, 0.0784313725490196, 0.00980392156862745], [0.7088607594936709, 0.18354430379746836, 0.0759493670886076, 0.03164556962025317], [0.6774193548387096, 0.21505376344086022, 0.07526881720430108, 0.03225806451612903], [0.6728395061728395, 0.2222222222222222, 0.09876543209876543, 0.006172839506172839], [0.6756756756756757, 0.16216216216216217, 0.12837837837837837, 0.033783783783783786], [0.6206896551724138, 0.21674876847290642, 0.1477832512315271, 0.014778325123152709], [0.6992481203007519, 0.21052631578947367, 0.08270676691729323, 0.007518796992481203], [0.6379310344827587, 0.20689655172413793, 0.09770114942528736, 0.05747126436781609], [0.6795580110497238, 0.10497237569060773, 0.16022099447513813, 0.055248618784530384], [0.5955056179775281, 0.19662921348314608, 0.10674157303370786, 0.10112359550561797], [0.65625, 0.19375, 0.08125, 0.06875], [0.5686274509803921, 0.2679738562091503, 0.10457516339869281, 0.058823529411764705], [0.7712418300653595, 0.16339869281045752, 0.05228758169934641, 0.013071895424836602], [0.649746192893401, 0.12690355329949238, 0.16751269035532995, 0.05583756345177665], [0.6449704142011834, 0.14201183431952663, 0.15384615384615385, 0.05917159763313609], [0.7417218543046358, 0.18543046357615894, 0.06622516556291391, 0.006622516556291391], [0.6947368421052632, 0.1368421052631579, 0.13157894736842105, 0.03684210526315789], [0.6026490066225165, 0.16556291390728478, 0.15894039735099338, 0.0728476821192053], [0.5185185185185185, 0.25925925925925924, 0.14814814814814814, 0.07407407407407407]]}, "acc_test": 0.6, "precision_test": 0.6, "recall_test": 0.23076923076923078, "f1_test": 0.33333333333333337, "auc_test": 0.7239819004524887}
{"name": "perturbation_10_z", "predictions": {"test": [0.1778075857881904, 1.1924382752196954, 0.5116116868227949, -1.174544532910799, 0.8850280780709565, 0.05536711813580206, -0.44752648785582105, -0.4628610865089502, -0.4405765467764808, 0.8183954913920558, -1.1637114576440644, 0.9932124210142697, 0.7122555402730533, 0.5450710139014388, 0.4774576633429991, 1.2237192165941218, 0.4078954660248575, 0.530223635196288, -0.3990597055942181, -0.5217169355600543, 0.8415131620874582, 0.3222592515975019, -0.5447938143715434, 0.718258662440868, 0.06949228879394108, -0.650169429421593, 0.17104368406219228, 1.362021567606565, -0.45445568842025325, -0.4687308168017812]}, "info": {"pct_words_masked": 0.3, "span_length": 2, "n_perturbations": 10}, "general": {"acc_test": 0.7, "precision_test": 0.6428571428571429, "recall_test": 0.6923076923076923, "f1_test": 0.6666666666666666, "auc_test": 0.746606334841629}}
{"name": "GPT-sentinel", "acc": 0.6666666666666666}
{"name": "roberta-base-openai-detector", "predictions": {"test": [0.00023065030109137297, 0.00017626195040065795, 0.0001707657502265647, 0.9922507405281067, 0.0050051528960466385, 0.026018692180514336, 0.0002921700943261385, 0.0008378273341804743, 0.0002519019471947104, 0.0005101076676510274, 0.004472263157367706, 0.00026980770053341985, 0.009387378580868244, 0.029599729925394058, 0.002653558040037751, 0.000201137998374179, 0.00017248172662220895, 0.00021790378377772868, 0.0055607701651751995, 0.00016980584769044071, 0.00016897614113986492, 0.00016936907195486128, 0.061604585498571396, 0.507087767124176, 0.0009041543235071003, 0.00039645915967412293, 0.00021394201030489057, 0.0001904271193780005, 0.0002673658018466085, 0.00022599373187404126]}, "logits": {"test": [-4.532527923583984, -4.687906265258789, -4.705142974853516, 2.5187151432037354, -2.8374876976013184, -1.9482948780059814, -4.402480602264404, -3.814100503921509, -4.483243465423584, -4.089970588684082, -2.87884259223938, -4.447210311889648, -2.5013866424560547, -1.8787996768951416, -3.198540687561035, -4.61507511138916, -4.706335067749023, -4.572422981262207, -2.778963804244995, -4.704880714416504, -4.71262788772583, -4.709966659545898, -1.4502005577087402, -0.04439806565642357, -3.751893997192383, -4.214741230010986, -4.590850353240967, -4.639443874359131, -4.445418834686279, -4.545456886291504]}, "acc_test": 0.5, "precision_test": 0.0, "recall_test": 0.0, "f1_test": 0.0, "auc_test": 0.3619909502262444, "preds": [0.00023065030109137297, 0.0050051528960466385, 0.0002519019471947104, 0.0005101076676510274, 0.00026980770053341985, 0.029599729925394058, 0.002653558040037751, 0.000201137998374179, 0.00017248172662220895, 0.00021790378377772868, 0.00016980584769044071, 0.00021394201030489057, 0.0001904271193780005]}
{"name": "Hello-SimpleAI/chatgpt-detector-roberta", "predictions": {"test": [0.042849987745285034, 0.006634560413658619, 0.0004806352371815592, 0.00032464254763908684, 0.003687835531309247, 0.8642194271087646, 0.023102005943655968, 0.009066653437912464, 0.0007101521478034556, 0.0007001554477028549, 0.0004813527630176395, 0.9134124517440796, 0.01799848861992359, 0.0019152179593220353, 0.0030157421715557575, 0.0003831005305983126, 0.0003494084521662444, 0.035948626697063446, 0.00395871140062809, 0.010681365616619587, 0.0004440676420927048, 0.001958155771717429, 0.00030954746762290597, 0.08943367749452591, 0.011951944790780544, 0.000748730730265379, 0.9420075416564941, 0.0004584335256367922, 0.0004238188557792455, 0.00031553467852063477]}, "logits": {"test": [-1.584673523902893, -2.416638135910034, -3.4697372913360596, -3.6027603149414062, -2.6667115688323975, 0.9312807321548462, -1.8668256998062134, -2.2812883853912354, -3.3265819549560547, -3.3319082260131836, -3.4692089557647705, 1.150647521018982, -1.9787936210632324, -2.9376413822174072, -2.7508962154388428, -3.548267364501953, -3.5789010524749756, -1.665719747543335, -2.6368603706359863, -2.209632158279419, -3.4976038932800293, -2.928623914718628, -3.617851972579956, -1.2345796823501587, -2.1602659225463867, -3.3066389560699463, 1.3374789953231812, -3.486454725265503, -3.5138139724731445, -3.6118218898773193]}, "acc_test": 0.6, "precision_test": 0.6666666666666666, "recall_test": 0.15384615384615385, "f1_test": 0.25, "auc_test": 0.5746606334841629, "preds": [0.042849987745285034, 0.003687835531309247, 0.0007101521478034556, 0.0007001554477028549, 0.9134124517440796, 0.0019152179593220353, 0.0030157421715557575, 0.0003831005305983126, 0.0003494084521662444, 0.035948626697063446, 0.010681365616619587, 0.9420075416564941, 0.0004584335256367922]}
{"name": "distilbert-base-uncased", "predictions": {"test": [0.9977850914001465, 0.02435341477394104, 0.00037631861050613225, 0.0013901346828788519, 0.998206615447998, 0.9936078786849976, 0.9878475666046143, 0.0004456005117390305, 0.9943872690200806, 0.9985989928245544, 0.12328450381755829, 0.997287392616272, 0.3141445517539978, 0.9985009431838989, 0.998264491558075, 0.9699031710624695, 0.9981752634048462, 0.9985381364822388, 0.8502629995346069, 0.9932013154029846, 0.9972761273384094, 0.004906725138425827, 0.00047812017146497965, 0.8486899137496948, 0.9982888102531433, 0.9811887145042419, 0.9974247217178345, 0.9987691044807434, 0.0007511305739171803, 0.001701482106000185]}, "logits": {"test": [3.3022208213806152, -1.8787940740585327, -4.041562080383301, -3.329145669937134, 3.3722305297851562, 2.762226104736328, 2.3545939922332764, -3.9113826751708984, 2.8018958568573, 3.5521159172058105, -0.9101584553718567, 3.253779888153076, -0.34481003880500793, 3.474447011947632, 3.458037853240967, 1.9305626153945923, 3.4296159744262695, 3.5296831130981445, 0.9963129162788391, 2.685476303100586, 3.210078239440918, -2.6896088123321533, -3.906571865081787, 0.9378527998924255, 3.43975830078125, 2.125283718109131, 3.2162489891052246, 3.6741809844970703, -3.588876724243164, -3.235642671585083]}, "acc_test": 0.7666666666666667, "precision_test": 0.65, "recall_test": 1.0, "f1_test": 0.787878787878788, "auc_test": 0.927601809954751, "preds": [0.9977850914001465, 0.998206615447998, 0.9943872690200806, 0.9985989928245544, 0.997287392616272, 0.9985009431838989, 0.998264491558075, 0.9699031710624695, 0.9981752634048462, 0.9985381364822388, 0.9932013154029846, 0.9974247217178345, 0.9987691044807434]}
{"name": "Radar", "total_logits": [[[-2.394041061401367, 2.1933929920196533]], [[-0.5560100078582764, 0.12245907634496689]], [[-1.6981263160705566, 1.3664124011993408]], [[-1.0304831266403198, 0.3974970877170563]], [[0.013039850629866123, -0.35292792320251465]], [[-0.3079138994216919, -0.1875290870666504]], [[-2.124830722808838, 1.912366509437561]], [[-1.4349911212921143, 1.0937721729278564]], [[-0.9010217189788818, 0.4423536956310272]], [[0.24292246997356415, -0.4543084502220154]], [[-0.15900252759456635, -0.37681305408477783]], [[-0.8971678018569946, 0.7090885043144226]], [[-1.6924422979354858, 1.5843555927276611]], [[1.6328662633895874, -2.015072822570801]], [[-1.1163305044174194, 0.8400660157203674]], [[-0.9751771688461304, 0.7048354148864746]], [[-1.1803016662597656, 0.8884917497634888]], [[1.3117797374725342, -1.624182939529419]], [[-2.394277811050415, 2.3325161933898926]], [[-0.4490956664085388, 0.11230327934026718]], [[-0.14903603494167328, -0.7068340182304382]], [[-1.204946517944336, 0.6297665238380432]], [[2.535907030105591, -2.783994436264038]], [[-0.12787573039531708, -0.1957680881023407]], [[-2.717525005340576, 2.488168716430664]], [[-0.008478018455207348, -0.22338692843914032]], [[0.4952004551887512, -0.924272894859314]], [[-0.3334192633628845, 0.011072120629251003]], [[-1.131369948387146, 0.9092381596565247]], [[0.053363654762506485, -0.5347082018852234]]], "acc": 0.5333333333333333, "Notice": "LABEL_0 stands for MGT and LABEL_1 stands for HWT."}
