{"name": "likelihood_threshold", "predictions": {"test": [-3.00547456741333, -3.0061707496643066, -3.017782211303711, -5.139111518859863, -3.0862748622894287, -3.340991497039795, -3.857006072998047, -4.082169532775879, -3.7618119716644287, -2.652958393096924, -4.165372371673584, -2.5816469192504883, -2.9435160160064697, -3.325122594833374, -3.185581684112549, -3.2751688957214355, -3.2634098529815674, -2.808774709701538, -3.789759874343872, -3.3228695392608643, -4.142273426055908, -3.676225185394287, -4.321315765380859, -2.837026834487915, -3.826960325241089, -3.8602583408355713, -2.744776487350464, -3.6037447452545166, -4.188225746154785, -4.502969741821289]}, "acc_test": 0.6666666666666666, "precision_test": 0.6363636363636364, "recall_test": 0.5384615384615384, "f1_test": 0.5833333333333334, "auc_test": 0.8325791855203619}
{"name": "rank_threshold", "predictions": {"test": [-45.15068435668945, -97.33547973632812, -28.293785095214844, -635.7255859375, -75.50672912597656, -134.1241912841797, -537.9395751953125, -241.49342346191406, -280.7914733886719, -32.05829620361328, -232.76023864746094, -139.07272338867188, -147.67721557617188, -154.521728515625, -41.39603805541992, -57.72532272338867, -95.21781921386719, -28.643564224243164, -277.5, -156.7801055908203, -545.3707885742188, -365.5500183105469, -511.43792724609375, -44.797386169433594, -231.76649475097656, -559.4556274414062, -29.81951141357422, -128.6519775390625, -349.3509826660156, -337.4691467285156]}, "acc_test": 0.8, "precision_test": 0.7058823529411765, "recall_test": 0.9230769230769231, "f1_test": 0.8000000000000002, "auc_test": 0.828054298642534}
{"name": "log_rank_threshold", "predictions": {"test": [-1.5104560852050781, -1.5571589469909668, -1.4972513914108276, -3.1435623168945312, -1.6065834760665894, -1.726657509803772, -2.115147829055786, -2.2725424766540527, -2.080186605453491, -1.2676433324813843, -2.3191370964050293, -1.2789145708084106, -1.556084394454956, -1.743811011314392, -1.6453696489334106, -1.7144243717193604, -1.7692877054214478, -1.3782366514205933, -2.0960657596588135, -1.7928283214569092, -2.437145709991455, -2.060192108154297, -2.4363975524902344, -1.4308878183364868, -2.1989595890045166, -2.236224889755249, -1.339814305305481, -1.9777556657791138, -2.425342559814453, -2.6324222087860107]}, "acc_test": 0.6666666666666666, "precision_test": 0.6363636363636364, "recall_test": 0.5384615384615384, "f1_test": 0.5833333333333334, "auc_test": 0.8190045248868778}
{"name": "entropy_threshold", "predictions": {"test": [3.6133944988250732, 3.3875226974487305, 3.4190211296081543, 4.939816951751709, 3.4564626216888428, 3.3219499588012695, 4.2015061378479, 4.057856559753418, 4.19162654876709, 3.072932004928589, 4.269256591796875, 3.0578198432922363, 3.31546688079834, 3.667088508605957, 3.639751672744751, 3.7025508880615234, 3.4141156673431396, 3.436122179031372, 3.615762710571289, 3.545555353164673, 4.524822235107422, 3.6174545288085938, 4.247025489807129, 3.2668466567993164, 3.876586437225342, 4.248202800750732, 3.266775369644165, 3.9294075965881348, 4.025211334228516, 4.563106536865234]}, "acc_test": 0.6, "precision_test": 0.5454545454545454, "recall_test": 0.46153846153846156, "f1_test": 0.4999999999999999, "auc_test": 0.7149321266968326}
{"name": "rank_GLTR_threshold", "predictions": {"test": [[0.7077625570776256, 0.2054794520547945, 0.0776255707762557, 0.0091324200913242], [0.7096774193548387, 0.18064516129032257, 0.08387096774193549, 0.025806451612903226], [0.751412429378531, 0.1864406779661017, 0.062146892655367235, 0.0], [0.4695121951219512, 0.21951219512195122, 0.18292682926829268, 0.12804878048780488], [0.7040358744394619, 0.19730941704035873, 0.08968609865470852, 0.008968609865470852], [0.6862745098039216, 0.19607843137254902, 0.08496732026143791, 0.032679738562091505], [0.6868131868131868, 0.14285714285714285, 0.07692307692307693, 0.09340659340659341], [0.5921052631578947, 0.21052631578947367, 0.13815789473684212, 0.05921052631578947], [0.6161137440758294, 0.22274881516587677, 0.12796208530805686, 0.03317535545023697], [0.7757847533632287, 0.16591928251121077, 0.04932735426008968, 0.008968609865470852], [0.5906432748538012, 0.22807017543859648, 0.1286549707602339, 0.05263157894736842], [0.7909090909090909, 0.1409090909090909, 0.03636363636363636, 0.031818181818181815], [0.7088607594936709, 0.18354430379746836, 0.0759493670886076, 0.03164556962025317], [0.6782608695652174, 0.2217391304347826, 0.08260869565217391, 0.017391304347826087], [0.7178217821782178, 0.2079207920792079, 0.06930693069306931, 0.0049504950495049506], [0.6824034334763949, 0.19313304721030042, 0.1072961373390558, 0.017167381974248927], [0.6683168316831684, 0.22772277227722773, 0.08415841584158416, 0.019801980198019802], [0.7524752475247525, 0.18811881188118812, 0.0594059405940594, 0.0], [0.6379310344827587, 0.20689655172413793, 0.09770114942528736, 0.05747126436781609], [0.675392670157068, 0.193717277486911, 0.10471204188481675, 0.02617801047120419], [0.5955056179775281, 0.19662921348314608, 0.10674157303370786, 0.10112359550561797], [0.65625, 0.19375, 0.08125, 0.06875], [0.5686274509803921, 0.2679738562091503, 0.10457516339869281, 0.058823529411764705], [0.7712418300653595, 0.16339869281045752, 0.05228758169934641, 0.013071895424836602], [0.649746192893401, 0.12690355329949238, 0.16751269035532995, 0.05583756345177665], [0.6449704142011834, 0.14201183431952663, 0.15384615384615385, 0.05917159763313609], [0.7560975609756098, 0.18048780487804877, 0.05853658536585366, 0.004878048780487805], [0.6475770925110133, 0.1894273127753304, 0.11894273127753303, 0.04405286343612335], [0.6026490066225165, 0.16556291390728478, 0.15894039735099338, 0.0728476821192053], [0.5185185185185185, 0.25925925925925924, 0.14814814814814814, 0.07407407407407407]]}, "acc_test": 0.6333333333333333, "precision_test": 0.6666666666666666, "recall_test": 0.3076923076923077, "f1_test": 0.42105263157894735, "auc_test": 0.746606334841629}
{"name": "perturbation_10_z", "predictions": {"test": [0.5366416979086203, 0.6759567534768148, 0.964175538431157, -0.7651122764465595, 0.30326925207729694, -0.09660863881844957, -0.34714761364270785, -0.9984404708139679, -0.3800365143228741, 0.9663182446078219, -1.4991428300838143, 1.0519491725406707, 0.9934067107588763, 0.44090474840167704, 1.176111330803603, 1.2233148145117068, 0.33764314142407176, 1.4976641923558487, 0.33032208404676044, 0.2983473259635744, -0.749533257410807, 0.3542110129199629, -0.5762490846904611, 0.8291157209070992, 0.8619303008031807, -0.674360163335838, 1.5241688718923845, 1.2087080130874817, 0.007435404914168719, -0.5980239294456454]}, "info": {"pct_words_masked": 0.3, "span_length": 2, "n_perturbations": 10}, "general": {"acc_test": 0.6666666666666666, "precision_test": 0.6, "recall_test": 0.6923076923076923, "f1_test": 0.6428571428571429, "auc_test": 0.8144796380090498}}
{"name": "GPT-sentinel", "acc": 0.7666666666666667}
{"name": "roberta-base-openai-detector", "predictions": {"test": [0.0002199345180997625, 0.00017626195040065795, 0.00017076592484954745, 0.9922508597373962, 0.00017762841889634728, 0.026018371805548668, 0.0002921700943261385, 0.0008378353086300194, 0.00021828307944815606, 0.00018261681543663144, 0.004472238011658192, 0.0015888112829998136, 0.009387560188770294, 0.000176347850356251, 0.0008949502953328192, 0.000219386798562482, 0.00017353470320813358, 0.0004277771804481745, 0.0055607701651751995, 0.00020449676958378404, 0.00016897614113986492, 0.00016936907195486128, 0.061604585498571396, 0.507087767124176, 0.0009041543235071003, 0.00039645915967412293, 0.0002753418521024287, 0.0004980181693099439, 0.0002673658018466085, 0.00022599373187404126]}, "logits": {"test": [-4.558792591094971, -4.687906265258789, -4.705142498016357, 2.518718719482422, -4.675476551055908, -1.9483014345169067, -4.4024810791015625, -3.8140947818756104, -4.558541774749756, -4.671906471252441, -2.8788461685180664, -3.4588255882263184, -2.501375913619995, -4.695004940032959, -3.794360637664795, -4.562875747680664, -4.703073024749756, -4.199496269226074, -2.778963804244995, -4.605745315551758, -4.71262788772583, -4.709966659545898, -1.4502005577087402, -0.04439806565642357, -3.751893997192383, -4.214741230010986, -4.441347122192383, -4.09690523147583, -4.445418834686279, -4.545456886291504]}, "acc_test": 0.5, "precision_test": 0.0, "recall_test": 0.0, "f1_test": 0.0, "auc_test": 0.32579185520362, "preds": [0.0002199345180997625, 0.00017762841889634728, 0.00021828307944815606, 0.00018261681543663144, 0.0015888112829998136, 0.000176347850356251, 0.0008949502953328192, 0.000219386798562482, 0.00017353470320813358, 0.0004277771804481745, 0.00020449676958378404, 0.0002753418521024287, 0.0004980181693099439]}
{"name": "Hello-SimpleAI/chatgpt-detector-roberta", "predictions": {"test": [0.03660964593291283, 0.006634535267949104, 0.00048063474241644144, 0.0003246428386773914, 0.02043135091662407, 0.8642202019691467, 0.023102011531591415, 0.009066661819815636, 0.0333792008459568, 0.07152882218360901, 0.00048135253018699586, 0.998877227306366, 0.017998451367020607, 0.018618201836943626, 0.08836866170167923, 0.0007862227503210306, 0.12035233527421951, 0.2590262293815613, 0.00395871140062809, 0.00034022863837890327, 0.0004440676420927048, 0.001958155771717429, 0.00030954746762290597, 0.08943367749452591, 0.011951944790780544, 0.000748730730265379, 0.9937455654144287, 0.0005716179730370641, 0.0004238188557792455, 0.00031553467852063477]}, "logits": {"test": [-1.657342791557312, -2.416639804840088, -3.4697372913360596, -3.6027603149414062, -1.92206609249115, 0.9312838315963745, -1.8668254613876343, -2.281287908554077, -1.6997438669204712, -1.3431099653244019, -3.4692091941833496, 3.0003340244293213, -1.9787949323654175, -1.9636845588684082, -1.2404710054397583, -3.2881340980529785, -1.0859448909759521, -0.6567943096160889, -2.6368603706359863, -3.5876097679138184, -3.4976038932800293, -2.928623914718628, -3.617851972579956, -1.2345796823501587, -2.1602659225463867, -3.3066389560699463, 2.309216022491455, -3.4071552753448486, -3.5138139724731445, -3.6118218898773193]}, "acc_test": 0.6, "precision_test": 0.6666666666666666, "recall_test": 0.15384615384615385, "f1_test": 0.25, "auc_test": 0.7782805429864252, "preds": [0.03660964593291283, 0.02043135091662407, 0.0333792008459568, 0.07152882218360901, 0.998877227306366, 0.018618201836943626, 0.08836866170167923, 0.0007862227503210306, 0.12035233527421951, 0.2590262293815613, 0.00034022863837890327, 0.9937455654144287, 0.0005716179730370641]}
{"name": "distilbert-base-uncased", "predictions": {"test": [0.9938115477561951, 0.02435336634516716, 0.00037631861050613225, 0.0013901394559070468, 0.9982941746711731, 0.9936078786849976, 0.9878475666046143, 0.00044560074456967413, 0.997502863407135, 0.9988296627998352, 0.12328413873910904, 0.9975263476371765, 0.3141433596611023, 0.9980708956718445, 0.998408854007721, 0.9983760118484497, 0.9970877766609192, 0.9985666871070862, 0.8502629995346069, 0.994632363319397, 0.9972761273384094, 0.004906705114990473, 0.00047812017146497965, 0.8486900925636292, 0.9982888102531433, 0.9811887145042419, 0.9949886202812195, 0.9983919262886047, 0.0007511316216550767, 0.0017014804761856794]}, "logits": {"test": [2.7865452766418457, -1.8787952661514282, -4.041561603546143, -3.329143524169922, 3.4536361694335938, 2.762225866317749, 2.3545925617218018, -3.9113824367523193, 3.251466989517212, 3.6621668338775635, -0.9101602435112, 3.249021053314209, -0.34481313824653625, 3.404951333999634, 3.509145498275757, 3.4654130935668945, 3.1353516578674316, 3.5428340435028076, 0.9963129162788391, 2.8086583614349365, 3.210078239440918, -2.6896111965179443, -3.906571865081787, 0.9378533959388733, 3.4397575855255127, 2.1252832412719727, 2.8584985733032227, 3.473574638366699, -3.5888757705688477, -3.235642910003662]}, "acc_test": 0.7666666666666667, "precision_test": 0.65, "recall_test": 1.0, "f1_test": 0.787878787878788, "auc_test": 0.9502262443438914, "preds": [0.9938115477561951, 0.9982941746711731, 0.997502863407135, 0.9988296627998352, 0.9975263476371765, 0.9980708956718445, 0.998408854007721, 0.9983760118484497, 0.9970877766609192, 0.9985666871070862, 0.994632363319397, 0.9949886202812195, 0.9983919262886047]}
{"name": "Radar", "total_logits": [[[-1.455410122871399, 1.31083083152771]], [[-0.5560100078582764, 0.12245907634496689]], [[-1.6981263160705566, 1.3664124011993408]], [[-1.0304831266403198, 0.3974970877170563]], [[0.7543408274650574, -1.010225772857666]], [[-0.3079138994216919, -0.1875290870666504]], [[-2.124830722808838, 1.912366509437561]], [[-1.4349911212921143, 1.0937721729278564]], [[2.8022429943084717, -3.1660232543945312]], [[-0.24043336510658264, -0.05038703978061676]], [[-0.15900252759456635, -0.37681305408477783]], [[1.2138605117797852, -1.4127475023269653]], [[-1.6924422979354858, 1.5843555927276611]], [[0.5805400013923645, -0.8256325125694275]], [[-1.0125467777252197, 0.8201804161071777]], [[-1.3892102241516113, 1.4149384498596191]], [[0.11940473318099976, -0.6988016366958618]], [[0.06487070024013519, -0.3176063597202301]], [[-2.394277811050415, 2.3325161933898926]], [[0.8518081307411194, -1.1376103162765503]], [[-0.14903603494167328, -0.7068340182304382]], [[-1.204946517944336, 0.6297665238380432]], [[2.535907030105591, -2.783994436264038]], [[-0.12787573039531708, -0.1957680881023407]], [[-2.717525005340576, 2.488168716430664]], [[-0.008478018455207348, -0.22338692843914032]], [[0.25952523946762085, -0.79912269115448]], [[0.3159407079219818, -0.9416893124580383]], [[-1.131369948387146, 0.9092381596565247]], [[0.053363654762506485, -0.5347082018852234]]], "acc": 0.6666666666666666, "Notice": "LABEL_0 stands for MGT and LABEL_1 stands for HWT."}
