{"name": "likelihood_threshold", "predictions": {"test": [-2.5761985778808594, -3.0061707496643066, -3.017782211303711, -5.139111518859863, -2.634718418121338, -3.340991497039795, -3.857006072998047, -4.082169532775879, -3.4868345260620117, -2.4015543460845947, -4.165372371673584, -2.3190231323242188, -2.9435160160064697, -2.203845500946045, -2.498596429824829, -2.8982279300689697, -2.8009886741638184, -2.405716896057129, -3.789759874343872, -3.3797667026519775, -4.142273426055908, -3.676225185394287, -4.321315765380859, -2.837026834487915, -3.826960325241089, -3.8602583408355713, -2.2750887870788574, -3.2535579204559326, -4.188225746154785, -4.502969741821289]}, "acc_test": 0.7666666666666667, "precision_test": 0.7142857142857143, "recall_test": 0.7692307692307693, "f1_test": 0.7407407407407408, "auc_test": 0.9321266968325791}
{"name": "rank_threshold", "predictions": {"test": [-46.75229263305664, -97.33547973632812, -28.293785095214844, -635.7255859375, -53.41481399536133, -134.1241912841797, -537.9395751953125, -241.49342346191406, -344.3664245605469, -45.818180084228516, -232.76023864746094, -127.71723937988281, -147.67721557617188, -46.73722457885742, -18.953216552734375, -44.14893341064453, -64.19999694824219, -56.34000015258789, -277.5, -316.6929016113281, -545.3707885742188, -365.5500183105469, -511.43792724609375, -44.797386169433594, -231.76649475097656, -559.4556274414062, -14.990824699401855, -122.4609375, -349.3509826660156, -337.4691467285156]}, "acc_test": 0.7666666666666667, "precision_test": 0.6875, "recall_test": 0.8461538461538461, "f1_test": 0.7586206896551724, "auc_test": 0.8280542986425339}
{"name": "log_rank_threshold", "predictions": {"test": [-1.2174863815307617, -1.5571589469909668, -1.4972513914108276, -3.1435623168945312, -1.2769001722335815, -1.726657509803772, -2.115147829055786, -2.2725424766540527, -1.8748148679733276, -1.1531842947006226, -2.3191370964050293, -1.1290867328643799, -1.556084394454956, -1.0354081392288208, -1.2080540657043457, -1.4326621294021606, -1.4123549461364746, -1.036216378211975, -2.0960657596588135, -1.8646048307418823, -2.437145709991455, -2.060192108154297, -2.4363975524902344, -1.4308878183364868, -2.1989595890045166, -2.236224889755249, -1.0313000679016113, -1.6957135200500488, -2.425342559814453, -2.6324222087860107]}, "acc_test": 0.7666666666666667, "precision_test": 0.7142857142857143, "recall_test": 0.7692307692307693, "f1_test": 0.7407407407407408, "auc_test": 0.9321266968325791}
{"name": "entropy_threshold", "predictions": {"test": [3.5772783756256104, 3.3875226974487305, 3.4190211296081543, 4.939816951751709, 3.3468072414398193, 3.3219499588012695, 4.2015061378479, 4.057856559753418, 4.2325544357299805, 3.0017311573028564, 4.269256591796875, 3.0297884941101074, 3.31546688079834, 2.9481041431427, 3.302344560623169, 3.57196044921875, 3.4105453491210938, 3.216160774230957, 3.615762710571289, 3.779690980911255, 4.524822235107422, 3.6174545288085938, 4.247025489807129, 3.2668466567993164, 3.876586437225342, 4.248202800750732, 3.0594022274017334, 3.530731201171875, 4.025211334228516, 4.563106536865234]}, "acc_test": 0.6666666666666666, "precision_test": 0.6153846153846154, "recall_test": 0.6153846153846154, "f1_test": 0.6153846153846154, "auc_test": 0.8144796380090498}
{"name": "rank_GLTR_threshold", "predictions": {"test": [[0.8119266055045872, 0.10550458715596331, 0.0779816513761468, 0.0045871559633027525], [0.7096774193548387, 0.18064516129032257, 0.08387096774193549, 0.025806451612903226], [0.751412429378531, 0.1864406779661017, 0.062146892655367235, 0.0], [0.4695121951219512, 0.21951219512195122, 0.18292682926829268, 0.12804878048780488], [0.7925925925925926, 0.1259259259259259, 0.07407407407407407, 0.007407407407407408], [0.6862745098039216, 0.19607843137254902, 0.08496732026143791, 0.032679738562091505], [0.6868131868131868, 0.14285714285714285, 0.07692307692307693, 0.09340659340659341], [0.5921052631578947, 0.21052631578947367, 0.13815789473684212, 0.05921052631578947], [0.7251908396946565, 0.10687022900763359, 0.1297709923664122, 0.03816793893129771], [0.8, 0.15454545454545454, 0.03636363636363636, 0.00909090909090909], [0.5906432748538012, 0.22807017543859648, 0.1286549707602339, 0.05263157894736842], [0.8413793103448276, 0.0896551724137931, 0.041379310344827586, 0.027586206896551724], [0.7088607594936709, 0.18354430379746836, 0.0759493670886076, 0.03164556962025317], [0.8394160583941606, 0.11678832116788321, 0.0364963503649635, 0.0072992700729927005], [0.8011695906432749, 0.16374269005847952, 0.03508771929824561, 0.0], [0.7446808510638298, 0.15602836879432624, 0.09219858156028368, 0.0070921985815602835], [0.772093023255814, 0.17209302325581396, 0.04186046511627907, 0.013953488372093023], [0.83, 0.15, 0.01, 0.01], [0.6379310344827587, 0.20689655172413793, 0.09770114942528736, 0.05747126436781609], [0.7086614173228346, 0.15748031496062992, 0.07874015748031496, 0.05511811023622047], [0.5955056179775281, 0.19662921348314608, 0.10674157303370786, 0.10112359550561797], [0.65625, 0.19375, 0.08125, 0.06875], [0.5686274509803921, 0.2679738562091503, 0.10457516339869281, 0.058823529411764705], [0.7712418300653595, 0.16339869281045752, 0.05228758169934641, 0.013071895424836602], [0.649746192893401, 0.12690355329949238, 0.16751269035532995, 0.05583756345177665], [0.6449704142011834, 0.14201183431952663, 0.15384615384615385, 0.05917159763313609], [0.8532110091743119, 0.12385321100917432, 0.022935779816513763, 0.0], [0.734375, 0.15625, 0.09375, 0.015625], [0.6026490066225165, 0.16556291390728478, 0.15894039735099338, 0.0728476821192053], [0.5185185185185185, 0.25925925925925924, 0.14814814814814814, 0.07407407407407407]]}, "acc_test": 0.9, "precision_test": 0.8571428571428571, "recall_test": 0.9230769230769231, "f1_test": 0.888888888888889, "auc_test": 0.9547511312217194}
{"name": "perturbation_10_z", "predictions": {"test": [1.1417393747170488, 0.3018656249886814, 0.36351862748227826, -0.7796544994465769, 1.0707868148126654, -0.18719461788403732, 0.031687023440762005, -0.05539301028615311, -0.465394519569203, 0.7611759174883119, -1.8668734182822024, 0.4971164942140348, 1.2030654177904747, 1.5580382441620202, 0.7408857084904632, 1.503630851451352, 0.4183890881526903, 1.1888577962565745, 0.30167043955910866, 0.35509616492232754, -0.34726102792733304, -0.18848649252210323, 0.1803289414050854, 2.061082372749066, -0.04067918417643823, -1.0614697651656801, 0.4898203321266114, 0.16975698570499007, -0.8348328498554909, -0.7163250162273129]}, "info": {"pct_words_masked": 0.3, "span_length": 2, "n_perturbations": 10}, "general": {"acc_test": 0.8333333333333334, "precision_test": 0.7857142857142857, "recall_test": 0.8461538461538461, "f1_test": 0.8148148148148148, "auc_test": 0.823529411764706}}
{"name": "GPT-sentinel", "acc": 0.7666666666666667}
{"name": "roberta-base-openai-detector", "predictions": {"test": [0.2900025546550751, 0.00017626195040065795, 0.0001707657502265647, 0.9922507405281067, 0.9998107552528381, 0.026018692180514336, 0.0002921700943261385, 0.0008378273341804743, 0.00017025493434630334, 0.9988973140716553, 0.004472263157367706, 0.9131777882575989, 0.009387378580868244, 0.0003060516610275954, 0.9856151342391968, 0.0004145217244513333, 0.9671830534934998, 0.943087100982666, 0.005560780875384808, 0.039073824882507324, 0.00016897596651688218, 0.0001693692320259288, 0.061604321002960205, 0.5070881843566895, 0.0009041453013196588, 0.00039645860670134425, 0.9021351933479309, 0.0001772277755662799, 0.0002673658018466085, 0.00022599373187404126]}, "logits": {"test": [-0.4887804388999939, -4.687906265258789, -4.705142974853516, 2.5187151432037354, 4.648122787475586, -1.9482948780059814, -4.402480602264404, -3.814100503921509, -4.698958396911621, 3.611196756362915, -2.87884259223938, 1.1487014293670654, -2.5013866424560547, -4.38458776473999, 2.157787322998047, -4.198131084442139, 1.7134164571762085, 1.4002797603607178, -2.7789623737335205, -1.727250099182129, -4.71262788772583, -4.709965705871582, -1.4502030611038208, -0.04439709335565567, -3.751899480819702, -4.214742183685303, 1.0991195440292358, -4.681558132171631, -4.445418357849121, -4.545456886291504]}, "acc_test": 0.7333333333333333, "precision_test": 0.7777777777777778, "recall_test": 0.5384615384615384, "f1_test": 0.6363636363636364, "auc_test": 0.7420814479638009, "preds": [0.2900025546550751, 0.9998107552528381, 0.00017025493434630334, 0.9988973140716553, 0.9131777882575989, 0.0003060516610275954, 0.9856151342391968, 0.0004145217244513333, 0.9671830534934998, 0.943087100982666, 0.039073824882507324, 0.9021351933479309, 0.0001772277755662799]}
{"name": "Hello-SimpleAI/chatgpt-detector-roberta", "predictions": {"test": [0.7799729704856873, 0.006634560413658619, 0.0004806352371815592, 0.00032464254763908684, 0.17254137992858887, 0.8642194271087646, 0.023102005943655968, 0.009066653437912464, 0.006675830576568842, 0.0977487862110138, 0.0004813527630176395, 0.7754254937171936, 0.01799848861992359, 0.9934033751487732, 0.1744851917028427, 0.0347573347389698, 0.9988822340965271, 0.9033466577529907, 0.003958714660257101, 0.8725957870483398, 0.0004440676420927048, 0.0019581574015319347, 0.00030954746762290597, 0.08943396061658859, 0.011951944790780544, 0.0007487311377190053, 0.9992393255233765, 0.00147421529982239, 0.0004238188557792455, 0.00031553467852063477]}, "logits": {"test": [0.6738852262496948, -2.416638135910034, -3.4697372913360596, -3.6027603149414062, -0.8952293992042542, 0.9312807321548462, -1.8668256998062134, -2.2812883853912354, -2.41414737701416, -1.1906782388687134, -3.4692089557647705, 0.6620187759399414, -1.9787936210632324, 2.286850929260254, -0.8890751600265503, -1.6811944246292114, 3.0019900798797607, 1.0981923341751099, -2.636859893798828, 0.9631901979446411, -3.4976041316986084, -2.9286234378814697, -3.617851972579956, -1.2345781326293945, -2.1602659225463867, -3.306638717651367, 3.124002695083618, -3.04300594329834, -3.5138137340545654, -3.6118216514587402]}, "acc_test": 0.7666666666666667, "precision_test": 0.875, "recall_test": 0.5384615384615384, "f1_test": 0.6666666666666667, "auc_test": 0.9004524886877828, "preds": [0.7799729704856873, 0.17254137992858887, 0.006675830576568842, 0.0977487862110138, 0.7754254937171936, 0.9934033751487732, 0.1744851917028427, 0.0347573347389698, 0.9988822340965271, 0.9033466577529907, 0.8725957870483398, 0.9992393255233765, 0.00147421529982239]}
{"name": "distilbert-base-uncased", "predictions": {"test": [0.9926363229751587, 0.02435341477394104, 0.00037631861050613225, 0.0013901346828788519, 0.9966163039207458, 0.9936078786849976, 0.9878475666046143, 0.0004456005117390305, 0.9963988065719604, 0.998274564743042, 0.12328450381755829, 0.9598963260650635, 0.3141445517539978, 0.9963507652282715, 0.9985696077346802, 0.9958237409591675, 0.9982660412788391, 0.9984704852104187, 0.8502629995346069, 0.9534527659416199, 0.9972761273384094, 0.004906705114990473, 0.00047812017146497965, 0.8486900925636292, 0.9982888102531433, 0.9811887145042419, 0.9713125824928284, 0.07045765221118927, 0.0007511316216550767, 0.0017014804761856794]}, "logits": {"test": [2.6712419986724854, -1.8787940740585327, -4.041562080383301, -3.329145669937134, 3.064356565475464, 2.762226104736328, 2.3545939922332764, -3.9113826751708984, 3.009079933166504, 3.424520492553711, -0.9101584553718567, 1.7855842113494873, -0.34481003880500793, 3.0437564849853516, 3.568351984024048, 2.90840744972229, 3.386751174926758, 3.520512104034424, 0.9963129162788391, 1.7035255432128906, 3.210078239440918, -2.6896111965179443, -3.906571865081787, 0.9378533959388733, 3.4397575855255127, 2.1252832412719727, 1.9534016847610474, -1.2623342275619507, -3.5888757705688477, -3.235642910003662]}, "acc_test": 0.7333333333333333, "precision_test": 0.631578947368421, "recall_test": 0.9230769230769231, "f1_test": 0.7499999999999999, "auc_test": 0.832579185520362, "preds": [0.9926363229751587, 0.9966163039207458, 0.9963988065719604, 0.998274564743042, 0.9598963260650635, 0.9963507652282715, 0.9985696077346802, 0.9958237409591675, 0.9982660412788391, 0.9984704852104187, 0.9534527659416199, 0.9713125824928284, 0.07045765221118927]}
{"name": "Radar", "total_logits": [[[-1.5165793895721436, 1.4509947299957275]], [[-0.5560100078582764, 0.12245907634496689]], [[-1.6981263160705566, 1.3664124011993408]], [[-1.0304831266403198, 0.3974970877170563]], [[0.9827951788902283, -1.1981518268585205]], [[-0.3079138994216919, -0.1875290870666504]], [[-2.124830722808838, 1.912366509437561]], [[-1.4349911212921143, 1.0937721729278564]], [[3.8456532955169678, -3.937335729598999]], [[1.8391691446304321, -1.9149659872055054]], [[-0.15900252759456635, -0.37681305408477783]], [[1.8879972696304321, -2.211040735244751]], [[-1.6924422979354858, 1.5843555927276611]], [[1.2437595129013062, -1.5718644857406616]], [[0.7974832653999329, -1.1703678369522095]], [[-0.13024196028709412, -0.06797565519809723]], [[1.4673552513122559, -2.0685007572174072]], [[1.8037397861480713, -1.876052737236023]], [[-2.394277811050415, 2.3325161933898926]], [[1.6789371967315674, -2.1993210315704346]], [[-0.14903603494167328, -0.7068340182304382]], [[-1.204946517944336, 0.6297665238380432]], [[2.535907030105591, -2.783994436264038]], [[-0.12787573039531708, -0.1957680881023407]], [[-2.717525005340576, 2.488168716430664]], [[-0.008478018455207348, -0.22338692843914032]], [[0.9183421730995178, -1.4774307012557983]], [[0.3323964774608612, -0.9239640235900879]], [[-1.131369948387146, 0.9092381596565247]], [[0.053363654762506485, -0.5347082018852234]]], "acc": 0.7333333333333333, "Notice": "LABEL_0 stands for MGT and LABEL_1 stands for HWT."}
