{"name": "likelihood_threshold", "predictions": {"test": [-2.11303448677063, -3.4180033206939697, -3.7317800521850586, -3.2826714515686035, -3.022137403488159, -3.2446205615997314, -3.646353006362915, -4.014067649841309, -2.1504952907562256, -3.009824275970459, -3.9437365531921387, -1.680576205253601, -3.9150102138519287, -2.022440195083618, -2.6381566524505615, -3.1535792350769043, -2.3226945400238037, -3.6540067195892334, -3.586010217666626, -3.0105226039886475, -3.730167865753174, -3.406679391860962, -4.183455467224121, -3.9714267253875732, -3.704704999923706, -3.3782827854156494, -3.315427303314209, -2.2080564498901367, -3.8308117389678955, -3.5345101356506348]}, "acc_test": 0.9333333333333333, "precision_test": 1.0, "recall_test": 0.8461538461538461, "f1_test": 0.9166666666666666, "auc_test": 0.9547511312217194}
{"name": "rank_threshold", "predictions": {"test": [-12.34375, -73.60147857666016, -232.7211151123047, -122.5219955444336, -109.265625, -62.580787658691406, -228.26316833496094, -402.2368469238281, -59.98400115966797, -103.29564666748047, -287.6963806152344, -195.05796813964844, -392.286865234375, -9.67391300201416, -108.125, -96.96226501464844, -160.90476989746094, -471.1748046875, -135.22137451171875, -99.67195129394531, -417.8023986816406, -123.9761962890625, -296.58050537109375, -208.75657653808594, -186.56027221679688, -132.76344299316406, -85.10400390625, -23.902437210083008, -107.359375, -124.88284301757812]}, "acc_test": 0.6666666666666666, "precision_test": 0.5789473684210527, "recall_test": 0.8461538461538461, "f1_test": 0.6875, "auc_test": 0.7828054298642533}
{"name": "log_rank_threshold", "predictions": {"test": [-0.8347820043563843, -1.779660940170288, -2.018261194229126, -1.7212257385253906, -1.569379448890686, -1.5979031324386597, -1.962603211402893, -2.194489002227783, -0.9499558806419373, -1.4594426155090332, -2.2084591388702393, -0.6490651965141296, -2.1265695095062256, -0.8313326239585876, -1.239349365234375, -1.656481385231018, -1.0479940176010132, -2.082206964492798, -1.8634952306747437, -1.5875579118728638, -2.0073862075805664, -1.7305587530136108, -2.427739143371582, -2.233509063720703, -2.0465004444122314, -1.7912005186080933, -1.75788414478302, -0.9244547486305237, -2.1071743965148926, -1.8710237741470337]}, "acc_test": 0.9, "precision_test": 0.9166666666666666, "recall_test": 0.8461538461538461, "f1_test": 0.8799999999999999, "auc_test": 0.9321266968325791}
{"name": "entropy_threshold", "predictions": {"test": [2.9576926231384277, 3.915989637374878, 3.930661916732788, 3.3712852001190186, 3.6618053913116455, 3.6503207683563232, 3.6779425144195557, 4.395686149597168, 2.903942108154297, 3.2356321811676025, 3.9172449111938477, 2.822838544845581, 4.236329555511475, 3.0899765491485596, 3.7338032722473145, 3.6601946353912354, 3.0560519695281982, 4.226161479949951, 3.799532651901245, 3.124307155609131, 4.151676654815674, 3.5713820457458496, 4.30765962600708, 4.048097133636475, 3.7466390132904053, 3.485450506210327, 3.387704849243164, 3.3658363819122314, 4.183159828186035, 3.7979683876037598]}, "acc_test": 0.8, "precision_test": 0.8181818181818182, "recall_test": 0.6923076923076923, "f1_test": 0.7500000000000001, "auc_test": 0.8733031674208145}
{"name": "rank_GLTR_threshold", "predictions": {"test": [[0.8671875, 0.109375, 0.0234375, 0.0], [0.6678966789667896, 0.2177121771217712, 0.09225092250922509, 0.02214022140221402], [0.649402390438247, 0.1952191235059761, 0.11155378486055777, 0.043824701195219126], [0.6979472140762464, 0.17888563049853373, 0.09970674486803519, 0.02346041055718475], [0.7421875, 0.1328125, 0.1015625, 0.0234375], [0.7117903930131004, 0.20087336244541484, 0.07423580786026202, 0.013100436681222707], [0.6766917293233082, 0.20300751879699247, 0.08270676691729323, 0.03759398496240601], [0.6052631578947368, 0.2412280701754386, 0.11403508771929824, 0.039473684210526314], [0.864, 0.08, 0.04, 0.016], [0.7565217391304347, 0.1565217391304348, 0.043478260869565216, 0.043478260869565216], [0.6289156626506024, 0.1783132530120482, 0.12530120481927712, 0.06746987951807229], [0.9420289855072463, 0.043478260869565216, 0.007246376811594203, 0.007246376811594203], [0.6434426229508197, 0.19672131147540983, 0.09016393442622951, 0.06967213114754098], [0.8840579710144928, 0.08695652173913043, 0.028985507246376812, 0.0], [0.8359375, 0.0859375, 0.0390625, 0.0390625], [0.7169811320754716, 0.16037735849056603, 0.07547169811320754, 0.04716981132075472], [0.9047619047619048, 0.07142857142857142, 0.007936507936507936, 0.015873015873015872], [0.6503496503496503, 0.1888111888111888, 0.0979020979020979, 0.06293706293706294], [0.6641221374045801, 0.23282442748091603, 0.07633587786259542, 0.026717557251908396], [0.708994708994709, 0.2222222222222222, 0.047619047619047616, 0.021164021164021163], [0.6758893280632411, 0.20553359683794467, 0.05138339920948617, 0.06719367588932806], [0.7083333333333334, 0.2261904761904762, 0.047619047619047616, 0.017857142857142856], [0.5805084745762712, 0.19915254237288135, 0.16101694915254236, 0.059322033898305086], [0.5888157894736842, 0.2236842105263158, 0.13486842105263158, 0.05263157894736842], [0.6524822695035462, 0.1879432624113475, 0.11347517730496454, 0.04609929078014184], [0.6946236559139785, 0.1870967741935484, 0.09032258064516129, 0.02795698924731183], [0.68, 0.224, 0.072, 0.024], [0.9024390243902439, 0.06504065040650407, 0.024390243902439025, 0.008130081300813009], [0.6197916666666666, 0.20833333333333334, 0.15104166666666666, 0.020833333333333332], [0.6694560669456067, 0.19246861924686193, 0.11297071129707113, 0.02510460251046025]]}, "acc_test": 0.8666666666666667, "precision_test": 1.0, "recall_test": 0.6923076923076923, "f1_test": 0.8181818181818181, "auc_test": 0.927601809954751}
{"name": "perturbation_10_z", "predictions": {"test": [0.4267764583428518, 1.1554741087153866, 0.03812060121596046, 0.9997977679456436, -0.12047051208256807, 0.18588822193749208, 0.4084262917035506, 0.8658965730866022, 0.12835908826550163, 0.447549283575526, -0.3540024657736194, 0.7510953902009173, 0.20822184511169545, 2.1752793511626645, 0.497849432032626, -0.019095574366375767, 1.780992568726367, -0.1695288695886052, -0.027868592263871957, 0.41201855864355086, 0.28638652327041353, -0.028705879000155404, 0.4596231142939572, 0.6500455395317674, 0.5581495590180641, 1.026832028072374, -0.11971570976061899, 1.4943530143669033, 0.03609061841618257, -0.342402986662959]}, "info": {"pct_words_masked": 0.3, "span_length": 2, "n_perturbations": 10}, "general": {"acc_test": 0.5666666666666667, "precision_test": 0.5, "recall_test": 0.6153846153846154, "f1_test": 0.5517241379310345, "auc_test": 0.5475113122171946}}
{"name": "GPT-sentinel", "acc": 0.9666666666666667}
{"name": "roberta-base-openai-detector", "predictions": {"test": [0.9584070444107056, 0.00020988108008168638, 0.0002107853360939771, 0.0004014875739812851, 0.25974467396736145, 0.0001852338609751314, 0.0003092577971983701, 0.00019839179003611207, 0.1243189126253128, 0.7894698977470398, 0.00017978425603359938, 0.9998181462287903, 0.00018453858501743525, 0.9998262524604797, 0.993924081325531, 0.029375264421105385, 0.9998183846473694, 0.00016720556595828384, 0.00022551266010850668, 0.00022718304535374045, 0.00028652470791712403, 0.00037852744571864605, 0.00023761512420605868, 0.00021011615172028542, 0.00041606230661273, 0.0002348481211811304, 0.5414053201675415, 0.9997130036354065, 0.00017512247723061591, 0.0001760464656399563]}, "logits": {"test": [1.5534000396728516, -4.581969738006592, -4.578861236572266, -4.217162132263184, -0.5859577059745789, -4.653285980224609, -4.362426280975342, -4.620862007141113, -1.0783456563949585, 0.6180220246315002, -4.66820764541626, 4.682286739349365, -4.650195598602295, 4.699390411376953, 2.6348037719726562, -1.889916181564331, 4.68033504486084, -4.717746734619141, -4.5465803146362305, -4.551865577697754, -4.403041362762451, -4.252589225769043, -4.507172584533691, -4.5791192054748535, -4.195133686065674, -4.52337121963501, 0.01889420859515667, 4.394144535064697, -4.689358711242676, -4.688010215759277]}, "acc_test": 0.8333333333333334, "precision_test": 1.0, "recall_test": 0.6153846153846154, "f1_test": 0.761904761904762, "auc_test": 0.8914027149321267, "preds": [0.9584070444107056, 0.25974467396736145, 0.1243189126253128, 0.7894698977470398, 0.9998181462287903, 0.9998262524604797, 0.993924081325531, 0.029375264421105385, 0.9998183846473694, 0.00016720556595828384, 0.00022718304535374045, 0.5414053201675415, 0.9997130036354065]}
{"name": "Hello-SimpleAI/chatgpt-detector-roberta", "predictions": {"test": [0.9991457462310791, 0.2157841920852661, 0.21432773768901825, 0.008126488886773586, 0.971122682094574, 0.10189954936504364, 0.016623005270957947, 0.010753118433058262, 0.9992423057556152, 0.9992249011993408, 0.0003032360691577196, 0.9991633892059326, 0.00031682749977335334, 0.9992426633834839, 0.9990756511688232, 0.9950166344642639, 0.9985778331756592, 0.01919384114444256, 0.020941568538546562, 0.34688350558280945, 0.33968687057495117, 0.27219536900520325, 0.0005518331308849156, 0.03416484594345093, 0.0003537987940944731, 0.00041231478098779917, 0.002898547099903226, 0.9992396831512451, 0.01262738648802042, 0.00823779683560133]}, "logits": {"test": [3.0966084003448486, -0.7674371004104614, -0.7719050049781799, -2.3289077281951904, 1.651082158088684, -1.1699812412261963, -2.0142533779144287, -2.206705093383789, 3.1242940425872803, 3.1228888034820557, -3.6242616176605225, 3.1031301021575928, -3.610527753829956, 3.124406099319458, 3.07031512260437, 2.4041619300842285, 2.9106342792510986, -1.9500768184661865, -1.9110195636749268, -0.4639362096786499, -0.4787021279335022, -0.6256223320960999, -3.4200170040130615, -1.6890839338302612, -3.574791669845581, -3.5232789516448975, -2.767385721206665, 3.1240265369415283, -2.1360554695129395, -2.3230042457580566]}, "acc_test": 0.9, "precision_test": 1.0, "recall_test": 0.7692307692307693, "f1_test": 0.8695652173913044, "auc_test": 0.9140271493212669, "preds": [0.9991457462310791, 0.971122682094574, 0.9992423057556152, 0.9992249011993408, 0.9991633892059326, 0.9992426633834839, 0.9990756511688232, 0.9950166344642639, 0.9985778331756592, 0.01919384114444256, 0.34688350558280945, 0.002898547099903226, 0.9992396831512451]}
{"name": "distilbert-base-uncased", "predictions": {"test": [0.8954686522483826, 0.0002940134727396071, 0.0004380333120934665, 0.0003772881464101374, 0.49738630652427673, 0.001419689622707665, 0.0004970444715581834, 0.0003020698204636574, 0.9472376704216003, 0.7158117294311523, 0.00037850943044759333, 0.17650289833545685, 0.0003732739423867315, 0.7207183241844177, 0.8395403027534485, 0.47450846433639526, 0.8905476331710815, 0.9208040833473206, 0.00031460949685424566, 0.9644525647163391, 0.000784039671998471, 0.0002883644192479551, 0.00030382239492610097, 0.0002823477843776345, 0.0003942139446735382, 0.00035871900035999715, 0.8259364366531372, 0.877187192440033, 0.00037977754254825413, 0.0004125451378058642]}, "logits": {"test": [1.1704785823822021, -4.154726982116699, -3.9436581134796143, -4.043637752532959, 0.07677970826625824, -3.3435451984405518, -3.894541025161743, -4.152686595916748, 1.5591384172439575, 0.5191338062286377, -4.021133899688721, -0.7352880239486694, -4.072100639343262, 0.5332254767417908, 0.9500828981399536, 0.005301354918628931, 1.1606776714324951, 1.312603235244751, -4.107278347015381, 1.794167399406433, -3.6777477264404297, -4.187876224517822, -4.120647430419922, -4.18235445022583, -4.0483174324035645, -4.071773052215576, 0.8661253452301025, 1.094929575920105, -4.005186080932617, -3.973154306411743]}, "acc_test": 0.9, "precision_test": 1.0, "recall_test": 0.7692307692307693, "f1_test": 0.8695652173913044, "auc_test": 1.0, "preds": [0.8954686522483826, 0.49738630652427673, 0.9472376704216003, 0.7158117294311523, 0.17650289833545685, 0.7207183241844177, 0.8395403027534485, 0.47450846433639526, 0.8905476331710815, 0.9208040833473206, 0.9644525647163391, 0.8259364366531372, 0.877187192440033]}
{"name": "Radar", "total_logits": [[[3.199965000152588, -3.6068332195281982]], [[-1.8004136085510254, 1.4037562608718872]], [[-2.326449394226074, 2.0002174377441406]], [[-1.7659006118774414, 1.3252226114273071]], [[2.1361770629882812, -2.4811534881591797]], [[-2.191815137863159, 1.8427304029464722]], [[-1.7947516441345215, 1.3366423845291138]], [[-1.910697340965271, 1.6137787103652954]], [[2.9089858531951904, -3.282611846923828]], [[0.6621792912483215, -0.7844238877296448]], [[-2.0167853832244873, 1.7574840784072876]], [[3.4206666946411133, -3.576352119445801]], [[-1.7282623052597046, 1.3425333499908447]], [[2.2123520374298096, -2.558323860168457]], [[2.589358329772949, -2.719482421875]], [[-0.20742110908031464, -0.18534137308597565]], [[1.469913125038147, -1.9997608661651611]], [[1.7913867235183716, -2.3973872661590576]], [[-1.8233877420425415, 1.560807466506958]], [[-1.0910937786102295, 0.832000732421875]], [[-2.309190273284912, 2.1183407306671143]], [[-2.6668355464935303, 2.3918163776397705]], [[-1.7505048513412476, 1.412817120552063]], [[-2.3022449016571045, 1.9830975532531738]], [[-2.1694891452789307, 1.8414016962051392]], [[-2.420008897781372, 2.108896017074585]], [[1.4581633806228638, -1.7780956029891968]], [[3.6835618019104004, -3.583871841430664]], [[-1.9416308403015137, 1.6218857765197754]], [[-1.6096059083938599, 1.1216742992401123]]], "acc": 0.9333333333333333, "Notice": "LABEL_0 stands for MGT and LABEL_1 stands for HWT."}
