{"name": "likelihood_threshold", "predictions": {"test": [-2.11303448677063, -2.9408345222473145, -3.5933003425598145, -1.8674675226211548, -3.022137403488159, -1.5917739868164062, -2.585186004638672, -2.9842262268066406, -2.1504952907562256, -3.009824275970459, -3.721923828125, -1.680576205253601, -2.286710262298584, -2.2531845569610596, -2.6381566524505615, -3.1535792350769043, -2.3226945400238037, -3.6540067195892334, -2.3994359970092773, -3.0808205604553223, -2.075465440750122, -1.9237682819366455, -3.4996540546417236, -2.6797103881835938, -1.9980071783065796, -2.8107810020446777, -3.315427303314209, -2.2080564498901367, -4.05823278427124, -3.751758575439453]}, "acc_test": 0.5333333333333333, "precision_test": 0.4782608695652174, "recall_test": 0.8461538461538461, "f1_test": 0.6111111111111112, "auc_test": 0.5067873303167421}
{"name": "rank_threshold", "predictions": {"test": [-12.34375, -67.25190734863281, -199.93130493164062, -52.370079040527344, -109.265625, -6.79054069519043, -96.56382751464844, -140.28030395507812, -59.98400115966797, -103.29564666748047, -500.8497314453125, -195.05796813964844, -40.98245620727539, -82.9136734008789, -108.125, -96.96226501464844, -160.90476989746094, -471.1748046875, -34.44094467163086, -91.86842346191406, -13.26229476928711, -9.54716968536377, -323.9917907714844, -88.06977081298828, -17.757143020629883, -84.74603271484375, -85.10400390625, -23.902437210083008, -386.0, -433.05804443359375]}, "acc_test": 0.5333333333333333, "precision_test": 0.4782608695652174, "recall_test": 0.8461538461538461, "f1_test": 0.6111111111111112, "auc_test": 0.43891402714932126}
{"name": "log_rank_threshold", "predictions": {"test": [-0.8347820043563843, -1.5239633321762085, -1.8858826160430908, -0.7719452977180481, -1.569379448890686, -0.5712311267852783, -1.2728718519210815, -1.3695498704910278, -0.9499558806419373, -1.4594426155090332, -2.0950028896331787, -0.6490651965141296, -1.0960693359375, -0.9971421360969543, -1.239349365234375, -1.656481385231018, -1.0479940176010132, -2.082206964492798, -1.1095929145812988, -1.5046236515045166, -0.9736572504043579, -0.8553410768508911, -1.8746380805969238, -1.3123277425765991, -0.9185261130332947, -1.2832516431808472, -1.75788414478302, -0.9244547486305237, -2.2616841793060303, -2.0420138835906982]}, "acc_test": 0.5333333333333333, "precision_test": 0.4782608695652174, "recall_test": 0.8461538461538461, "f1_test": 0.6111111111111112, "auc_test": 0.5429864253393666}
{"name": "entropy_threshold", "predictions": {"test": [2.9576926231384277, 3.3882358074188232, 3.7179129123687744, 2.153804302215576, 3.6618053913116455, 2.5291900634765625, 2.946200370788574, 3.397080659866333, 2.903942108154297, 3.2356321811676025, 4.188830852508545, 2.822838544845581, 3.0688908100128174, 3.2212419509887695, 3.7338032722473145, 3.6601946353912354, 3.0560519695281982, 4.226161479949951, 3.4436798095703125, 3.190506935119629, 2.745131492614746, 2.5455331802368164, 4.083485126495361, 3.2814536094665527, 2.7353131771087646, 2.950892210006714, 3.387704849243164, 3.3658363819122314, 4.059808254241943, 4.033178806304932]}, "acc_test": 0.4666666666666667, "precision_test": 0.42857142857142855, "recall_test": 0.6923076923076923, "f1_test": 0.5294117647058824, "auc_test": 0.4570135746606335}
{"name": "rank_GLTR_threshold", "predictions": {"test": [[0.8671875, 0.109375, 0.0234375, 0.0], [0.7404580152671756, 0.12213740458015267, 0.12213740458015267, 0.015267175572519083], [0.6793893129770993, 0.1984732824427481, 0.08396946564885496, 0.03816793893129771], [0.8818897637795275, 0.07874015748031496, 0.023622047244094488, 0.015748031496062992], [0.7421875, 0.1328125, 0.1015625, 0.0234375], [0.9256756756756757, 0.06756756756756757, 0.006756756756756757, 0.0], [0.8297872340425532, 0.10638297872340426, 0.0425531914893617, 0.02127659574468085], [0.7575757575757576, 0.19696969696969696, 0.030303030303030304, 0.015151515151515152], [0.864, 0.08, 0.04, 0.016], [0.7565217391304347, 0.1565217391304348, 0.043478260869565216, 0.043478260869565216], [0.6632124352331606, 0.18134715025906736, 0.07253886010362694, 0.08290155440414508], [0.9420289855072463, 0.043478260869565216, 0.007246376811594203, 0.007246376811594203], [0.8421052631578947, 0.07017543859649122, 0.07894736842105263, 0.008771929824561403], [0.8633093525179856, 0.10071942446043165, 0.02158273381294964, 0.014388489208633094], [0.8359375, 0.0859375, 0.0390625, 0.0390625], [0.7169811320754716, 0.16037735849056603, 0.07547169811320754, 0.04716981132075472], [0.9047619047619048, 0.07142857142857142, 0.007936507936507936, 0.015873015873015872], [0.6503496503496503, 0.1888111888111888, 0.0979020979020979, 0.06293706293706294], [0.8503937007874016, 0.09448818897637795, 0.03937007874015748, 0.015748031496062992], [0.7684210526315789, 0.15263157894736842, 0.04736842105263158, 0.031578947368421054], [0.860655737704918, 0.09836065573770492, 0.040983606557377046, 0.0], [0.8742138364779874, 0.1069182389937107, 0.018867924528301886, 0.0], [0.7131147540983607, 0.10655737704918032, 0.12295081967213115, 0.05737704918032787], [0.7906976744186046, 0.13178294573643412, 0.05426356589147287, 0.023255813953488372], [0.8785714285714286, 0.08571428571428572, 0.03571428571428571, 0.0], [0.8201058201058201, 0.14285714285714285, 0.021164021164021163, 0.015873015873015872], [0.68, 0.224, 0.072, 0.024], [0.9024390243902439, 0.06504065040650407, 0.024390243902439025, 0.008130081300813009], [0.6287878787878788, 0.17424242424242425, 0.15151515151515152, 0.045454545454545456], [0.6838709677419355, 0.18064516129032257, 0.0967741935483871, 0.03870967741935484]]}, "acc_test": 0.4666666666666667, "precision_test": 0.43478260869565216, "recall_test": 0.7692307692307693, "f1_test": 0.5555555555555555, "auc_test": 0.5565610859728507}
{"name": "perturbation_10_z", "predictions": {"test": [0.4267764583428518, 0.07865895036275457, 1.454659699687137, 0.28573888612864046, 1.4962051186361225, 0.9580372610920994, 1.2302841677344736, 0.6807962337895529, 0.6995989573856513, 0.18850370269673022, 0.1360375395967856, 0.8841321061864581, 0.07932280000253861, 1.0711746102451798, 0.7327769169118206, 0.15124672243291348, 1.7405936038379122, -0.018544703163402742, 0.8674229813986172, 0.3573834336980919, 0.3557602456293846, 1.5767708864151064, 0.0768520457334848, 0.8580716234847255, 1.3738794869659674, 0.36532122756679186, -0.4973282775821247, 2.7540408128858926, -1.084446409550273, -0.4048202894878198]}, "info": {"pct_words_masked": 0.3, "span_length": 2, "n_perturbations": 10}, "general": {"acc_test": 0.5333333333333333, "precision_test": 0.47368421052631576, "recall_test": 0.6923076923076923, "f1_test": 0.5625, "auc_test": 0.574660633484163}}
{"name": "GPT-sentinel", "acc": 0.4666666666666667}
{"name": "roberta-base-openai-detector", "predictions": {"test": [0.958406925201416, 0.33188396692276, 0.0001780026068445295, 0.8666912317276001, 0.2597424387931824, 0.9997960925102234, 0.00029085547430440784, 0.36497101187705994, 0.12431740015745163, 0.789467990398407, 0.013547866605222225, 0.9998181462287903, 0.970905601978302, 0.17132370173931122, 0.9939242005348206, 0.029375432059168816, 0.9998183846473694, 0.00016720571147743613, 0.9977622032165527, 0.21648097038269043, 0.000821827445179224, 0.9938733577728271, 0.002506730379536748, 0.9887058734893799, 0.9996616840362549, 0.9998237490653992, 0.5414075255393982, 0.9997130036354065, 0.0002728800172917545, 0.3419494330883026]}, "logits": {"test": [1.5533981323242188, -0.4110333025455475, -4.684072971343994, 0.8798286318778992, -0.585963785648346, 4.631758213043213, -4.414737224578857, -0.3424489498138428, -1.078352928161621, 0.6180161237716675, -2.273036241531372, 4.682286739349365, 1.764268398284912, -0.875909149646759, 2.6348090171813965, -1.8899128437042236, 4.68033504486084, -4.717746734619141, 3.2004778385162354, -0.7346187829971313, -3.83558988571167, 2.650066614151001, -3.2019457817077637, 2.295609951019287, 4.297765254974365, 4.684406757354736, 0.018898850306868553, 4.394144535064697, -4.445780277252197, -0.3895891606807709]}, "acc_test": 0.5333333333333333, "precision_test": 0.4666666666666667, "recall_test": 0.5384615384615384, "f1_test": 0.5, "auc_test": 0.5339366515837105, "preds": [0.958406925201416, 0.2597424387931824, 0.12431740015745163, 0.789467990398407, 0.9998181462287903, 0.17132370173931122, 0.9939242005348206, 0.029375432059168816, 0.9998183846473694, 0.00016720571147743613, 0.21648097038269043, 0.5414075255393982, 0.9997130036354065]}
{"name": "Hello-SimpleAI/chatgpt-detector-roberta", "predictions": {"test": [0.9991457462310791, 0.9955706000328064, 0.0007535894983448088, 0.9992443323135376, 0.971122682094574, 0.9992375373840332, 0.9991176724433899, 0.8890113234519958, 0.9992423057556152, 0.9992249011993408, 0.9293543696403503, 0.9991633892059326, 0.9991317391395569, 0.999235987663269, 0.9990756511688232, 0.9950166344642639, 0.9985778331756592, 0.019193850457668304, 0.9976153373718262, 0.995937705039978, 0.9980529546737671, 0.9992282390594482, 0.23043453693389893, 0.9992245435714722, 0.9992417097091675, 0.998924195766449, 0.0028985512908548117, 0.9992396831512451, 0.0008345151436515152, 0.0646480917930603]}, "logits": {"test": [3.0966084003448486, 2.4530911445617676, -3.3041985034942627, 3.12455153465271, 1.6510823965072632, 3.123972177505493, 3.086075782775879, 1.0311455726623535, 3.124293565750122, 3.1228888034820557, 1.2462979555130005, 3.1031301021575928, 3.0913679599761963, 3.123926877975464, 3.0703141689300537, 2.404160737991333, 2.9106342792510986, -1.9500765800476074, 2.706275701522827, 2.488884925842285, 2.787410020828247, 3.1234405040740967, -0.7288784384727478, 3.1228182315826416, 3.1242480278015137, 3.016136407852173, -2.7673847675323486, 3.1240265369415283, -3.265432834625244, -1.3915166854858398]}, "acc_test": 0.5, "precision_test": 0.4583333333333333, "recall_test": 0.8461538461538461, "f1_test": 0.5945945945945945, "auc_test": 0.5610859728506787, "preds": [0.9991457462310791, 0.971122682094574, 0.9992423057556152, 0.9992249011993408, 0.9991633892059326, 0.999235987663269, 0.9990756511688232, 0.9950166344642639, 0.9985778331756592, 0.019193850457668304, 0.995937705039978, 0.0028985512908548117, 0.9992396831512451]}
{"name": "distilbert-base-uncased", "predictions": {"test": [0.895468533039093, 0.9750447273254395, 0.6865849494934082, 0.7475692629814148, 0.49738630652427673, 0.9763102531433105, 0.16402941942214966, 0.8236671090126038, 0.9472376704216003, 0.7158117890357971, 0.9910379648208618, 0.17650224268436432, 0.14094623923301697, 0.7191160321235657, 0.8395401835441589, 0.47450852394104004, 0.8905477523803711, 0.9208040833473206, 0.9848690032958984, 0.5136721134185791, 0.8662603497505188, 0.4425739645957947, 0.9951061010360718, 0.9852677583694458, 0.6936361193656921, 0.5297785997390747, 0.8259366154670715, 0.8771871328353882, 0.9167145490646362, 0.3799394369125366]}, "logits": {"test": [1.1704778671264648, 1.99326753616333, 0.4666515588760376, 0.6430294513702393, 0.07677961885929108, 1.9929227828979492, -0.7718197107315063, 0.9061022996902466, 1.5591379404067993, 0.5191337466239929, 2.5001227855682373, -0.7352901101112366, -0.8589325547218323, 0.5316967368125916, 0.9500821232795715, 0.005301599856466055, 1.1606781482696533, 1.3126028776168823, 2.2147469520568848, 0.05386807397007942, 1.0799590349197388, -0.08220500499010086, 2.8732123374938965, 2.2044332027435303, 0.5101681351661682, 0.07919583469629288, 0.8661255836486816, 1.0949293375015259, 1.3580646514892578, -0.2136634886264801]}, "acc_test": 0.4666666666666667, "precision_test": 0.43478260869565216, "recall_test": 0.7692307692307693, "f1_test": 0.5555555555555555, "auc_test": 0.4434389140271493, "preds": [0.895468533039093, 0.49738630652427673, 0.9472376704216003, 0.7158117890357971, 0.17650224268436432, 0.7191160321235657, 0.8395401835441589, 0.47450852394104004, 0.8905477523803711, 0.9208040833473206, 0.5136721134185791, 0.8259366154670715, 0.8771871328353882]}
{"name": "Radar", "total_logits": [[[3.199965000152588, -3.6068332195281982]], [[1.472791314125061, -1.9223356246948242]], [[0.25663870573043823, -0.8660538196563721]], [[2.561116933822632, -2.717958450317383]], [[2.1361770629882812, -2.4811534881591797]], [[0.854556143283844, -1.3944932222366333]], [[3.0011355876922607, -3.4467320442199707]], [[1.5705629587173462, -1.7503238916397095]], [[2.9089858531951904, -3.282611846923828]], [[0.6621792912483215, -0.7844238877296448]], [[-0.5686179995536804, 0.12017975002527237]], [[3.4206666946411133, -3.576352119445801]], [[2.6278882026672363, -2.9411468505859375]], [[2.4725639820098877, -2.720806837081909]], [[2.589358329772949, -2.719482421875]], [[-0.20742110908031464, -0.18534137308597565]], [[1.469913125038147, -1.9997608661651611]], [[1.7913867235183716, -2.3973872661590576]], [[3.401069402694702, -3.352850914001465]], [[0.005395730026066303, -0.44885972142219543]], [[2.242577314376831, -2.490227222442627]], [[2.0702531337738037, -2.4320080280303955]], [[2.856064796447754, -3.115342855453491]], [[1.787644863128662, -2.0032577514648438]], [[1.1936577558517456, -1.6773267984390259]], [[-0.1398182362318039, -0.14901261031627655]], [[1.4581633806228638, -1.7780956029891968]], [[3.6835618019104004, -3.583871841430664]], [[-2.354281425476074, 2.208644390106201]], [[1.4001480340957642, -1.7307584285736084]]], "acc": 0.4666666666666667, "Notice": "LABEL_0 stands for MGT and LABEL_1 stands for HWT."}
