{"name": "likelihood_threshold", "predictions": {"test": [-3.720104694366455, -3.0061707496643066, -3.017782211303711, -5.139111518859863, -3.0989766120910645, -3.340991497039795, -3.857006072998047, -4.082169532775879, -4.428359031677246, -2.9275991916656494, -4.165372371673584, -2.720985174179077, -2.9435160160064697, -3.095501661300659, -3.381640672683716, -3.5289828777313232, -3.8914284706115723, -2.8449795246124268, -3.789759874343872, -3.746946096420288, -4.142273426055908, -3.676225185394287, -4.321315765380859, -2.837026834487915, -3.826960325241089, -3.8602583408355713, -2.7744812965393066, -3.819706678390503, -4.188225746154785, -4.502969741821289]}, "acc_test": 0.6333333333333333, "precision_test": 0.6, "recall_test": 0.46153846153846156, "f1_test": 0.5217391304347826, "auc_test": 0.7104072398190046}
{"name": "rank_threshold", "predictions": {"test": [-141.3314971923828, -97.33547973632812, -28.293785095214844, -635.7255859375, -66.84276580810547, -134.1241912841797, -537.9395751953125, -241.49342346191406, -583.5079956054688, -136.54087829589844, -232.76023864746094, -159.13043212890625, -147.67721557617188, -102.375, -80.22463989257812, -247.2121124267578, -195.04519653320312, -90.8299331665039, -277.5, -212.7176513671875, -545.3707885742188, -365.5500183105469, -511.43792724609375, -44.797386169433594, -231.76649475097656, -559.4556274414062, -90.89677429199219, -345.0449523925781, -349.3509826660156, -337.4691467285156]}, "acc_test": 0.6666666666666666, "precision_test": 0.6153846153846154, "recall_test": 0.6153846153846154, "f1_test": 0.6153846153846154, "auc_test": 0.6923076923076923}
{"name": "log_rank_threshold", "predictions": {"test": [-2.100883722305298, -1.5571589469909668, -1.4972513914108276, -3.1435623168945312, -1.645962119102478, -1.726657509803772, -2.115147829055786, -2.2725424766540527, -2.6887881755828857, -1.572511911392212, -2.3191370964050293, -1.4073426723480225, -1.556084394454956, -1.681999683380127, -1.814774751663208, -2.0107133388519287, -2.2770190238952637, -1.382354736328125, -2.0960657596588135, -2.134636878967285, -2.437145709991455, -2.060192108154297, -2.4363975524902344, -1.4308878183364868, -2.1989595890045166, -2.236224889755249, -1.4836868047714233, -2.1352055072784424, -2.425342559814453, -2.6324222087860107]}, "acc_test": 0.6, "precision_test": 0.5555555555555556, "recall_test": 0.38461538461538464, "f1_test": 0.4545454545454546, "auc_test": 0.6696832579185521}
{"name": "entropy_threshold", "predictions": {"test": [3.875239849090576, 3.3875226974487305, 3.4190211296081543, 4.939816951751709, 3.3231101036071777, 3.3219499588012695, 4.2015061378479, 4.057856559753418, 4.127717971801758, 3.0602543354034424, 4.269256591796875, 2.8534247875213623, 3.31546688079834, 3.1566002368927, 3.808204174041748, 3.544825553894043, 3.755932569503784, 3.281886339187622, 3.615762710571289, 4.051818370819092, 4.524822235107422, 3.6174545288085938, 4.247025489807129, 3.2668466567993164, 3.876586437225342, 4.248202800750732, 3.0088798999786377, 3.6359667778015137, 4.025211334228516, 4.563106536865234]}, "acc_test": 0.6, "precision_test": 0.5454545454545454, "recall_test": 0.46153846153846156, "f1_test": 0.4999999999999999, "auc_test": 0.746606334841629}
{"name": "rank_GLTR_threshold", "predictions": {"test": [[0.6353591160220995, 0.16574585635359115, 0.1712707182320442, 0.027624309392265192], [0.7096774193548387, 0.18064516129032257, 0.08387096774193549, 0.025806451612903226], [0.751412429378531, 0.1864406779661017, 0.062146892655367235, 0.0], [0.4695121951219512, 0.21951219512195122, 0.18292682926829268, 0.12804878048780488], [0.7044025157232704, 0.2138364779874214, 0.06918238993710692, 0.012578616352201259], [0.6862745098039216, 0.19607843137254902, 0.08496732026143791, 0.032679738562091505], [0.6868131868131868, 0.14285714285714285, 0.07692307692307693, 0.09340659340659341], [0.5921052631578947, 0.21052631578947367, 0.13815789473684212, 0.05921052631578947], [0.5634920634920635, 0.20634920634920634, 0.0873015873015873, 0.14285714285714285], [0.7484276729559748, 0.1509433962264151, 0.07547169811320754, 0.025157232704402517], [0.5906432748538012, 0.22807017543859648, 0.1286549707602339, 0.05263157894736842], [0.7717391304347826, 0.1358695652173913, 0.059782608695652176, 0.03260869565217391], [0.7088607594936709, 0.18354430379746836, 0.0759493670886076, 0.03164556962025317], [0.6847826086956522, 0.18478260869565216, 0.10869565217391304, 0.021739130434782608], [0.6884057971014492, 0.21014492753623187, 0.07246376811594203, 0.028985507246376812], [0.6727272727272727, 0.1393939393939394, 0.15151515151515152, 0.03636363636363636], [0.5875706214689266, 0.2033898305084746, 0.15254237288135594, 0.05649717514124294], [0.7687074829931972, 0.14285714285714285, 0.06802721088435375, 0.02040816326530612], [0.6379310344827587, 0.20689655172413793, 0.09770114942528736, 0.05747126436781609], [0.6470588235294118, 0.14705882352941177, 0.15294117647058825, 0.052941176470588235], [0.5955056179775281, 0.19662921348314608, 0.10674157303370786, 0.10112359550561797], [0.65625, 0.19375, 0.08125, 0.06875], [0.5686274509803921, 0.2679738562091503, 0.10457516339869281, 0.058823529411764705], [0.7712418300653595, 0.16339869281045752, 0.05228758169934641, 0.013071895424836602], [0.649746192893401, 0.12690355329949238, 0.16751269035532995, 0.05583756345177665], [0.6449704142011834, 0.14201183431952663, 0.15384615384615385, 0.05917159763313609], [0.7354838709677419, 0.18064516129032257, 0.07096774193548387, 0.012903225806451613], [0.651685393258427, 0.15730337078651685, 0.12921348314606743, 0.06179775280898876], [0.6026490066225165, 0.16556291390728478, 0.15894039735099338, 0.0728476821192053], [0.5185185185185185, 0.25925925925925924, 0.14814814814814814, 0.07407407407407407]]}, "acc_test": 0.6333333333333333, "precision_test": 0.6666666666666666, "recall_test": 0.3076923076923077, "f1_test": 0.42105263157894735, "auc_test": 0.6696832579185521}
{"name": "perturbation_10_z", "predictions": {"test": [0.6058172152412485, 1.1924382752196954, 0.44066278982458146, -1.2608909226270673, 0.006216847233847416, 0.1177114264770325, -0.44752648785582105, -0.4628610865089502, -0.8154852416831883, 0.2010799479083481, -1.4984567262713564, 0.6762133502370589, 1.3700594421284615, 0.6148118824493402, 1.0461816662975374, 0.544079350509802, -0.08229141573620946, 0.5164008779615028, 0.16324147361795455, -0.6510177853180813, -0.3083710411822069, 0.4161016444000048, -0.23589858197450447, 1.4588916054021654, -0.1541886401981002, -0.1723529268888923, 0.23563085616016854, -0.040932191268143285, -0.3215689091972871, -0.6531571523625469]}, "info": {"pct_words_masked": 0.3, "span_length": 2, "n_perturbations": 10}, "general": {"acc_test": 0.6, "precision_test": 0.5454545454545454, "recall_test": 0.46153846153846156, "f1_test": 0.4999999999999999, "auc_test": 0.6470588235294118}}
{"name": "GPT-sentinel", "acc": 0.6333333333333333}
{"name": "roberta-base-openai-detector", "predictions": {"test": [0.0001839005999499932, 0.00017626195040065795, 0.00017076592484954745, 0.9922508597373962, 0.0010953315068036318, 0.026018371805548668, 0.0002921700943261385, 0.0008378353086300194, 0.01430567167699337, 0.000215962587390095, 0.004472238011658192, 0.0002742140495683998, 0.009387560188770294, 0.0002451641485095024, 0.0019567860290408134, 0.0004878869222011417, 0.0015375161310657859, 0.0007951534353196621, 0.0055607701651751995, 0.0001957422646228224, 0.00016897614113986492, 0.00016936907195486128, 0.061604585498571396, 0.507087767124176, 0.0009041543235071003, 0.00039645915967412293, 0.0003823398146778345, 0.00017728710372466594, 0.0002673658018466085, 0.00022599373187404126]}, "logits": {"test": [-4.6590986251831055, -4.687906265258789, -4.705142498016357, 2.518718719482422, -3.6604528427124023, -1.9483014345169067, -4.4024810791015625, -3.8140947818756104, -2.284043788909912, -4.575160503387451, -2.8788461685180664, -4.43675422668457, -2.501375913619995, -4.50244665145874, -3.361429214477539, -4.111793041229248, -3.4973104000091553, -3.8486335277557373, -2.778963804244995, -4.6209716796875, -4.71262788772583, -4.709966659545898, -1.4502005577087402, -0.04439806565642357, -3.751893997192383, -4.214741230010986, -4.263338565826416, -4.681703567504883, -4.445418834686279, -4.545456886291504]}, "acc_test": 0.5, "precision_test": 0.0, "recall_test": 0.0, "f1_test": 0.0, "auc_test": 0.4208144796380091, "preds": [0.0001839005999499932, 0.0010953315068036318, 0.01430567167699337, 0.000215962587390095, 0.0002742140495683998, 0.0002451641485095024, 0.0019567860290408134, 0.0004878869222011417, 0.0015375161310657859, 0.0007951534353196621, 0.0001957422646228224, 0.0003823398146778345, 0.00017728710372466594]}
{"name": "Hello-SimpleAI/chatgpt-detector-roberta", "predictions": {"test": [0.0008960902341641486, 0.006634535267949104, 0.00048063474241644144, 0.0003246428386773914, 0.015576984733343124, 0.8642202019691467, 0.023102011531591415, 0.009066661819815636, 0.00032186461612582207, 0.0004106676497031003, 0.00048135253018699586, 0.13914941251277924, 0.017998451367020607, 0.17591887712478638, 0.024282271042466164, 0.00182835734449327, 0.0007144911796785891, 0.2882455289363861, 0.00395871140062809, 0.0032510864548385143, 0.0004440676420927048, 0.001958155771717429, 0.00030954746762290597, 0.08943367749452591, 0.011951944790780544, 0.000748730730265379, 0.9252475500106812, 0.00042494232184253633, 0.0004238188557792455, 0.00031553467852063477]}, "logits": {"test": [-3.238158702850342, -2.416639804840088, -3.4697372913360596, -3.6027603149414062, -2.0431466102600098, 0.9312838315963745, -1.8668254613876343, -2.281287908554077, -3.6055078506469727, -3.524660110473633, -3.4692091941833496, -1.0108073949813843, -1.9787949323654175, -0.8845854997634888, -1.8443567752838135, -2.956448793411255, -3.3242881298065186, -0.5886362195014954, -2.6368603706359863, -2.7195470333099365, -3.4976038932800293, -2.928623914718628, -3.617851972579956, -1.2345796823501587, -2.1602659225463867, -3.3066389560699463, 1.219940423965454, -3.512897253036499, -3.5138139724731445, -3.6118218898773193]}, "acc_test": 0.5666666666666667, "precision_test": 0.5, "recall_test": 0.07692307692307693, "f1_test": 0.13333333333333336, "auc_test": 0.6063348416289593, "preds": [0.0008960902341641486, 0.015576984733343124, 0.00032186461612582207, 0.0004106676497031003, 0.13914941251277924, 0.17591887712478638, 0.024282271042466164, 0.00182835734449327, 0.0007144911796785891, 0.2882455289363861, 0.0032510864548385143, 0.9252475500106812, 0.00042494232184253633]}
{"name": "distilbert-base-uncased", "predictions": {"test": [0.9949020147323608, 0.02435336634516716, 0.00037631861050613225, 0.0013901394559070468, 0.9953774213790894, 0.9936078786849976, 0.9878475666046143, 0.00044560074456967413, 0.9861590266227722, 0.9984458088874817, 0.12328413873910904, 0.9931449890136719, 0.3141433596611023, 0.9983643889427185, 0.9986708164215088, 0.9910581111907959, 0.9977477192878723, 0.9983856678009033, 0.8502629995346069, 0.9572234749794006, 0.9972761273384094, 0.004906725138425827, 0.00047812017146497965, 0.8486899137496948, 0.9982888102531433, 0.9811887145042419, 0.9158257842063904, 0.9963885545730591, 0.0007511305739171803, 0.001701482106000185]}, "logits": {"test": [2.8384222984313965, -1.8787952661514282, -4.041561603546143, -3.329143524169922, 2.8701834678649902, 2.762225866317749, 2.3545925617218018, -3.9113824367523193, 2.281061887741089, 3.510817050933838, -0.9101602435112, 2.7054595947265625, -0.34481313824653625, 3.445601463317871, 3.5501625537872314, 2.5295867919921875, 3.3193607330322266, 3.5038676261901855, 0.9963129162788391, 1.7559107542037964, 3.210078239440918, -2.6896088123321533, -3.906571865081787, 0.9378527998924255, 3.43975830078125, 2.125283718109131, 1.3049293756484985, 3.107029914855957, -3.588876724243164, -3.235642671585083]}, "acc_test": 0.7666666666666667, "precision_test": 0.65, "recall_test": 1.0, "f1_test": 0.787878787878788, "auc_test": 0.8778280542986425, "preds": [0.9949020147323608, 0.9953774213790894, 0.9861590266227722, 0.9984458088874817, 0.9931449890136719, 0.9983643889427185, 0.9986708164215088, 0.9910581111907959, 0.9977477192878723, 0.9983856678009033, 0.9572234749794006, 0.9158257842063904, 0.9963885545730591]}
{"name": "Radar", "total_logits": [[[-2.5387966632843018, 2.3527727127075195]], [[-0.5560100078582764, 0.12245907634496689]], [[-1.6981263160705566, 1.3664124011993408]], [[-1.0304831266403198, 0.3974970877170563]], [[-0.8003345131874084, 0.43846455216407776]], [[-0.3079138994216919, -0.1875290870666504]], [[-2.124830722808838, 1.912366509437561]], [[-1.4349911212921143, 1.0937721729278564]], [[-0.7974945306777954, 0.4256160259246826]], [[-0.8880953788757324, 0.7222061157226562]], [[-0.15900252759456635, -0.37681305408477783]], [[-0.6374967694282532, 0.5041918754577637]], [[-1.6924422979354858, 1.5843555927276611]], [[0.22704586386680603, -0.6166493892669678]], [[-1.5162773132324219, 1.149107575416565]], [[-1.8069032430648804, 1.6334893703460693]], [[-0.9672701954841614, 0.8064377307891846]], [[-0.6319715976715088, 0.40310245752334595]], [[-2.394277811050415, 2.3325161933898926]], [[-0.9913501739501953, 0.8279656767845154]], [[-0.14903603494167328, -0.7068340182304382]], [[-1.204946517944336, 0.6297665238380432]], [[2.535907030105591, -2.783994436264038]], [[-0.12787573039531708, -0.1957680881023407]], [[-2.717525005340576, 2.488168716430664]], [[-0.008478018455207348, -0.22338692843914032]], [[0.762231707572937, -1.1971415281295776]], [[-0.5145244598388672, 0.2069362848997116]], [[-1.131369948387146, 0.9092381596565247]], [[0.053363654762506485, -0.5347082018852234]]], "acc": 0.43333333333333335, "Notice": "LABEL_0 stands for MGT and LABEL_1 stands for HWT."}
