{"name": "likelihood_threshold", "predictions": {"test": [-2.11303448677063, -2.9408345222473145, -3.601775884628296, -2.926666498184204, -3.022137403488159, -1.7277051210403442, -2.678428888320923, -3.0221450328826904, -2.1504952907562256, -3.009824275970459, -3.6816928386688232, -1.680576205253601, -2.286710262298584, -2.2531845569610596, -2.6381566524505615, -3.1535792350769043, -2.3226945400238037, -3.6540067195892334, -2.634209394454956, -3.0808205604553223, -2.6159796714782715, -2.590388536453247, -3.718687057495117, -2.596257448196411, -2.3805723190307617, -2.8063905239105225, -3.315427303314209, -2.2080564498901367, -4.037028789520264, -3.818610668182373]}, "acc_test": 0.5333333333333333, "precision_test": 0.4782608695652174, "recall_test": 0.8461538461538461, "f1_test": 0.6111111111111112, "auc_test": 0.6199095022624435}
{"name": "rank_threshold", "predictions": {"test": [-12.34375, -67.25190734863281, -201.0, -91.45263671875, -109.265625, -9.728571891784668, -212.89361572265625, -151.35482788085938, -59.98400115966797, -103.29564666748047, -375.6582946777344, -195.05796813964844, -40.98245620727539, -82.9136734008789, -108.125, -96.96226501464844, -160.90476989746094, -471.1748046875, -42.606300354003906, -91.86842346191406, -140.88429260253906, -200.11940002441406, -355.5163879394531, -83.40740966796875, -20.483606338500977, -83.0, -85.10400390625, -23.902437210083008, -392.8211364746094, -559.3071899414062]}, "acc_test": 0.6, "precision_test": 0.5238095238095238, "recall_test": 0.8461538461538461, "f1_test": 0.6470588235294118, "auc_test": 0.5701357466063349}
{"name": "log_rank_threshold", "predictions": {"test": [-0.8347820043563843, -1.5239633321762085, -1.9206058979034424, -1.3950532674789429, -1.569379448890686, -0.7153588533401489, -1.324512243270874, -1.4429465532302856, -0.9499558806419373, -1.4594426155090332, -2.0645952224731445, -0.6490651965141296, -1.0960693359375, -0.9971421360969543, -1.239349365234375, -1.656481385231018, -1.0479940176010132, -2.082206964492798, -1.2559658288955688, -1.5046236515045166, -1.2891894578933716, -1.2410836219787598, -2.048166275024414, -1.266774296760559, -1.1769464015960693, -1.2561912536621094, -1.75788414478302, -0.9244547486305237, -2.2401368618011475, -2.0137434005737305]}, "acc_test": 0.5333333333333333, "precision_test": 0.4782608695652174, "recall_test": 0.8461538461538461, "f1_test": 0.6111111111111112, "auc_test": 0.6289592760180995}
{"name": "entropy_threshold", "predictions": {"test": [2.9576926231384277, 3.3882358074188232, 3.707958698272705, 2.9560439586639404, 3.6618053913116455, 2.5843942165374756, 3.0674736499786377, 3.3010666370391846, 2.903942108154297, 3.2356321811676025, 4.106515407562256, 2.822838544845581, 3.0688908100128174, 3.2212419509887695, 3.7338032722473145, 3.6601946353912354, 3.0560519695281982, 4.226161479949951, 3.597538948059082, 3.190506935119629, 2.9481873512268066, 2.867122173309326, 4.07102108001709, 3.2114312648773193, 3.0383617877960205, 2.9952123165130615, 3.387704849243164, 3.3658363819122314, 4.1252288818359375, 4.198358535766602]}, "acc_test": 0.5, "precision_test": 0.45, "recall_test": 0.6923076923076923, "f1_test": 0.5454545454545455, "auc_test": 0.4886877828054299}
{"name": "rank_GLTR_threshold", "predictions": {"test": [[0.8671875, 0.109375, 0.0234375, 0.0], [0.7404580152671756, 0.12213740458015267, 0.12213740458015267, 0.015267175572519083], [0.6717557251908397, 0.1984732824427481, 0.0916030534351145, 0.03816793893129771], [0.7789473684210526, 0.14736842105263157, 0.05263157894736842, 0.021052631578947368], [0.7421875, 0.1328125, 0.1015625, 0.0234375], [0.9, 0.07857142857142857, 0.02142857142857143, 0.0], [0.8191489361702128, 0.11702127659574468, 0.031914893617021274, 0.031914893617021274], [0.7419354838709677, 0.20967741935483872, 0.04032258064516129, 0.008064516129032258], [0.864, 0.08, 0.04, 0.016], [0.7565217391304347, 0.1565217391304348, 0.043478260869565216, 0.043478260869565216], [0.6482412060301508, 0.19597989949748743, 0.08542713567839195, 0.07035175879396985], [0.9420289855072463, 0.043478260869565216, 0.007246376811594203, 0.007246376811594203], [0.8421052631578947, 0.07017543859649122, 0.07894736842105263, 0.008771929824561403], [0.8633093525179856, 0.10071942446043165, 0.02158273381294964, 0.014388489208633094], [0.8359375, 0.0859375, 0.0390625, 0.0390625], [0.7169811320754716, 0.16037735849056603, 0.07547169811320754, 0.04716981132075472], [0.9047619047619048, 0.07142857142857142, 0.007936507936507936, 0.015873015873015872], [0.6503496503496503, 0.1888111888111888, 0.0979020979020979, 0.06293706293706294], [0.8031496062992126, 0.13385826771653545, 0.047244094488188976, 0.015748031496062992], [0.7684210526315789, 0.15263157894736842, 0.04736842105263158, 0.031578947368421054], [0.7933884297520661, 0.14049586776859505, 0.049586776859504134, 0.01652892561983471], [0.8059701492537313, 0.1417910447761194, 0.03731343283582089, 0.014925373134328358], [0.6885245901639344, 0.13114754098360656, 0.11475409836065574, 0.06557377049180328], [0.8, 0.13333333333333333, 0.044444444444444446, 0.022222222222222223], [0.8032786885245902, 0.1557377049180328, 0.040983606557377046, 0.0], [0.8066298342541437, 0.16022099447513813, 0.022099447513812154, 0.011049723756906077], [0.68, 0.224, 0.072, 0.024], [0.9024390243902439, 0.06504065040650407, 0.024390243902439025, 0.008130081300813009], [0.6341463414634146, 0.17886178861788618, 0.14634146341463414, 0.04065040650406504], [0.6666666666666666, 0.21568627450980393, 0.08496732026143791, 0.032679738562091505]]}, "acc_test": 0.5, "precision_test": 0.45454545454545453, "recall_test": 0.7692307692307693, "f1_test": 0.5714285714285714, "auc_test": 0.6561085972850679}
{"name": "perturbation_10_z", "predictions": {"test": [0.4267764583428518, 0.07865895036275457, 0.9583209001978524, -0.41827211906154343, 0.6203578835731992, 0.9842294696898922, 0.9091170142713612, 0.5515385979284695, 1.1929892860334799, 0.09104164702362008, 0.4110923711108869, 0.4421580057661008, 0.3210237433503046, 0.677548607035753, 0.3118305009230581, -0.40811136895358796, 0.9915031240669718, 0.024454960914228004, 0.6038141021375943, 0.49078033366967866, -0.3345634793035297, 0.6237433064818264, -0.3232412698553875, 1.8675615857007337, 1.1659176346838815, 0.6764783417381425, -0.33660294360780924, 0.47528616418354525, -0.1696263897491229, -0.19736589253077613]}, "info": {"pct_words_masked": 0.3, "span_length": 2, "n_perturbations": 10}, "general": {"acc_test": 0.5, "precision_test": 0.4444444444444444, "recall_test": 0.6153846153846154, "f1_test": 0.5161290322580646, "auc_test": 0.47058823529411764}}
{"name": "GPT-sentinel", "acc": 0.4666666666666667}
{"name": "roberta-base-openai-detector", "predictions": {"test": [0.9584071636199951, 0.33188825845718384, 0.00021123462647665292, 0.3974120616912842, 0.25974297523498535, 0.9998047947883606, 0.0005979135166853666, 0.6641989350318909, 0.12431730329990387, 0.7894671559333801, 0.0013213860802352428, 0.9998181462287903, 0.9709058403968811, 0.17132455110549927, 0.993924081325531, 0.029375439509749413, 0.9998183846473694, 0.00016720571147743613, 0.9838526248931885, 0.21648097038269043, 0.0001928662386490032, 0.0003948548110201955, 0.0015746091958135366, 0.9950868487358093, 0.9001424908638, 0.9998218417167664, 0.5414075255393982, 0.9997130036354065, 0.0024899467825889587, 0.0017858833307400346]}, "logits": {"test": [1.5534014701843262, -0.4110233187675476, -4.585622787475586, -0.2749654948711395, -0.5859623551368713, 4.6508402824401855, -4.0182623863220215, 0.2864959239959717, -1.0783532857894897, 0.6180137991905212, -3.543980836868286, 4.682286739349365, 1.7642720937728882, -0.8759059906005859, 2.634803295135498, -1.889912724494934, 4.68033504486084, -4.717746734619141, 2.0853731632232666, -0.7346187829971313, -4.643685817718506, -4.231000900268555, -3.450521945953369, 2.76531720161438, 1.059981107711792, 4.677065849304199, 0.018898850306868553, 4.394144535064697, -3.229795217514038, -3.3976848125457764]}, "acc_test": 0.5666666666666667, "precision_test": 0.5, "recall_test": 0.5384615384615384, "f1_test": 0.5185185185185186, "auc_test": 0.6063348416289593, "preds": [0.9584071636199951, 0.25974297523498535, 0.12431730329990387, 0.7894671559333801, 0.9998181462287903, 0.17132455110549927, 0.993924081325531, 0.029375439509749413, 0.9998183846473694, 0.00016720571147743613, 0.21648097038269043, 0.5414075255393982, 0.9997130036354065]}
{"name": "Hello-SimpleAI/chatgpt-detector-roberta", "predictions": {"test": [0.9991457462310791, 0.9955706000328064, 0.001065436634235084, 0.9992390871047974, 0.971122682094574, 0.9991846680641174, 0.9989950060844421, 0.9986724853515625, 0.9992423057556152, 0.9992249011993408, 0.8392212390899658, 0.9991633892059326, 0.9991317391395569, 0.999235987663269, 0.9990756511688232, 0.9950166344642639, 0.9985778331756592, 0.019193850457668304, 0.9923477172851562, 0.995937705039978, 0.9956747889518738, 0.9980826377868652, 0.0054425932466983795, 0.9992344379425049, 0.999226450920105, 0.9980545043945312, 0.0028985512908548117, 0.9992396831512451, 0.004509129095822573, 0.1623428463935852]}, "logits": {"test": [3.0966084003448486, 2.453092098236084, -3.1711578369140625, 3.1239683628082275, 1.6510828733444214, 3.110819101333618, 3.0408334732055664, 2.9371321201324463, 3.1242940425872803, 3.1228888034820557, 0.8445922136306763, 3.1031301021575928, 3.0913684368133545, 3.123926877975464, 3.0703141689300537, 2.4041616916656494, 2.9106342792510986, -1.9500765800476074, 2.2243006229400635, 2.488884925842285, 2.462956428527832, 2.793518543243408, -2.501650094985962, 3.123932123184204, 3.1231727600097656, 2.7877421379089355, -2.7673847675323486, 3.1240265369415283, -2.5817911624908447, -0.9285956621170044]}, "acc_test": 0.5, "precision_test": 0.4583333333333333, "recall_test": 0.8461538461538461, "f1_test": 0.5945945945945945, "auc_test": 0.6108597285067873, "preds": [0.9991457462310791, 0.971122682094574, 0.9992423057556152, 0.9992249011993408, 0.9991633892059326, 0.999235987663269, 0.9990756511688232, 0.9950166344642639, 0.9985778331756592, 0.019193850457668304, 0.995937705039978, 0.0028985512908548117, 0.9992396831512451]}
{"name": "distilbert-base-uncased", "predictions": {"test": [0.895468533039093, 0.9750447273254395, 0.6783092617988586, 0.7171791791915894, 0.49738630652427673, 0.9836904406547546, 0.157213494181633, 0.8149755597114563, 0.9472376704216003, 0.7158117890357971, 0.990957498550415, 0.17650224268436432, 0.14094623923301697, 0.7191160321235657, 0.8395401835441589, 0.47450852394104004, 0.8905477523803711, 0.9208040833473206, 0.9822001457214355, 0.5136721134185791, 0.8719484806060791, 0.5399659276008606, 0.9948074221611023, 0.9858928322792053, 0.5832682251930237, 0.7005069255828857, 0.8259366154670715, 0.8771871328353882, 0.8356032967567444, 0.29635241627693176]}, "logits": {"test": [1.1704778671264648, 1.99326753616333, 0.45104655623435974, 0.5427007675170898, 0.07677961885929108, 2.192629814147949, -0.7983887791633606, 0.8697426915168762, 1.5591379404067993, 0.5191337466239929, 2.5108938217163086, -0.7352901101112366, -0.8589325547218323, 0.5316967368125916, 0.9500821232795715, 0.005301599856466055, 1.1606781482696533, 1.3126028776168823, 2.1368789672851562, 0.05386807397007942, 1.0912420749664307, 0.13104963302612305, 2.873490571975708, 2.223742961883545, 0.2644195258617401, 0.4838150143623352, 0.8661255836486816, 1.0949293375015259, 0.9666299223899841, -0.3912995159626007]}, "acc_test": 0.43333333333333335, "precision_test": 0.4166666666666667, "recall_test": 0.7692307692307693, "f1_test": 0.5405405405405406, "auc_test": 0.4524886877828054, "preds": [0.895468533039093, 0.49738630652427673, 0.9472376704216003, 0.7158117890357971, 0.17650224268436432, 0.7191160321235657, 0.8395401835441589, 0.47450852394104004, 0.8905477523803711, 0.9208040833473206, 0.5136721134185791, 0.8259366154670715, 0.8771871328353882]}
{"name": "Radar", "total_logits": [[[3.199965000152588, -3.6068332195281982]], [[1.472791314125061, -1.9223356246948242]], [[0.5304840803146362, -1.0939189195632935]], [[2.2956435680389404, -2.398042917251587]], [[2.1361770629882812, -2.4811534881591797]], [[0.8235275745391846, -1.3662009239196777]], [[2.9534811973571777, -3.347264528274536]], [[1.8279945850372314, -1.9153543710708618]], [[2.9089858531951904, -3.282611846923828]], [[0.6621792912483215, -0.7844238877296448]], [[0.012882706709206104, -0.5555862188339233]], [[3.4206666946411133, -3.576352119445801]], [[2.6278882026672363, -2.9411468505859375]], [[2.4725639820098877, -2.720806837081909]], [[2.589358329772949, -2.719482421875]], [[-0.20742110908031464, -0.18534137308597565]], [[1.469913125038147, -1.9997608661651611]], [[1.7913867235183716, -2.3973872661590576]], [[3.3015401363372803, -3.258626699447632]], [[0.005395730026066303, -0.44885972142219543]], [[2.241715908050537, -2.4398956298828125]], [[2.319746255874634, -2.5769429206848145]], [[1.8975163698196411, -2.156203031539917]], [[0.1655178964138031, -0.5337138175964355]], [[0.9944643974304199, -1.5624923706054688]], [[-0.2804160714149475, 0.02625228650867939]], [[1.4581633806228638, -1.7780956029891968]], [[3.6835618019104004, -3.583871841430664]], [[-2.285505771636963, 2.0322279930114746]], [[1.5381684303283691, -1.9244225025177002]]], "acc": 0.4666666666666667, "Notice": "LABEL_0 stands for MGT and LABEL_1 stands for HWT."}
