{"name": "likelihood_threshold", "predictions": {"test": [-3.6123433113098145, -3.0061707496643066, -3.017782211303711, -5.139111518859863, -2.999291181564331, -3.340991497039795, -3.857006072998047, -4.082169532775879, -4.033827304840088, -2.547532558441162, -4.165372371673584, -2.2301130294799805, -2.9435160160064697, -3.3971855640411377, -3.550703525543213, -3.276165246963501, -4.216270923614502, -2.9734106063842773, -3.789759874343872, -3.5467162132263184, -4.142273426055908, -3.676225185394287, -4.321315765380859, -2.837026834487915, -3.826960325241089, -3.8602583408355713, -2.9326391220092773, -3.5177230834960938, -4.188225746154785, -4.502969741821289]}, "acc_test": 0.6, "precision_test": 0.5555555555555556, "recall_test": 0.38461538461538464, "f1_test": 0.4545454545454546, "auc_test": 0.7375565610859729}
{"name": "rank_threshold", "predictions": {"test": [-117.0888900756836, -97.33547973632812, -28.293785095214844, -635.7255859375, -93.7897720336914, -134.1241912841797, -537.9395751953125, -241.49342346191406, -438.7632751464844, -96.6603775024414, -232.76023864746094, -102.23076629638672, -147.67721557617188, -275.370361328125, -58.125, -167.9150390625, -230.0, -46.1705436706543, -277.5, -159.42567443847656, -545.3707885742188, -365.5500183105469, -511.43792724609375, -44.797386169433594, -231.76649475097656, -559.4556274414062, -74.21126556396484, -132.47647094726562, -349.3509826660156, -337.4691467285156]}, "acc_test": 0.7, "precision_test": 0.6428571428571429, "recall_test": 0.6923076923076923, "f1_test": 0.6666666666666666, "auc_test": 0.755656108597285}
{"name": "log_rank_threshold", "predictions": {"test": [-2.031275749206543, -1.5571589469909668, -1.4972513914108276, -3.1435623168945312, -1.6106237173080444, -1.726657509803772, -2.115147829055786, -2.2725424766540527, -2.383347272872925, -1.2696977853775024, -2.3191370964050293, -1.1483551263809204, -1.556084394454956, -1.8354514837265015, -1.986154317855835, -1.7696058750152588, -2.4377949237823486, -1.4764808416366577, -2.0960657596588135, -1.983263611793518, -2.437145709991455, -2.060192108154297, -2.4363975524902344, -1.4308878183364868, -2.1989595890045166, -2.236224889755249, -1.5659890174865723, -1.9222592115402222, -2.425342559814453, -2.6324222087860107]}, "acc_test": 0.6, "precision_test": 0.5555555555555556, "recall_test": 0.38461538461538464, "f1_test": 0.4545454545454546, "auc_test": 0.7013574660633485}
{"name": "entropy_threshold", "predictions": {"test": [3.653733968734741, 3.3875226974487305, 3.4190211296081543, 4.939816951751709, 3.171090602874756, 3.3219499588012695, 4.2015061378479, 4.057856559753418, 4.117760181427002, 2.9081172943115234, 4.269256591796875, 2.584695339202881, 3.31546688079834, 3.3368022441864014, 3.7488670349121094, 3.5280513763427734, 4.049199104309082, 3.355694532394409, 3.615762710571289, 3.709629535675049, 4.524822235107422, 3.6174545288085938, 4.247025489807129, 3.2668466567993164, 3.876586437225342, 4.248202800750732, 3.1865391731262207, 3.616550922393799, 4.025211334228516, 4.563106536865234]}, "acc_test": 0.6, "precision_test": 0.5454545454545454, "recall_test": 0.46153846153846156, "f1_test": 0.4999999999999999, "auc_test": 0.7420814479638009}
{"name": "rank_GLTR_threshold", "predictions": {"test": [[0.6555555555555556, 0.16666666666666666, 0.14444444444444443, 0.03333333333333333], [0.7096774193548387, 0.18064516129032257, 0.08387096774193549, 0.025806451612903226], [0.751412429378531, 0.1864406779661017, 0.062146892655367235, 0.0], [0.4695121951219512, 0.21951219512195122, 0.18292682926829268, 0.12804878048780488], [0.7159090909090909, 0.18181818181818182, 0.07954545454545454, 0.022727272727272728], [0.6862745098039216, 0.19607843137254902, 0.08496732026143791, 0.032679738562091505], [0.6868131868131868, 0.14285714285714285, 0.07692307692307693, 0.09340659340659341], [0.5921052631578947, 0.21052631578947367, 0.13815789473684212, 0.05921052631578947], [0.5893719806763285, 0.18357487922705315, 0.13526570048309178, 0.09178743961352658], [0.8050314465408805, 0.1320754716981132, 0.050314465408805034, 0.012578616352201259], [0.5906432748538012, 0.22807017543859648, 0.1286549707602339, 0.05263157894736842], [0.8111888111888111, 0.11188811188811189, 0.06293706293706294, 0.013986013986013986], [0.7088607594936709, 0.18354430379746836, 0.0759493670886076, 0.03164556962025317], [0.6666666666666666, 0.17901234567901234, 0.10493827160493827, 0.04938271604938271], [0.640625, 0.234375, 0.125, 0.0], [0.7124183006535948, 0.1437908496732026, 0.09803921568627451, 0.0457516339869281], [0.5802469135802469, 0.19753086419753085, 0.16049382716049382, 0.06172839506172839], [0.751937984496124, 0.17054263565891473, 0.06201550387596899, 0.015503875968992248], [0.6379310344827587, 0.20689655172413793, 0.09770114942528736, 0.05747126436781609], [0.6621621621621622, 0.1554054054054054, 0.12837837837837837, 0.05405405405405406], [0.5955056179775281, 0.19662921348314608, 0.10674157303370786, 0.10112359550561797], [0.65625, 0.19375, 0.08125, 0.06875], [0.5686274509803921, 0.2679738562091503, 0.10457516339869281, 0.058823529411764705], [0.7712418300653595, 0.16339869281045752, 0.05228758169934641, 0.013071895424836602], [0.649746192893401, 0.12690355329949238, 0.16751269035532995, 0.05583756345177665], [0.6449704142011834, 0.14201183431952663, 0.15384615384615385, 0.05917159763313609], [0.7183098591549296, 0.1619718309859155, 0.09154929577464789, 0.028169014084507043], [0.6823529411764706, 0.17647058823529413, 0.11176470588235295, 0.029411764705882353], [0.6026490066225165, 0.16556291390728478, 0.15894039735099338, 0.0728476821192053], [0.5185185185185185, 0.25925925925925924, 0.14814814814814814, 0.07407407407407407]]}, "acc_test": 0.6, "precision_test": 0.6, "recall_test": 0.23076923076923078, "f1_test": 0.33333333333333337, "auc_test": 0.6968325791855204}
{"name": "perturbation_10_z", "predictions": {"test": [0.7086683346315952, 0.640414911805688, 0.6835629981357076, -1.3860040807582945, 0.21288697477448842, -0.03504834191408953, -0.03735438146234511, -0.655005199153598, 0.10364022921682901, 1.222294944437544, -1.0792735724740725, 1.8426519899378038, 0.8889711335820771, 0.5638304590386849, 0.34690067622347487, 1.0136288543733112, -0.04340406462679227, 0.4698377588461279, -0.4594775587241453, -0.18272212706147414, -0.5621106524770348, 0.04072508195704708, -1.009024910800546, 1.2630004280412874, 0.549212247523767, -0.3810926083820435, 0.1139333744934872, -0.2127983299667408, -0.6302210283268802, -0.7886326625823088]}, "info": {"pct_words_masked": 0.3, "span_length": 2, "n_perturbations": 10}, "general": {"acc_test": 0.6, "precision_test": 0.5454545454545454, "recall_test": 0.46153846153846156, "f1_test": 0.4999999999999999, "auc_test": 0.7420814479638009}}
{"name": "GPT-sentinel", "acc": 0.7}
{"name": "roberta-base-openai-detector", "predictions": {"test": [0.00016859036986716092, 0.00017626195040065795, 0.00017076592484954745, 0.9922508597373962, 0.00019822089234367013, 0.026018371805548668, 0.0002921700943261385, 0.0008378353086300194, 0.0002929943730123341, 0.00224097678437829, 0.004472238011658192, 0.0007950389990583062, 0.009387560188770294, 0.0006067614303901792, 0.00479046581313014, 0.0019897690508514643, 0.001874491572380066, 0.006590745411813259, 0.0055607701651751995, 0.0001748435024637729, 0.00016897614113986492, 0.00016936907195486128, 0.061604585498571396, 0.507087767124176, 0.0009041543235071003, 0.00039645915967412293, 0.0003747516602743417, 0.00016946584219112992, 0.0002673658018466085, 0.00022599373187404126]}, "logits": {"test": [-4.711036205291748, -4.687906265258789, -4.705142498016357, 2.518718719482422, -4.617313861846924, -1.9483014345169067, -4.4024810791015625, -3.8140947818756104, -4.398226737976074, -3.289318799972534, -2.8788461685180664, -3.8519227504730225, -2.501375913619995, -3.994443893432617, -2.880054473876953, -3.3396191596984863, -3.370950937271118, -2.699979066848755, -2.778963804244995, -4.691277027130127, -4.71262788772583, -4.709966659545898, -1.4502005577087402, -0.04439806565642357, -3.751893997192383, -4.214741230010986, -4.270473957061768, -4.706164360046387, -4.445418834686279, -4.545456886291504]}, "acc_test": 0.5, "precision_test": 0.0, "recall_test": 0.0, "f1_test": 0.0, "auc_test": 0.41628959276018096, "preds": [0.00016859036986716092, 0.00019822089234367013, 0.0002929943730123341, 0.00224097678437829, 0.0007950389990583062, 0.0006067614303901792, 0.00479046581313014, 0.0019897690508514643, 0.001874491572380066, 0.006590745411813259, 0.0001748435024637729, 0.0003747516602743417, 0.00016946584219112992]}
{"name": "Hello-SimpleAI/chatgpt-detector-roberta", "predictions": {"test": [0.022958526387810707, 0.006634535267949104, 0.00048063474241644144, 0.0003246428386773914, 0.0005472067277878523, 0.8642202019691467, 0.023102011531591415, 0.009066661819815636, 0.0028284434229135513, 0.0007362576434388757, 0.00048135253018699586, 0.998512327671051, 0.017998451367020607, 0.07616874575614929, 0.011314768344163895, 0.0059844693168997765, 0.0019526128889992833, 0.12798665463924408, 0.00395871140062809, 0.005687039345502853, 0.0004440676420927048, 0.001958155771717429, 0.00030954746762290597, 0.08943367749452591, 0.011951944790780544, 0.000748730730265379, 0.9936925172805786, 0.005940754432231188, 0.0004238188557792455, 0.00031553467852063477]}, "logits": {"test": [-1.8696316480636597, -2.416639804840088, -3.4697372913360596, -3.6027603149414062, -3.423085927963257, 0.9312838315963745, -1.8668254613876343, -2.281287908554077, -2.777545213699341, -3.312988519668579, -3.4692091941833496, 2.8932206630706787, -1.9787949323654175, -1.3128045797348022, -2.1843559741973877, -2.460991621017456, -2.9297735691070557, -1.054336428642273, -2.6368603706359863, -2.482846975326538, -3.4976038932800293, -2.928623914718628, -3.617851972579956, -1.2345796823501587, -2.1602659225463867, -3.3066389560699463, 2.3056726455688477, -2.464137315750122, -3.5138139724731445, -3.6118218898773193]}, "acc_test": 0.6, "precision_test": 0.6666666666666666, "recall_test": 0.15384615384615385, "f1_test": 0.25, "auc_test": 0.6877828054298643, "preds": [0.022958526387810707, 0.0005472067277878523, 0.0028284434229135513, 0.0007362576434388757, 0.998512327671051, 0.07616874575614929, 0.011314768344163895, 0.0059844693168997765, 0.0019526128889992833, 0.12798665463924408, 0.005687039345502853, 0.9936925172805786, 0.005940754432231188]}
{"name": "distilbert-base-uncased", "predictions": {"test": [0.9974379539489746, 0.02435336634516716, 0.00037631861050613225, 0.0013901394559070468, 0.9984390139579773, 0.9936078786849976, 0.9878475666046143, 0.00044560074456967413, 0.9986935257911682, 0.9979686141014099, 0.12328413873910904, 0.983871579170227, 0.3141433596611023, 0.9985207915306091, 0.9984039664268494, 0.9933722019195557, 0.9979988932609558, 0.9984714388847351, 0.8502629995346069, 0.8782858848571777, 0.9972761273384094, 0.004906725138425827, 0.00047812017146497965, 0.8486899137496948, 0.9982888102531433, 0.9811887145042419, 0.9856622815132141, 0.9975284934043884, 0.0007511305739171803, 0.001701482106000185]}, "logits": {"test": [3.2506675720214844, -1.8787952661514282, -4.041561603546143, -3.329143524169922, 3.4954514503479004, 2.762225866317749, 2.3545925617218018, -3.9113824367523193, 3.6023550033569336, 3.364893674850464, -0.9101602435112, 2.1896004676818848, -0.34481313824653625, 3.4714858531951904, 3.403742551803589, 2.6732988357543945, 3.3067686557769775, 3.556894540786743, 0.9963129162788391, 1.1067402362823486, 3.210078239440918, -2.6896088123321533, -3.906571865081787, 0.9378527998924255, 3.43975830078125, 2.125283718109131, 2.2628579139709473, 3.3146913051605225, -3.588876724243164, -3.235642671585083]}, "acc_test": 0.7666666666666667, "precision_test": 0.65, "recall_test": 1.0, "f1_test": 0.787878787878788, "auc_test": 0.9095022624434388, "preds": [0.9974379539489746, 0.9984390139579773, 0.9986935257911682, 0.9979686141014099, 0.983871579170227, 0.9985207915306091, 0.9984039664268494, 0.9933722019195557, 0.9979988932609558, 0.9984714388847351, 0.8782858848571777, 0.9856622815132141, 0.9975284934043884]}
{"name": "Radar", "total_logits": [[[-2.2138683795928955, 2.024514675140381]], [[-0.5560100078582764, 0.12245907634496689]], [[-1.6981263160705566, 1.3664124011993408]], [[-1.0304831266403198, 0.3974970877170563]], [[-0.10938022285699844, -0.3405332565307617]], [[-0.3079138994216919, -0.1875290870666504]], [[-2.124830722808838, 1.912366509437561]], [[-1.4349911212921143, 1.0937721729278564]], [[-0.8621228933334351, 0.5867295861244202]], [[-0.4045774042606354, 0.0979819968342781]], [[-0.15900252759456635, -0.37681305408477783]], [[0.41732257604599, -0.6801949143409729]], [[-1.6924422979354858, 1.5843555927276611]], [[1.6122010946273804, -2.005183696746826]], [[0.17061346769332886, -0.48312729597091675]], [[-2.0155811309814453, 1.8376367092132568]], [[-0.32153424620628357, 0.022651592269539833]], [[1.5718588829040527, -1.6150294542312622]], [[-2.394277811050415, 2.3325161933898926]], [[-0.6534027457237244, 0.3594978153705597]], [[-0.14903603494167328, -0.7068340182304382]], [[-1.204946517944336, 0.6297665238380432]], [[2.535907030105591, -2.783994436264038]], [[-0.12787573039531708, -0.1957680881023407]], [[-2.717525005340576, 2.488168716430664]], [[-0.008478018455207348, -0.22338692843914032]], [[1.1434372663497925, -1.4356919527053833]], [[-0.27954885363578796, -0.05783070996403694]], [[-1.131369948387146, 0.9092381596565247]], [[0.053363654762506485, -0.5347082018852234]]], "acc": 0.5666666666666667, "Notice": "LABEL_0 stands for MGT and LABEL_1 stands for HWT."}
